id,Arrival,Start,Completion,No_of_expansion,No_of_shrinkage,Wait_time,Turn_around_time,Exe_time
5029.0,0.97,0.97,86.3670947785242,2.0,1.0,0.0,85.3970947785242,85.3970947785242
5098.0,137.74,137.74,227.74,0.0,0.0,0.0,90.0,90.0
5034.0,2.91,2.91,299.97533939581905,1.0,0.0,0.0,297.065339395819,297.065339395819
5096.0,2.91,2.91,303.2245464418729,1.0,0.0,0.0,300.3145464418729,300.3145464418729
5057.0,2.91,2.91,304.0512812881926,1.0,0.0,0.0,301.1412812881926,301.1412812881926
5074.0,2.91,2.91,310.1164034271043,1.0,0.0,0.0,307.20640342710425,307.20640342710425
5090.0,2.91,2.91,312.06345111722436,1.0,0.0,0.0,309.15345111722434,309.15345111722434
5091.0,2.91,2.91,313.2266623741004,1.0,0.0,0.0,310.31666237410036,310.31666237410036
5038.0,2.91,2.91,313.89986190952953,1.0,0.0,0.0,310.9898619095295,310.9898619095295
5097.0,2.91,2.91,315.072119089896,1.0,0.0,0.0,312.16211908989595,312.16211908989595
5064.0,2.91,2.91,319.8457651050586,1.0,0.0,0.0,316.9357651050586,316.9357651050586
5066.0,2.91,2.91,320.96581958614627,1.0,0.0,0.0,318.05581958614624,318.05581958614624
5052.0,2.91,2.91,323.2033960947001,1.0,0.0,0.0,320.2933960947001,320.2933960947001
5086.0,2.91,2.91,323.9896457479741,2.0,0.0,0.0,321.0796457479741,321.0796457479741
5087.0,2.91,2.91,325.04229274827287,1.0,0.0,0.0,322.13229274827285,322.13229274827285
5041.0,2.91,2.91,327.2532621767754,1.0,0.0,0.0,324.3432621767754,324.3432621767754
5070.0,2.91,2.91,327.38893715183485,1.0,0.0,0.0,324.4789371518348,324.4789371518348
5053.0,2.91,2.91,328.1276622181583,1.0,0.0,0.0,325.2176622181583,325.2176622181583
5036.0,2.91,2.91,328.31524313076807,1.0,0.0,0.0,325.40524313076804,325.40524313076804
5035.0,2.91,2.91,329.3263489701232,1.0,0.0,0.0,326.4163489701232,326.4163489701232
5095.0,2.91,2.91,332.5400212951198,1.0,0.0,0.0,329.6300212951198,329.6300212951198
5060.0,2.91,2.91,333.3128418044354,1.0,0.0,0.0,330.40284180443535,330.40284180443535
5037.0,2.91,2.91,335.3067607536239,1.0,0.0,0.0,332.3967607536239,332.3967607536239
5048.0,2.91,2.91,336.57098416787943,1.0,0.0,0.0,333.6609841678794,333.6609841678794
5089.0,2.91,2.91,336.9650259911115,1.0,0.0,0.0,334.05502599111145,334.05502599111145
5071.0,2.91,2.91,338.65976922250155,1.0,0.0,0.0,335.7497692225015,335.7497692225015
5039.0,2.91,2.91,339.65251764698746,1.0,0.0,0.0,336.74251764698744,336.74251764698744
5030.0,2.91,2.91,342.44198044017634,1.0,0.0,0.0,339.5319804401763,339.5319804401763
5082.0,2.91,2.91,343.1637891076857,3.0,0.0,0.0,340.2537891076857,340.2537891076857
5044.0,2.91,2.91,343.8468528185955,1.0,0.0,0.0,340.93685281859547,340.93685281859547
5065.0,2.91,2.91,345.01830636754374,1.0,0.0,0.0,342.1083063675437,342.1083063675437
5033.0,2.91,2.91,345.12223060959474,1.0,0.0,0.0,342.2122306095947,342.2122306095947
5047.0,2.91,2.91,346.21222847593424,3.0,0.0,0.0,343.3022284759342,343.3022284759342
5058.0,2.91,2.91,351.132914902166,1.0,0.0,0.0,348.222914902166,348.222914902166
5055.0,2.91,2.91,351.6698668717368,1.0,0.0,0.0,348.7598668717368,348.7598668717368
5078.0,2.91,2.91,353.56131908976175,1.0,0.0,0.0,350.6513190897617,350.6513190897617
5050.0,2.91,2.91,353.7123242494321,1.0,0.0,0.0,350.80232424943205,350.80232424943205
5056.0,2.91,2.91,354.8386981555033,1.0,0.0,0.0,351.9286981555033,351.9286981555033
5083.0,2.91,2.91,357.70000038165506,2.0,0.0,0.0,354.79000038165503,354.79000038165503
5080.0,2.91,2.91,377.200693629557,2.0,0.0,0.0,374.290693629557,374.290693629557
5054.0,2.91,2.91,379.96154892077817,3.0,0.0,0.0,377.05154892077815,377.05154892077815
5084.0,2.91,2.91,381.00310174804923,3.0,0.0,0.0,378.0931017480492,378.0931017480492
5076.0,2.91,2.91,382.5287622979677,2.0,0.0,0.0,379.6187622979677,379.6187622979677
5043.0,2.91,2.91,383.90362648045186,1.0,0.0,0.0,380.99362648045184,380.99362648045184
5072.0,2.91,2.91,391.76249285789095,2.0,0.0,0.0,388.8524928578909,388.8524928578909
5092.0,2.91,2.91,391.99937826193195,3.0,0.0,0.0,389.0893782619319,389.0893782619319
5093.0,2.91,2.91,392.7570543125192,2.0,0.0,0.0,389.84705431251916,389.84705431251916
5067.0,2.91,2.91,403.3287280049624,3.0,0.0,0.0,400.41872800496236,400.41872800496236
5042.0,2.91,2.91,407.5190455132313,1.0,0.0,0.0,404.60904551323125,404.60904551323125
5032.0,2.91,2.91,421.09883309974464,2.0,0.0,0.0,418.1888330997446,418.1888330997446
5028.0,0.0,0.0,435.8861754214893,1.0,0.0,0.0,435.8861754214893,435.8861754214893
5068.0,2.91,2.91,441.3396789836568,2.0,0.0,0.0,438.4296789836568,438.4296789836568
5061.0,2.91,2.91,444.9495354682368,2.0,0.0,0.0,442.03953546823675,442.03953546823675
5081.0,2.91,2.91,444.9995947353535,2.0,1.0,0.0,442.0895947353535,442.0895947353535
5062.0,2.91,2.91,445.7383416772793,1.0,0.0,0.0,442.8283416772793,442.8283416772793
5045.0,2.91,2.91,446.5125620837758,1.0,0.0,0.0,443.60256208377575,443.60256208377575
5085.0,2.91,2.91,449.6840713538604,1.0,0.0,0.0,446.7740713538604,446.7740713538604
5040.0,2.91,2.91,453.63750073573516,1.0,0.0,0.0,450.72750073573513,450.72750073573513
5073.0,2.91,2.91,464.45133338490916,1.0,0.0,0.0,461.54133338490914,461.54133338490914
5063.0,2.91,2.91,471.27303384752105,1.0,0.0,0.0,468.363033847521,468.363033847521
5075.0,2.91,2.91,474.26618820047264,1.0,0.0,0.0,471.3561882004726,471.3561882004726
5046.0,2.91,2.91,523.1106363577903,1.0,1.0,0.0,520.2006363577904,520.2006363577904
5051.0,2.91,2.91,541.6488369617672,1.0,1.0,0.0,538.7388369617672,538.7388369617672
5059.0,2.91,2.91,552.0564611088201,1.0,1.0,0.0,549.1464611088202,549.1464611088202
5031.0,2.91,2.91,602.91,0.0,0.0,0.0,600.0,600.0
5049.0,2.91,2.91,602.91,0.0,0.0,0.0,600.0,600.0
5069.0,2.91,2.91,602.91,0.0,0.0,0.0,600.0,600.0
5077.0,2.91,2.91,602.91,0.0,0.0,0.0,600.0,600.0
5079.0,2.91,2.91,602.91,0.0,0.0,0.0,600.0,600.0
5088.0,2.91,2.91,602.91,0.0,0.0,0.0,600.0,600.0
5094.0,2.91,2.91,602.91,0.0,0.0,0.0,600.0,600.0
5099.0,1547.15,1547.15,1596.15,0.0,0.0,0.0,49.0,49.0
5100.0,8504.96,8504.96,8563.96,0.0,0.0,0.0,59.0,59.0
5101.0,10301.4,10301.4,14164.567757977642,2.0,0.0,0.0,3863.1677579776424,3863.1677579776424
5105.0,16703.399999999998,16703.399999999998,16752.64337271308,1.0,0.0,0.0,49.243372713081044,49.243372713081044
5106.0,16743.17,16743.17,16802.17,0.0,0.0,0.0,59.0,59.0
5107.0,16854.72,16854.72,16892.352916400097,1.0,0.0,0.0,37.63291640009629,37.63291640009629
5108.0,16870.239999999998,16870.239999999998,16917.239999999998,0.0,0.0,0.0,47.0,47.0
5109.0,16939.11,16939.11,16984.496010316354,1.0,0.0,0.0,45.38601031635335,45.38601031635335
5110.0,17007.01,17007.01,17043.915514419507,3.0,0.0,0.0,36.90551441950811,36.90551441950811
5111.0,17012.829999999998,17012.829999999998,17059.829999999998,0.0,0.0,0.0,47.0,47.0
5112.0,17227.2,17227.2,17285.2,0.0,0.0,0.0,58.0,58.0
5113.0,17331.96,17331.96,17417.616205481816,2.0,1.0,0.0,85.65620548181687,85.65620548181687
5114.0,17500.739999999998,17500.739999999998,17635.739999999998,0.0,0.0,0.0,135.0,135.0
5115.0,17694.739999999998,17694.739999999998,17830.739999999998,0.0,0.0,0.0,136.0,136.0
5116.0,18251.52,18251.52,18405.99953227163,1.0,1.0,0.0,154.4795322716309,154.4795322716309
5117.0,20463.12,20463.12,21039.819130708125,1.0,0.0,0.0,576.6991307081262,576.6991307081262
5118.0,21034.45,21034.45,21179.75897266929,3.0,0.0,0.0,145.30897266928878,145.30897266928878
5119.0,21333.21,21333.21,21495.21,0.0,0.0,0.0,162.0,162.0
5120.0,21545.64,21545.64,21700.53271751331,1.0,0.0,0.0,154.89271751331034,154.89271751331034
5121.0,21683.38,21683.38,21728.84617484344,2.0,1.0,0.0,45.46617484343733,45.46617484343733
5102.0,11122.02,11122.02,35598.13340021461,1.0,0.0,0.0,24476.11340021461,24476.11340021461
5103.0,16523.95,16523.95,47187.80028221834,1.0,0.0,0.0,30663.85028221834,30663.85028221834
5123.0,49887.1,49887.1,50170.1,0.0,0.0,0.0,283.0,283.0
5124.0,50306.14,50306.14,50584.14,0.0,0.0,0.0,278.0,278.0
5125.0,51823.22,51823.22,55423.22,0.0,0.0,0.0,3600.0,3600.0
5126.0,55564.51,55564.51,56877.70478538585,1.0,0.0,0.0,1313.194785385851,1313.194785385851
5128.0,57532.64,57532.64,57579.64,0.0,0.0,0.0,47.0,47.0
5129.0,57757.68,57757.68,58095.68,0.0,0.0,0.0,338.0,338.0
5130.0,58128.22,58128.22,58280.22,0.0,0.0,0.0,152.0,152.0
5104.0,16544.32,16544.32,61980.4703085203,1.0,0.0,0.0,45436.1503085203,45436.1503085203
5135.0,63696.02,63696.02,63800.02,0.0,0.0,0.0,104.0,104.0
5136.0,63860.92,63860.92,63953.92,0.0,0.0,0.0,93.0,93.0
5137.0,64068.5,64068.5,64203.5,0.0,0.0,0.0,135.0,135.0
5138.0,64206.24,64206.24,64711.38741717955,3.0,0.0,0.0,505.14741717954894,505.14741717954894
5139.0,64383.75,64383.75,64880.95301150853,0.0,1.0,0.0,497.203011508529,497.203011508529
5140.0,65341.14,65341.14,65454.63956082467,1.0,0.0,0.0,113.49956082466815,113.49956082466815
5141.0,65440.08,65440.08,65564.10732704996,1.0,0.0,0.0,124.02732704996015,124.02732704996015
5142.0,65503.13,65503.13,68306.04547762533,2.0,0.0,0.0,2802.9154776253345,2802.9154776253345
5146.0,68375.3,68375.3,68417.4291230727,1.0,0.0,0.0,42.12912307269289,42.12912307269289
5145.0,68375.3,68375.3,68417.52089413792,1.0,0.0,0.0,42.22089413792128,42.22089413792128
5144.0,68375.3,68375.3,68420.3937678039,1.0,0.0,0.0,45.09376780388993,45.09376780388993
5147.0,68375.3,68375.3,68454.23008125856,1.0,1.0,0.0,78.93008125855704,78.93008125855704
5149.0,68376.27,68376.27,68462.27,0.0,0.0,0.0,86.0,86.0
5150.0,68376.27,68376.27,68462.27,0.0,0.0,0.0,86.0,86.0
5151.0,68376.27,68376.27,68462.27,0.0,0.0,0.0,86.0,86.0
5148.0,68376.27,68376.27,68465.27632492618,2.0,1.0,0.0,89.00632492617297,89.00632492617297
5158.0,68552.81,68552.81,68644.81,0.0,0.0,0.0,92.0,92.0
5157.0,68552.81,68552.81,68680.25706209954,3.0,0.0,0.0,127.44706209954165,127.44706209954165
5152.0,68551.84,68551.84,69008.83369950879,2.0,0.0,0.0,456.9936995087919,456.9936995087919
5165.0,68934.99,68935.2213663458,69101.66282527825,0.0,2.0,0.00139007641049189,166.67282527824864,166.44145893245877
5167.0,68935.95999999999,69008.83369950879,69158.36949019051,0.0,1.0,0.487332826319176,222.40949019051914,149.53579068172257
5159.0,68552.81,68552.81,69172.04331435933,2.0,1.0,0.0,619.2333143593278,619.2333143593278
5153.0,68551.84,68551.84,69352.1903271064,0.0,1.0,0.0,800.3503271063964,800.3503271063964
5168.0,69323.95999999999,69323.95999999999,69373.00846941279,3.0,0.0,0.0,49.048469412795384,49.048469412795384
5164.0,68934.99,68935.04713273022,69483.45781243125,3.0,0.0,0.00010417873380580727,548.4678124312486,548.4106797010318
5162.0,68934.99,68934.99,69698.45567639337,2.0,0.0,0.0,763.4656763933599,763.4656763933599
5166.0,68934.99,68935.43171650649,69698.59115815007,1.0,4.0,0.000578799766310016,763.6011581500643,763.1594416435837
5160.0,68934.02,68934.02,69969.58200753774,2.0,0.0,0.0,1035.5620075377374,1035.5620075377374
5155.0,68551.84,68551.84,69996.89565717231,1.0,1.0,0.0,1445.0556571723137,1445.0556571723137
5163.0,68934.99,68934.99,70150.66223274697,0.0,1.0,0.0,1215.6722327469615,1215.6722327469615
5143.0,65600.13,65600.13,70399.99805929358,3.0,0.0,0.0,4799.868059293571,4799.868059293571
5154.0,68551.84,68551.84,70780.10477795395,1.0,2.0,0.0,2228.2647779539548,2228.2647779539548
5169.0,70878.87,70878.87,70928.91823538163,1.0,0.0,0.0,50.048235381633276,50.048235381633276
5170.0,70982.66,70982.66,71029.66,0.0,0.0,0.0,47.0,47.0
5161.0,68934.02,68934.02,71044.79342381048,1.0,1.0,0.0,2110.773423810475,2110.773423810475
5171.0,71155.31999999999,71155.31999999999,71200.31999999999,0.0,0.0,0.0,45.0,45.0
5156.0,68551.84,68551.84,71462.5130174283,2.0,2.0,0.0,2910.6730174283,2910.6730174283
5172.0,71629.65,71629.65,71668.64939530123,1.0,0.0,0.0,38.999395301230834,38.999395301230834
5173.0,71646.14,71646.14,71791.19610213164,3.0,0.0,0.0,145.0561021316389,145.0561021316389
5174.0,71883.79,71883.79,71987.79,0.0,0.0,0.0,104.0,104.0
5176.0,72798.5,72798.5,72956.39593510905,2.0,0.0,0.0,157.89593510904524,157.89593510904524
5178.0,73105.99,73105.99,73518.95677923468,1.0,0.0,0.0,412.9667792346736,412.9667792346736
5177.0,72806.26,72806.26,73579.92251046357,1.0,0.0,0.0,773.662510463575,773.662510463575
5179.0,73461.98,73461.98,73612.43434155811,3.0,0.0,0.0,150.4543415581138,150.4543415581138
5180.0,73717.09,73717.09,73829.32931641772,2.0,0.0,0.0,112.23931641771924,112.23931641771924
5181.0,73850.95,73850.95,73958.3879906605,3.0,0.0,0.0,107.43799066050269,107.43799066050269
5182.0,73950.86,73950.86,74524.51049948252,3.0,0.0,0.0,573.6504994825227,573.6504994825227
5183.0,74208.88,74208.88,74786.4234921702,1.0,1.0,0.0,577.5434921701963,577.5434921701963
5191.0,75540.69,75540.69,75891.24937910674,2.0,1.0,0.0,350.55937910673674,350.55937910673674
5193.0,76159.55,76159.55,76287.73892687596,0.0,1.0,0.0,128.18892687595508,128.18892687595508
5184.0,74255.44,74255.44,76454.30376792034,2.0,1.0,0.0,2198.8637679203384,2198.8637679203384
5194.0,76810.42,76810.42,77245.13440756846,1.0,0.0,0.0,434.7144075684628,434.7144075684628
5195.0,77205.20999999999,77205.20999999999,77301.02353252268,1.0,0.0,0.0,95.81353252269037,95.81353252269037
5196.0,77311.91,77311.91,77367.91,0.0,0.0,0.0,56.0,56.0
5197.0,77413.76,77413.76,77461.10259895308,3.0,0.0,0.0,47.342598953080596,47.342598953080596
5198.0,77541.8,77541.8,77676.8,0.0,0.0,0.0,135.0,135.0
5199.0,77802.73,77802.73,77850.13679602713,2.0,0.0,0.0,47.40679602713499,47.40679602713499
5200.0,77893.91,77893.91,77971.91,0.0,0.0,0.0,78.0,78.0
5192.0,75737.59999999999,75737.59999999999,78097.97261568533,1.0,0.0,0.0,2360.372615685337,2360.372615685337
5201.0,78364.36,78364.36,78484.92547122746,1.0,2.0,0.0,120.56547122745542,120.56547122745542
5202.0,78637.9,78637.9,78732.16646655549,1.0,0.0,0.0,94.2664665554912,94.2664665554912
5203.0,78689.31,78689.31,78757.56600993789,1.0,2.0,0.0,68.25600993788976,68.25600993788976
5204.0,78906.59,78906.59,78981.198578539,1.0,0.0,0.0,74.60857853900234,74.60857853900234
5205.0,78998.73999999999,78998.73999999999,79216.4414677278,1.0,0.0,0.0,217.70146772780572,217.70146772780572
5206.0,79144.23999999999,79144.23999999999,79299.46367456246,0.0,1.0,0.0,155.22367456246866,155.22367456246866
5207.0,80665.2,80665.2,80759.00701671894,1.0,0.0,0.0,93.80701671894349,93.80701671894349
5208.0,80872.78,80872.78,80982.0416062765,2.0,0.0,0.0,109.26160627650097,109.26160627650097
5209.0,81778.76,81778.76,81943.76,0.0,0.0,0.0,165.0,165.0
5210.0,82146.39,82146.39,82215.39,0.0,0.0,0.0,69.0,69.0
5211.0,82354.94,82354.94,82417.94,0.0,0.0,0.0,63.0,63.0
5212.0,82609.08,82609.08,82699.08,0.0,0.0,0.0,90.0,90.0
5214.0,82733.23999999999,82733.23999999999,82812.23999999999,0.0,0.0,0.0,79.0,79.0
5215.0,83162.95,83162.95,83209.83506326974,1.0,0.0,0.0,46.885063269743114,46.885063269743114
5175.0,72394.98,72394.98,84089.33483904717,1.0,0.0,0.0,11694.35483904717,11694.35483904717
5216.0,87197.18,87197.18,87293.74574635242,1.0,0.0,0.0,96.56574635242578,96.56574635242578
5217.0,87305.81999999999,87305.81999999999,87590.59214306623,1.0,0.0,0.0,284.772143066235,284.772143066235
5218.0,87562.87,87562.87,87863.87,0.0,0.0,0.0,301.0,301.0
5219.0,87990.64,87990.64,88189.49197974039,1.0,0.0,0.0,198.851979740386,198.851979740386
5220.0,88167.18,88167.18,88298.4934463139,1.0,0.0,0.0,131.31344631391403,131.31344631391403
5221.0,88250.59999999998,88250.59999999998,88390.62852491476,1.0,0.0,0.0,140.02852491478552,140.02852491478552
5222.0,88330.14,88330.14,88467.14,0.0,0.0,0.0,137.0,137.0
5223.0,88603.68,88603.68,88744.22401191076,3.0,0.0,0.0,140.54401191076613,140.54401191076613
5224.0,88619.2,88619.2,88760.49613917891,1.0,0.0,0.0,141.29613917891402,141.29613917891402
5225.0,88745.3,88745.3,88956.94375386368,1.0,0.0,0.0,211.64375386368192,211.64375386368192
5226.0,88916.02,88916.02,89148.67763670514,1.0,0.0,0.0,232.65763670513115,232.65763670513115
5227.0,89052.79,89052.79,89318.90272173773,2.0,0.0,0.0,266.11272173773614,266.11272173773614
5228.0,89302.08,89318.90272173773,89836.96313950169,1.0,0.0,0.032472509307577994,534.8831395016896,518.0604177639616
5230.0,89816.18,89816.18,89970.9824550555,1.0,1.0,0.0,154.80245505551284,154.80245505551284
5229.0,89750.22,89750.22,90051.27087749157,2.0,0.0,0.0,301.0508774915652,301.0508774915652
5231.0,90289.54,90289.54,90426.66825009038,3.0,0.0,0.0,137.1282500903908,137.1282500903908
5232.0,90517.49,90517.49,90698.17904453276,2.0,0.0,0.0,180.689044532759,180.689044532759
5233.0,91172.24,91172.24,91319.24,0.0,0.0,0.0,147.0,147.0
5235.0,92702.9,92702.9,92753.24839734047,1.0,0.0,0.0,50.348397340480005,50.348397340480005
5236.0,92926.0,92926.0,92961.57174600425,3.0,0.0,0.0,35.5717460042506,35.5717460042506
5237.0,93263.56,93263.56,93328.66876338188,1.0,0.0,0.0,65.10876338188245,65.10876338188245
5238.0,93318.85,93318.85,93372.28433544036,1.0,1.0,0.0,53.43433544035361,53.43433544035361
5239.0,93405.18,93405.18,93460.01984941488,1.0,1.0,0.0,54.839849414885975,54.839849414885975
5240.0,93527.4,93527.4,93596.39822871749,2.0,0.0,0.0,68.99822871749348,68.99822871749348
5241.0,93614.7,93614.7,93863.95596801056,1.0,0.0,0.0,249.25596801056236,249.25596801056236
5242.0,93839.74,93839.74,94143.87316366266,2.0,1.0,0.0,304.13316366265644,304.13316366265644
5243.0,94492.55,94492.55,94693.14880093923,1.0,0.0,0.0,200.5988009392313,200.5988009392313
5244.0,94671.03,94671.03,94721.03,0.0,0.0,0.0,50.0,50.0
5245.0,94749.6,94749.6,94786.218221353,3.0,0.0,0.0,36.61822135299735,36.61822135299735
5246.0,95003.74,95003.74,95324.74,0.0,0.0,0.0,321.0,321.0
5247.0,98637.36,98637.36,98731.36,0.0,0.0,0.0,94.0,94.0
5250.0,98858.52,98858.52,99039.51533883953,1.0,0.0,0.0,180.99533883952245,180.99533883952245
5253.0,99045.73,99045.73,99424.10003539431,3.0,0.0,0.0,378.37003539431316,378.37003539431316
5122.0,25543.98,25543.98,103118.62798229643,5.0,6.0,0.0,77574.64798229643,77574.64798229643
5132.0,58675.3,58675.3,121995.89575508695,1.0,0.0,0.0,63320.59575508695,63320.59575508695
5234.0,92000.62,92000.62,130455.77173585407,1.0,0.0,0.0,38455.15173585407,38455.15173585407
5248.0,98837.18,98837.18,136027.69494441812,2.0,0.0,0.0,37190.51494441813,37190.51494441813
5249.0,98852.7,98852.7,141890.34767576985,2.0,1.0,0.0,43037.647675769855,43037.647675769855
5189.0,75254.54,75254.54,144996.18522114118,2.0,1.0,0.0,69741.64522114118,69741.64522114118
5252.0,98862.4,98862.4,145574.62652663665,1.0,1.0,0.0,46712.22652663666,46712.22652663666
5185.0,74786.03,74786.03,149608.532736928,2.0,1.0,0.0,74822.502736928,74822.502736928
5255.0,149732.11,149732.11,149839.47964233067,1.0,1.0,0.0,107.36964233068284,107.36964233068284
5131.0,58427.95,58427.95,153090.4475033084,3.0,0.0,0.0,94662.49750330839,94662.49750330839
5257.0,152061.08,152061.08,153243.60250174694,3.0,0.0,0.0,1182.5225017469493,1182.5225017469493
5186.0,74915.04,74915.04,156492.01251405125,2.0,1.0,0.0,81576.97251405126,81576.97251405126
5251.0,98858.52,98858.52,161995.2485546489,3.0,0.0,0.0,63136.728554648886,63136.728554648886
5190.0,75332.14,75332.14,169052.54148769967,2.0,1.0,0.0,93720.40148769967,93720.40148769967
5133.0,58938.17,58938.17,176037.561018522,4.0,3.0,0.0,117099.39101852202,117099.39101852202
5254.0,149708.83,149708.83,177170.11974083944,1.0,0.0,0.0,27461.28974083945,27461.28974083945
5256.0,149743.75,149743.75,185672.91584829372,2.0,0.0,0.0,35929.16584829372,35929.16584829372
5267.0,183349.4,183349.4,196150.2391549012,1.0,0.0,0.0,12800.839154901216,12800.839154901216
5213.0,82609.08,82609.08,198211.77138719257,2.0,0.0,0.0,115602.69138719256,115602.69138719256
5260.0,182413.35,182413.35,203362.53348340612,1.0,0.0,0.0,20949.183483406116,20949.183483406116
5187.0,75077.03,75077.03,203809.25365470804,2.0,0.0,0.0,128732.22365470804,128732.22365470804
5263.0,182439.54,182439.54,203902.73397732887,1.0,0.0,0.0,21463.19397732886,21463.19397732886
5262.0,182428.87,182428.87,205508.71571372994,3.0,0.0,0.0,23079.84571372994,23079.84571372994
5264.0,182444.39,182444.39,208173.43686599255,1.0,0.0,0.0,25729.04686599254,25729.04686599254
5188.0,75201.19,75201.19,210450.53682647715,1.0,1.0,0.0,135249.34682647715,135249.34682647715
5261.0,182423.05,182423.05,212611.26405450614,3.0,0.0,0.0,30188.214054506156,30188.214054506156
5134.0,60043.0,60043.0,219844.40809971374,4.0,5.0,0.0,159801.40809971374,159801.40809971374
5268.0,221416.08,221416.08,221566.82257569252,3.0,0.0,0.0,150.74257569253678,150.74257569253678
5127.0,56813.87,56813.87,224082.8759482275,1.0,1.0,0.0,167269.0059482275,167269.0059482275
5270.0,226134.16,226134.16,226306.16,0.0,0.0,0.0,172.0,172.0
5266.0,182464.76,182464.76,227424.913352603,1.0,0.0,0.0,44960.153352602996,44960.153352602996
5272.0,226757.87,226757.87,227936.87,0.0,0.0,0.0,1179.0,1179.0
5273.0,228968.5,228968.5,231830.89430295295,2.0,0.0,0.0,2862.3943029529473,2862.3943029529473
5274.0,229576.69,229576.69,232301.1270912176,1.0,0.0,0.0,2724.437091217609,2724.437091217609
5276.0,234119.2,234119.2,235157.40148245313,2.0,0.0,0.0,1038.2014824531216,1038.2014824531216
5277.0,234392.74,234392.74,249140.64241710934,1.0,0.0,0.0,14747.902417109348,14747.902417109348
5271.0,226393.15,226393.15,252863.9796513798,1.0,1.0,0.0,26470.829651379812,26470.829651379812
5265.0,182448.27,182448.27,269240.4803690453,1.0,1.0,0.0,86792.2103690453,86792.2103690453
5285.0,270927.79,270927.79,277286.03864191816,1.0,1.0,0.0,6358.2486419181805,6358.2486419181805
5259.0,160400.16999999998,160400.16999999998,285245.704073063,2.0,1.0,0.0,124845.534073063,124845.534073063
5275.0,233013.4,233013.4,293292.29706481664,3.0,0.0,0.0,60278.89706481664,60278.89706481664
5258.0,154521.0,154521.0,296472.0255395015,2.0,0.0,0.0,141951.0255395015,141951.0255395015
5280.0,235354.98,235354.98,302049.776294807,1.0,0.0,0.0,66694.79629480696,66694.79629480696
5284.0,251245.52,296472.0255395015,315726.49536875903,1.0,0.0,2.3488834509885606,64480.97536875904,19254.46982925752
5292.0,317004.73,317004.73,322851.71082769847,1.0,0.0,0.0,5846.980827698484,5846.980827698484
5282.0,244953.13,244953.13,328529.0698070017,1.0,0.0,0.0,83575.93980700168,83575.93980700168
5293.0,318579.04,318579.04,328634.2739761212,1.0,0.0,0.0,10055.233976121235,10055.233976121235
5283.0,248665.32,249140.64241710934,330035.864769396,1.0,0.0,0.005875778609512599,81370.54476939602,80895.22235228668
5296.0,330858.27,330858.27,330978.92859869084,2.0,0.0,0.0,120.6585986908176,120.6585986908176
5281.0,244041.33,244041.33,331182.92747329327,1.0,0.0,0.0,87141.59747329328,87141.59747329328
5297.0,331709.93,331709.93,331807.82853381435,1.0,0.0,0.0,97.89853381435387,97.89853381435387
5288.0,309660.86,315726.49536875903,332497.4883403939,2.0,2.0,0.3616741941886203,22836.628340393887,16770.99297163484
5287.0,309652.13,309652.13,336256.92360528145,2.0,1.0,0.0,26604.793605281448,26604.793605281448
5290.0,309666.68,315726.49536875903,346058.87373585725,1.0,0.0,0.19978042260385917,36392.19373585726,30332.378367098223
5300.0,354729.0,354735.7999062594,360842.479756361,1.0,0.0,0.0011135193634376481,6113.47975636099,6106.679850101587
5289.0,309663.77,315726.49536875903,363714.4275824754,0.0,1.0,0.12633854156829255,54050.657582475396,47987.93221371638
5301.0,354735.79,354735.79,381574.0477444925,0.0,0.0,0.0,26838.257744492497,26838.257744492497
5304.0,354799.81,363714.49757465196,386403.49757465196,0.0,0.0,0.3929079102054725,31603.687574651965,22689.0
5302.0,354776.53,360842.479756361,388262.95292066113,0.0,1.0,0.22121973315392948,33486.422920661105,27420.473164300143
5269.0,225682.14,225682.14,390905.2773672163,1.0,1.0,0.0,165223.1373672163,165223.1373672163
5303.0,354796.9,363714.4275824754,391260.63999235944,0.0,0.0,0.3237297182561345,36463.73999235942,27546.21240988403
5307.0,354826.0,390905.2773672163,412855.42122692766,3.0,0.0,1.6436920686173007,58029.42122692766,21950.14385971136
5305.0,354802.72,381574.0477444925,416057.4666714566,0.0,0.0,0.7763536382861046,61254.74667145661,34483.41892696411
5278.0,234692.47,234692.47,417430.43972169794,1.0,0.0,0.0,182737.96972169794,182737.96972169794
5306.0,354805.63,386403.49757465196,418205.3129432642,0.0,2.0,0.9935869134640165,63399.6829432642,31801.81536861224
5279.0,234994.14,234994.14,420369.2298100398,1.0,0.0,0.0,185375.0898100398,185375.0898100398
5308.0,354841.52,390905.2773672163,420708.72926247434,1.0,0.0,1.2100530332513029,65867.20926247432,29803.45189525804
5321.0,427201.58,427201.58,427327.58,0.0,0.0,0.0,126.0,126.0
5312.0,406551.25,412855.42122692766,430247.3954452121,2.0,0.0,0.3624758838648691,23696.14544521208,17391.97421828442
5315.0,406577.44,412855.487285939,432167.1953287514,1.0,0.0,0.3250902132541092,25589.755328751402,19311.708042812417
5313.0,406559.01,412855.42122692766,439573.2320847355,0.0,1.0,0.23566344040824125,33014.22208473546,26717.81085780781
5314.0,406574.53,412855.4341401411,441188.1185864221,0.0,1.0,0.22168404663701174,34613.58858642209,28332.684446280997
5316.0,406581.32,412855.5568837264,446642.7369330491,0.0,2.0,0.18569874356389646,40061.4169330491,33787.18004932272
5286.0,306257.13,315726.49536875903,449385.49536875903,0.0,0.0,0.07084719598948838,143128.36536875903,133659.0
5318.0,406604.6,417430.43972169794,454553.91082100954,2.0,1.0,0.2916171198737586,47949.31082100957,37123.4710993116
5330.0,430033.98,430247.6902214701,463047.06160825514,0.0,1.0,0.00651568040588135,33013.08160825516,32799.37138678506
5317.0,406584.23,416057.4666714566,465251.43432380154,0.0,0.0,0.19256907144396665,58667.20432380156,49193.96765234496
5298.0,333494.73,390905.2773672163,472274.3775384046,2.0,16.0,0.705557112545588,138779.64753840462,81369.1001711883
5337.0,433321.31,439573.238462323,491128.5739022498,1.0,1.0,0.12126637153991232,57807.263902249804,51555.33543992683
5343.0,475360.14,491128.61626271065,491421.61626271065,0.0,0.0,53.81732512870526,16061.47626271064,293.0
5344.0,475407.67,491128.7522386536,491491.22579820367,0.0,1.0,43.37166622075255,16083.555798203684,362.4735595500679
5347.0,486136.84,491128.5739022498,491905.5739022498,0.0,0.0,6.424367956563419,5768.733902249776,777.0
5348.0,486910.9,491128.5739022498,492007.620841113,1.0,0.0,4.798007610042157,5096.720841112954,879.0469388631755
5340.0,433346.53,439573.425444598,501263.7749147531,2.0,0.0,0.10093791813597157,67917.24491475307,61690.34947015508
5324.0,429176.5,430247.3954452121,502936.87654067937,2.0,0.0,0.014732467876687864,73760.37654067937,72689.48109546729
5334.0,430340.5,432167.1953287514,505383.5384835781,1.0,0.0,0.024949283862601413,75043.03848357807,73216.34315482667
5335.0,430372.51,432167.30226413347,509190.4987524344,2.0,0.0,0.023301970652517264,78817.98875243438,77023.19648830092
5328.0,429697.39,430247.49416224717,510351.49903203716,3.0,0.0,0.006867374023825074,80654.10903203714,80104.00486978999
5341.0,433350.41,439573.5738642681,513592.21437715535,1.0,0.0,0.08407563042426591,80241.80437715538,74018.64051288727
5325.0,429232.76,430247.3954452121,515387.1558078372,1.0,0.0,0.011917292706610431,86154.3958078372,85139.76036262512
5338.0,433328.1,439573.2624693243,515611.4166364499,0.0,2.0,0.08213195780105276,82283.31663644995,76038.15416712564
5333.0,430292.97,432167.1953287514,518887.92787212995,1.0,1.0,0.0216121943828591,88594.95787212998,86720.73254337854
5336.0,433311.61,439573.2320847355,520065.42000358866,0.0,0.0,0.07779167452930999,86753.81000358867,80492.18791885319
5295.0,330242.32,330242.32,521273.9847857368,5.0,12.0,0.0,191031.66478573676,191031.66478573676
5327.0,429613.97,430247.4417895125,527062.8164054336,1.0,0.0,0.006543090826489221,97448.84640543361,96815.37461592106
5332.0,430236.71,430247.9707979795,527508.0806690541,1.0,0.0,0.00011578023091287677,97271.37066905404,97260.10987107456
5294.0,325725.03,325725.03,527713.6328305706,3.0,8.0,0.0,201988.60283057054,201988.60283057054
5350.0,523971.69,523971.69,527894.0051878998,2.0,0.0,0.0,3922.3151878998033,3922.3151878998033
5342.0,433354.29,439573.7690075675,531344.3910144067,1.0,2.0,0.0677720044994792,97990.10101440671,91770.6220068392
5351.0,523973.63,527062.8164054336,533760.8164054336,0.0,0.0,0.46121027253412583,9787.186405433575,6698.0
5339.0,433331.01,439573.3217053343,535435.5590331315,1.0,4.0,0.06511752572589086,102104.54903313145,95862.23732779716
5326.0,429557.71,430247.4128945809,535950.2115914993,1.0,0.0,0.006524925575135289,106392.50159149925,105702.79869691835
5322.0,427409.16,427409.16,542181.5401743671,2.0,0.0,0.0,114772.38017436716,114772.38017436716
5352.0,523984.3,527062.8328008374,543348.6487679529,1.0,1.0,0.1890315356045749,19364.348767952935,16285.815967115574
5323.0,428137.63,430247.3954452121,544111.8049638481,1.0,0.0,0.01852875234791232,115974.17496384808,113864.409518636
5320.0,412831.03,417430.43972169794,548364.8826939424,1.0,0.0,0.035127576955995436,135533.85269394238,130934.44297224446
5354.0,552217.12,552217.12,552254.8325286058,2.0,0.0,0.0,37.71252860582899,37.71252860582899
5355.0,552432.46,552432.46,552490.46,0.0,0.0,0.0,58.0,58.0
5356.0,552632.28,552632.28,552681.28,0.0,0.0,0.0,49.0,49.0
5357.0,552652.65,552652.65,552724.3638585458,3.0,0.0,0.0,71.71385854575783,71.71385854575783
5358.0,555521.91,555521.91,555601.6871867807,1.0,0.0,0.0,79.77718678070232,79.77718678070232
5359.0,555589.8099999999,555589.8099999999,555638.8099999999,0.0,0.0,0.0,49.0,49.0
5360.0,555684.87,555684.87,555744.4147339278,1.0,0.0,0.0,59.544733927818015,59.544733927818015
5361.0,555716.88,555716.88,555763.88,0.0,0.0,0.0,47.0,47.0
5363.0,555976.84,555976.84,556012.5365741752,2.0,0.0,0.0,35.696574175264686,35.696574175264686
5364.0,556011.76,556011.76,556443.3498979997,1.0,0.0,0.0,431.5898979996564,431.5898979996564
5365.0,556423.04,556423.04,556466.04,0.0,0.0,0.0,43.0,43.0
5329.0,429867.14,430247.58696890995,557005.6413192307,2.0,1.0,0.0030013632732046784,127138.50131923065,126758.05435032072
5362.0,555954.53,555954.53,557567.6271389644,1.0,0.0,0.0,1613.0971389643382,1613.0971389643382
5367.0,559227.3099999999,559227.3099999999,559265.890048594,3.0,0.0,0.0,38.58004859404173,38.58004859404173
5368.0,559388.33,559388.33,559425.6577441342,1.0,0.0,0.0,37.32774413423613,37.32774413423613
5369.0,559612.4,559612.4,559651.7230785572,1.0,0.0,0.0,39.32307855715044,39.32307855715044
5370.0,559689.03,559689.03,560159.03,0.0,0.0,0.0,470.0,470.0
5371.0,560406.83,560406.83,560481.83,0.0,0.0,0.0,75.0,75.0
5372.0,560610.53,560610.53,560668.53,0.0,0.0,0.0,58.0,58.0
5373.0,560696.86,560696.86,560738.0618333351,2.0,0.0,0.0,41.20183333510067,41.20183333510067
5375.0,560868.5499999999,560868.5499999999,560946.5499999999,0.0,0.0,0.0,78.0,78.0
5374.0,560856.91,560856.91,561070.8805370256,3.0,0.0,0.0,213.97053702559788,213.97053702559788
5376.0,561062.5499999999,561062.5499999999,561133.5499999999,0.0,0.0,0.0,71.0,71.0
5377.0,561218.72,561218.72,561282.72,0.0,0.0,0.0,64.0,64.0
5378.0,561315.72,561315.72,561373.72,0.0,0.0,0.0,58.0,58.0
5379.0,561397.2,561397.2,561455.2,0.0,0.0,0.0,58.0,58.0
5381.0,561869.59,561869.59,561916.59,0.0,0.0,0.0,47.0,47.0
5380.0,561677.53,561677.53,562004.8328735918,1.0,0.0,0.0,327.302873591776,327.302873591776
5382.0,562245.95,562245.95,562391.0080706306,2.0,0.0,0.0,145.05807063065004,145.05807063065004
5383.0,562600.0,562600.0,562642.141131933,2.0,1.0,0.0,42.14113193296362,42.14113193296362
5384.0,563154.84,563154.84,563562.6866791679,1.0,0.0,0.0,407.8466791679384,407.8466791679384
5385.0,564106.41,564106.41,564223.41,0.0,0.0,0.0,117.0,117.0
5387.0,564912.48,564912.48,564960.48,0.0,0.0,0.0,48.0,48.0
5386.0,564417.78,564417.78,565162.638137495,1.0,0.0,0.0,744.8581374950008,744.8581374950008
5388.0,565958.14,565958.14,566016.14,0.0,0.0,0.0,58.0,58.0
5390.0,566071.63,566071.63,566129.63,0.0,0.0,0.0,58.0,58.0
5392.0,566274.36,566274.36,566356.770879251,2.0,0.0,0.0,82.41087925096508,82.41087925096508
5389.0,566034.77,566034.77,566419.7583694916,1.0,0.0,0.0,384.9883694915334,384.9883694915334
5393.0,566374.27,566374.27,566467.27,0.0,0.0,0.0,93.0,93.0
5394.0,566555.66,566555.66,566625.0442718588,1.0,0.0,0.0,69.3842718587257,69.3842718587257
5395.0,566592.52,566592.52,566639.52,0.0,0.0,0.0,47.0,47.0
5397.0,566750.63,566750.63,566853.1885372015,0.0,1.0,0.0,102.55853720149025,102.55853720149025
5396.0,566689.52,566750.6814661087,566868.5580650386,1.0,0.0,0.5188601186649638,179.03806503862143,117.87659892998636
5398.0,566813.6799999999,566868.5580650386,566910.5580650386,0.0,0.0,1.3066205961596487,96.87806503870524,42.0
5399.0,566910.6799999999,566910.6799999999,567039.5421035485,2.0,0.0,0.0,128.8621035485994,128.8621035485994
5400.0,567524.69,567524.69,567572.69,0.0,0.0,0.0,48.0,48.0
5319.0,412151.06,416057.5227366003,567849.3920044667,1.0,2.0,0.02573565208362112,155698.33200446673,151791.86926786642
5401.0,567892.32,567892.32,567985.32,0.0,0.0,0.0,93.0,93.0
5402.0,568084.38,568084.38,568173.1782738232,3.0,0.0,0.0,88.79827382322401,88.79827382322401
5403.0,568191.08,568191.08,568280.6000610031,1.0,0.0,0.0,89.52006100316066,89.52006100316066
5404.0,568270.62,568270.62,568431.62,0.0,0.0,0.0,161.0,161.0
5405.0,568467.53,568467.53,569047.53,0.0,0.0,0.0,580.0,580.0
5406.0,569463.72,569463.72,569491.4059051403,3.0,0.0,0.0,27.685905140358955,27.685905140358955
5407.0,569509.3099999999,569509.3099999999,569599.3099999999,0.0,0.0,0.0,90.0,90.0
5408.0,570268.82,570268.82,570326.82,0.0,0.0,0.0,58.0,58.0
5409.0,570506.47,570506.47,570647.540450817,1.0,0.0,0.0,141.07045081700198,141.07045081700198
5410.0,570619.96,570619.96,570677.96,0.0,0.0,0.0,58.0,58.0
5411.0,571104.96,571104.96,571162.96,0.0,0.0,0.0,58.0,58.0
5412.0,571172.86,571172.86,571230.7084050103,3.0,0.0,0.0,57.84840501029976,57.84840501029976
5413.0,571444.46,571444.46,571614.011821242,1.0,1.0,0.0,169.5518212420866,169.5518212420866
5414.0,571667.5599999999,571667.5599999999,571757.5599999999,0.0,0.0,0.0,90.0,90.0
5415.0,571794.63,571794.63,571892.4870830035,1.0,0.0,0.0,97.85708300350234,97.85708300350234
5416.0,571861.5599999999,571861.5599999999,572322.3227312735,1.0,0.0,0.0,460.76273127354216,460.76273127354216
5417.0,572249.5599999999,572249.5599999999,572401.1671969221,1.0,1.0,0.0,151.60719692218117,151.60719692218117
5418.0,572785.97,572785.97,572827.1030609948,2.0,0.0,0.0,41.13306099479087,41.13306099479087
5419.0,572988.7,572988.7,573078.2491591101,3.0,0.0,0.0,89.54915911017451,89.54915911017451
5420.0,573293.28,573293.28,573379.6916752842,1.0,1.0,0.0,86.41167528415099,86.41167528415099
5422.0,573832.6,573832.6,573881.6,0.0,0.0,0.0,49.0,49.0
5421.0,573453.33,573453.33,573926.3733127706,1.0,0.0,0.0,473.04331277066376,473.04331277066376
5423.0,573928.63,573928.63,574009.412380623,2.0,0.0,0.0,80.78238062304445,80.78238062304445
5424.0,574297.23,574297.23,574368.2114860364,3.0,0.0,0.0,70.98148603644222,70.98148603644222
5425.0,574442.73,574442.73,574494.73,0.0,0.0,0.0,52.0,52.0
5426.0,575203.21,575203.21,575267.1544612126,2.0,0.0,0.0,63.944461212609895,63.944461212609895
5427.0,575592.1799999999,575592.1799999999,575634.5643132075,2.0,0.0,0.0,42.384313207585365,42.384313207585365
5428.0,575661.0499999999,575661.0499999999,575719.0499999999,0.0,0.0,0.0,58.0,58.0
5429.0,575937.5,575937.5,576009.2876877458,1.0,0.0,0.0,71.7876877457602,71.7876877457602
5430.0,576051.96,576051.96,576110.96,0.0,0.0,0.0,59.0,59.0
5431.0,576115.01,576115.01,576183.0475229609,2.0,0.0,0.0,68.03752296091989,68.03752296091989
5432.0,577239.24,577239.24,577788.24,0.0,0.0,0.0,549.0,549.0
5433.0,577894.96,577894.96,578276.2834771508,2.0,0.0,0.0,381.32347715087235,381.32347715087235
5434.0,578282.96,578282.96,578332.96,0.0,0.0,0.0,50.0,50.0
5435.0,578391.6,578391.6,578422.0645172084,2.0,0.0,0.0,30.46451720839832,30.46451720839832
5436.0,578524.49,578524.49,578575.615283962,1.0,0.0,0.0,51.12528396199923,51.12528396199923
5437.0,578560.38,578560.38,578628.0821951736,2.0,0.0,0.0,67.7021951735951,67.7021951735951
5438.0,578734.98,578734.98,578820.98,0.0,0.0,0.0,86.0,86.0
5439.0,578864.96,578864.96,578914.6977699129,1.0,0.0,0.0,49.73776991292834,49.73776991292834
5441.0,578980.39,578980.39,579046.0493182435,1.0,0.0,0.0,65.65931824350264,65.65931824350264
5445.0,579523.59,579523.59,579581.59,0.0,0.0,0.0,58.0,58.0
5446.0,579622.53,579622.53,579653.0370005559,1.0,0.0,0.0,30.507000555866398,30.507000555866398
5448.0,579967.85,579967.85,580019.85,0.0,0.0,0.0,52.0,52.0
5450.0,580005.6799999999,580019.85,580063.85,0.0,0.0,0.32204545454640704,58.17000000004191,44.0
5447.0,579752.51,579967.879294927,580245.879294927,0.0,0.0,0.7747096939819778,493.3692949269898,278.0
5453.0,580200.65,580200.65,580248.65,0.0,0.0,0.0,48.0,48.0
5452.0,580099.77,580200.6602759833,580249.3596345278,3.0,0.0,2.07169619885182,149.58963452780154,48.69935854454525
5391.0,566137.59,566137.59,630937.59,0.0,0.0,0.0,64800.0,64800.0
5471.0,588167.26,630937.59,630979.7187322283,1.0,0.0,1015.2294583236124,42812.45873222826,42.1287322283024
5474.0,589156.66,630937.59,630986.59,0.0,0.0,852.6720408163252,41829.929999999935,49.0
5465.0,585088.48,630937.59,630989.59,0.0,0.0,881.7136538461535,45901.109999999986,52.0
5468.0,585592.88,630937.59,630990.59,0.0,0.0,855.5605660377352,45397.70999999996,53.0
5469.0,585814.04,630937.59,630995.59,0.0,0.0,777.9922413793091,45181.54999999993,58.0
5470.0,588098.39,630937.59,630995.59,0.0,0.0,738.6068965517234,42897.19999999995,58.0
5472.0,588215.76,630937.59,630995.59,0.0,0.0,736.5832758620683,42779.82999999996,58.0
5466.0,585163.17,630937.59,630996.59,0.0,0.0,775.8376271186428,45833.419999999925,59.0
5473.0,589007.28,630937.59,630996.59,0.0,0.0,710.683220338982,41989.30999999994,59.0
5451.0,580026.0499999999,630937.59,631237.59,0.0,0.0,169.70513333333346,51211.54000000004,300.0
5459.0,583687.7999999999,631237.59,631396.5599065953,0.0,0.0,299.11189493902015,47708.75990659534,158.96990659530275
5460.0,583811.96,631396.5599065953,631543.3477991103,0.0,0.0,324.1725124005659,47731.38779911038,146.7878925150726
5454.0,580301.53,631237.59,631837.59,0.0,0.0,84.89343333333323,51536.05999999994,600.0
5462.0,584175.71,631543.3477991103,632344.5083359972,0.0,0.0,59.12377809217754,48168.79833599727,801.1605368868914
5461.0,583944.85,631837.59,632437.59,0.0,0.0,79.82123333333332,48492.73999999999,600.0
5463.0,584700.48,632437.59,632875.5754301224,2.0,0.0,108.99246120276587,48175.095430122456,437.98543012246955
5456.0,582072.75,632875.5754301224,633227.4117515256,0.0,0.0,144.39335094090353,51154.66175152559,351.83632140315603
5291.0,312849.25,390905.2773672163,638800.2773672163,0.0,0.0,0.3148753600000658,325951.0273672163,247895.0
5476.0,638231.87,638800.3687790603,638835.8109642197,2.0,0.0,16.040172932428977,603.9409642197425,35.44218515942339
5478.0,638520.9299999999,638800.584270421,638843.2329219742,1.0,0.0,6.557165589917049,322.3029219742166,42.64865155320149
5475.0,634957.15,638800.3156991254,638847.3156991254,0.0,0.0,81.76948296011456,3890.165699125384,47.0
5477.0,638455.94,638800.4527101404,638859.4527101404,0.0,0.0,5.8391984769565415,403.51271014043596,59.0
5479.0,639406.54,639406.54,639464.54,0.0,0.0,0.0,58.0,58.0
5480.0,640631.65,640631.65,640681.65,0.0,0.0,0.0,50.0,50.0
5482.0,640802.37,640802.37,640843.6304491663,2.0,0.0,0.0,41.260449166293256,41.260449166293256
5481.0,640691.79,640802.403182348,640858.403182348,0.0,0.0,1.9752353990708278,166.61318234796636,56.0
5485.0,643001.36,643001.36,643028.472016857,2.0,0.0,0.0,27.112016857019626,27.112016857019626
5486.0,643574.63,643574.63,643651.5260914,0.0,0.0,0.0,76.89609139994718,76.89609139994718
5487.0,645015.08,645015.08,645062.08,0.0,0.0,0.0,47.0,47.0
5310.0,398681.64,638800.2773672163,645096.2773672163,0.0,0.0,38.13828420699115,246414.6373672163,6296.0
5488.0,645086.86,645096.3227608945,645154.3227608945,0.0,0.0,0.16315104990619525,67.46276089455932,58.0
5489.0,649785.54,649785.54,649813.1607613505,3.0,0.0,0.0,27.62076135049574,27.62076135049574
5490.0,649923.28,649923.28,649968.5781697757,3.0,0.0,0.0,45.29816977563314,45.29816977563314
5491.0,651540.27,651540.27,651603.27,0.0,0.0,0.0,63.0,63.0
5492.0,651584.89,652737.2794385189,652784.2794385189,0.0,0.0,24.51892422380649,1199.389438518905,47.0
5493.0,652737.25,652737.25,652786.25,0.0,0.0,0.0,49.0,49.0
5494.0,652892.45,652892.45,652950.45,0.0,0.0,0.0,58.0,58.0
5495.0,653939.08,653939.08,653974.0957322746,2.0,0.0,0.0,35.01573227462359,35.01573227462359
5496.0,653986.61,653986.61,654054.8062725181,0.0,0.0,0.0,68.19627251813654,68.19627251813654
5497.0,654724.78,654724.78,654782.78,0.0,0.0,0.0,58.0,58.0
5498.0,655260.22,655260.22,655279.5408094799,3.0,0.0,0.0,19.320809479919262,19.320809479919262
5499.0,655289.32,655289.32,655329.3311592,1.0,0.0,0.0,40.011159200104885,40.011159200104885
5500.0,655536.6699999999,655536.6699999999,655590.6699999999,0.0,0.0,0.0,54.0,54.0
5457.0,582680.94,631237.59,656430.3302372626,0.0,1.0,1.9274064489491178,73749.3902372627,25192.740237262682
5501.0,655575.47,656430.3302372626,656520.3302372626,0.0,0.0,9.498447080696415,944.8602372626774,90.0
5346.0,475827.68,491129.11222818645,657725.5633621475,1.0,0.0,0.09184728800664844,181897.88336214755,166596.4511339611
5458.0,582906.95,657725.5633621475,657892.5633621475,0.0,0.0,448.01564887513524,74985.61336214759,167.0
5506.0,657857.88,657857.88,657917.88,0.0,0.0,0.0,60.0,60.0
5483.0,642062.4,657892.5633621475,658144.7527610502,0.0,1.0,62.770931018615315,16082.35276105022,252.1893989027012
5504.0,657374.82,657725.7191903256,658238.3674929604,2.0,1.0,0.6844832773699688,863.5474929604679,512.6483026348287
5502.0,656451.38,657725.5633621475,658388.1222975268,0.0,1.0,1.9231245616183161,1936.7422975267982,662.5589353792602
5503.0,656452.35,657725.5937519068,658417.3419048531,0.0,1.0,1.8406174942190703,1964.9919048531447,691.7481529463548
5484.0,642255.4299999999,658144.7527610502,658508.2195029636,0.0,1.0,43.71602936050312,16252.789502963657,363.4667419133475
5507.0,657884.07,658508.2195029636,658552.2195029636,0.0,0.0,14.185215976446422,668.1495029636426,44.0
5505.0,657698.7999999999,658388.1222975268,658626.1222975268,0.0,0.0,2.8963121744826585,927.3222975268727,238.0
5509.0,658587.32,658626.1222975268,658685.1222975268,0.0,0.0,0.657666059777188,97.80229752685409,59.0
5508.0,657907.35,658552.2195029636,658881.3088191722,0.0,1.0,1.9595576981746299,973.9588191722287,329.08931620861404
5518.0,662329.58,662329.58,662388.58,0.0,0.0,0.0,59.0,59.0
5519.0,662527.46,662527.46,662575.46,0.0,0.0,0.0,48.0,48.0
5520.0,662871.8099999999,662871.8099999999,662929.8099999999,0.0,0.0,0.0,58.0,58.0
5522.0,662960.08,662960.08,663011.08,0.0,0.0,0.0,51.0,51.0
5521.0,662947.47,662960.0981199663,663056.0981199663,0.0,0.0,0.13154291631629653,108.62811996636447,96.0
5524.0,663165.72,663165.72,663237.3569643763,1.0,0.0,0.0,71.63696437631734,71.63696437631734
5525.0,663370.39,663370.39,663406.070989883,2.0,0.0,0.0,35.68098988302518,35.68098988302518
5526.0,663411.13,663411.13,663461.13,0.0,0.0,0.0,50.0,50.0
5517.0,661637.97,662329.6539957179,663474.6539957179,0.0,0.0,0.6040908259545009,1836.6839957179036,1145.0
5527.0,663491.64,663491.64,663565.0104654713,3.0,0.0,0.0,73.37046547129285,73.37046547129285
5529.0,663566.33,663566.33,663608.7685501367,2.0,0.0,0.0,42.438550136750564,42.438550136750564
5528.0,663522.6799999999,663566.341670205,663662.1051665527,2.0,0.0,0.4559322901759755,139.42516655276995,95.76349634770304
5530.0,664002.83,664002.83,664111.7759388813,1.0,2.0,0.0,108.94593888137024,108.94593888137024
5531.0,664191.98,664191.98,664234.8346016351,3.0,0.0,0.0,42.854601635131985,42.854601635131985
5532.0,664247.27,664247.27,664289.900890403,2.0,0.0,0.0,42.630890402942896,42.630890402942896
5510.0,660482.7,662329.6087812143,665033.7624304404,2.0,0.0,0.6829895859441917,4551.062430440448,2704.153649226064
5534.0,664459.7,665033.7624304404,665221.5318905414,0.0,1.0,3.0572726263982037,761.8318905414781,187.76946010102984
5523.0,663011.49,665033.781567256,665245.6293096362,0.0,1.0,9.545967044701186,2234.139309636201,211.8477423802251
5535.0,664596.47,665245.6293096362,665845.6293096362,0.0,0.0,1.0819321827270323,1249.1593096362194,600.0
5533.0,664315.1699999999,665033.7624304404,668452.4099500092,1.0,1.0,0.21019787103734938,4137.239950009272,3418.6475195687963
5536.0,665176.53,665845.6293096362,669432.5687353897,1.0,0.0,0.18653766629906185,4256.0387353897095,3586.939425753546
5565.0,668609.36,669432.5687353897,669488.5687353897,0.0,0.0,14.700155989102702,879.2087353897514,56.0
5567.0,670286.49,671160.5796904205,673369.5796904205,0.0,0.0,0.39569474441853497,3083.089690420544,2209.0
5537.0,665275.47,669432.5687353897,673492.4971695365,0.0,1.0,1.0239339936206004,8217.027169536566,4059.928434146801
5566.0,670280.6699999999,671160.5687353897,676052.9344107729,0.0,1.0,0.17985138351721947,5772.264410772943,4892.365675383131
5569.0,670306.86,673369.6548888887,678397.2878491841,1.0,1.0,0.6091922208873319,8090.42784918414,5027.632960295421
5563.0,667926.48,668452.4099500092,682631.4099500092,0.0,0.0,0.03709217504825563,14704.929950009217,14179.0
5562.0,667780.98,668452.4099500092,683056.4099500092,0.0,0.0,0.045975756642646984,15275.429950009217,14604.0
5561.0,667631.6,668452.4099500092,683226.4099500092,0.0,0.0,0.05555773318053481,15594.809950009221,14774.0
5564.0,668040.94,668452.4099500092,683261.4099500092,0.0,0.0,0.027785127288085205,15220.469950009254,14809.0
5464.0,585075.87,633227.4117515256,684147.5717575178,0.0,1.0,0.9456282491229258,99071.70175751776,50920.16000599216
5568.0,670289.4,673369.5796904205,684344.273049252,0.0,1.0,0.2806620276038835,14054.873049251968,10974.693358831457
5580.0,680126.1699999999,684147.5717575178,684360.0246241561,1.0,0.0,18.928441969973594,4233.854624156142,212.45286663831212
5570.0,670309.77,673492.4971695365,687526.7005108279,0.0,0.0,0.2267836009025398,17216.930510827922,14034.203341291402
5299.0,336891.67,472274.3775384046,690910.440260832,1.0,1.0,0.6192148991920045,354018.770260832,218636.06272242736
5449.0,579976.58,580019.897353465,691905.9591537018,1.0,0.0,0.00038715594032035714,111929.37915370183,111886.06180023681
5579.0,680122.29,680122.29,694003.29,0.0,0.0,0.0,13881.0,13881.0
5540.0,667000.13,690910.440260832,698000.3601489477,0.0,0.0,3.3724372966344722,31000.23014894768,7089.919888115721
5345.0,475804.4,491128.9247093884,701137.3710724607,3.0,13.0,0.07297099223759143,225332.97107246064,210008.44636307226
5594.0,691106.57,691905.9927980267,703033.1271304531,2.0,0.0,0.07184444567160839,11926.557130453177,11127.134332426474
5541.0,667000.13,698000.3601489477,705331.7157079242,0.0,0.0,4.2284445079179,38331.58570792421,7331.355558976531
5542.0,667001.1,701137.3710724607,706130.3710724607,0.0,0.0,6.836825770570937,39129.27107246069,4993.0
5545.0,667001.1,703033.1271304531,710553.8568067855,0.0,0.0,4.791028089182044,43552.75680678547,7520.729676332325
5511.0,661162.6699999999,690910.440260832,710806.440260832,0.0,0.0,1.495163362526741,49643.77026083204,19896.0
5543.0,667001.1,706130.3710724607,711690.2750762531,0.0,1.0,7.037760192580733,44689.17507625313,5559.904003792442
5512.0,661169.46,690910.440260832,711815.869783195,0.0,1.0,1.4226438270028088,50646.409783195006,20905.429522363003
5547.0,667002.07,705331.7157079242,712395.0973241437,0.0,0.0,5.4265290749559,45393.0273241438,7063.381616219529
5331.0,430108.67,430247.81549048156,713311.0985578937,3.0,4.0,0.0004915702558584351,283202.42855789367,283063.2830674121
5539.0,666234.7999999999,711815.869783195,713885.869783195,0.0,0.0,22.01984047497345,47651.06978319504,2070.0
5544.0,667001.1,711690.3758430165,715705.9751907667,2.0,1.0,11.128917995281206,48704.87519076676,4015.5993477501906
5552.0,667004.01,710553.8568067855,717677.6453460376,0.0,0.0,6.113298642544689,50673.63534603757,7123.7885392521275
5597.0,717276.2,717677.6702795062,717741.8383429447,2.0,0.0,6.256543488975391,465.63834294478875,64.16806343849748
5598.0,717422.6699999998,717677.7343495677,717745.6050443804,1.0,0.0,3.7580925062226127,322.93504438060336,67.87069481273647
5600.0,717644.7999999998,717677.963769378,717767.963769378,0.0,0.0,0.3684863264245602,123.16376937821042,90.0
5599.0,717526.46,717677.826266278,717799.8548250672,0.0,2.0,1.2404167334271399,273.3948250672547,122.02855878917035
5601.0,717771.87,717771.87,717848.7069242988,1.0,0.0,0.0,76.83692429878283,76.83692429878283
5602.0,718168.6,718168.6,718238.3079000071,2.0,0.0,0.0,69.70790000713896,69.70790000713896
5546.0,667002.07,713885.869783195,718878.869783195,0.0,0.0,9.389905824793715,51876.79978319502,4993.0
5553.0,667004.01,711690.2750762531,719073.1690686188,0.0,0.0,6.052675972655319,52069.159068618785,7382.893992365687
5548.0,667002.07,713885.869783195,719141.869783195,0.0,0.0,8.920053231201488,52139.79978319502,5256.0
5555.0,667004.98,711815.869783195,719156.9131792067,0.0,0.0,6.104158137457714,52151.93317920668,7341.043396011693
5558.0,667005.95,712395.0973241437,719425.5167092215,0.0,0.0,6.456108069524736,52419.56670922157,7030.419385077781
5549.0,667002.07,715705.9751907667,720563.0272610857,1.0,0.0,10.027462025452095,53560.95726108574,4857.052070318954
5443.0,578998.82,579523.79242547,722081.5401227088,1.0,0.0,0.0036825246887663924,143082.72012270882,142557.7476972388
5606.0,721911.83,722081.5401227088,722141.5401227088,0.0,0.0,2.8285020451468883,229.7101227088133,60.0
5559.0,667005.95,715705.9751907667,722798.6177790763,0.0,0.0,6.866273689165771,55792.66777907638,7092.642588309594
5513.0,661177.22,690910.440260832,723082.6618793306,10.0,6.0,0.9241892155727199,61905.44187933067,32172.221618498676
5550.0,667002.07,718878.869783195,723639.1057200095,2.0,0.0,10.897947175683411,56637.03572000959,4760.23593681457
5613.0,723561.7999999998,723639.1057200095,723728.1057200095,0.0,0.0,0.8686035956148832,166.3057200097246,89.0
5614.0,723708.27,723728.1057200095,723801.4698945096,1.0,0.0,0.27037338244009795,93.19989450962748,73.36417450010777
5616.0,723850.86,723850.86,723948.86,0.0,0.0,0.0,98.0,98.0
5620.0,724031.28,724031.28,724120.28,0.0,0.0,0.0,89.0,89.0
5551.0,667004.01,719141.869783195,724155.869783195,0.0,0.0,10.39845627905763,57151.85978319496,5014.0
5554.0,667004.98,719425.5167092215,724428.5167092215,0.0,0.0,10.477820649454637,57423.536709221546,5003.0
5560.0,667005.95,717677.6453460376,724746.7003121263,0.0,0.0,7.168100345678027,57740.75031212636,7069.054966088734
5572.0,676150.14,722081.5401227088,725000.2133314322,0.0,2.0,15.737082173306513,48850.073331432184,2918.673208723427
5573.0,676173.4199999999,723639.1057200095,725622.6360053626,2.0,0.0,23.929902190306407,49449.21600536269,1983.5302853530739
5603.0,718352.9,725622.691828605,725706.691828605,0.0,0.0,86.54514081672616,7353.791828604997,84.0
5556.0,667004.98,720563.0272610857,725818.0272610857,0.0,0.0,10.191826310387386,58813.04726108571,5255.0
5557.0,667004.98,720563.0400801764,726113.0400801764,0.0,0.0,9.650100915347108,59108.06008017645,5550.0
5624.0,726356.37,726356.37,726504.344838739,2.0,1.0,0.0,147.9748387390282,147.9748387390282
5623.0,726105.14,726105.14,726562.6234902722,2.0,0.0,0.0,457.4834902721923,457.4834902721923
5625.0,726441.73,726456.7547876586,726563.4404905712,1.0,0.0,0.14083225069902555,121.71049057121854,106.68570291262586
5574.0,676194.76,724428.5167092215,726883.8507668131,0.0,1.0,19.644478338940498,50689.09076681314,2455.3340575916227
5626.0,726838.46,726838.46,726979.46,0.0,0.0,0.0,141.0,141.0
5585.0,684275.83,726883.8507668131,727121.3183711455,0.0,0.0,179.42666700413176,42845.48837114556,237.46760433237068
5586.0,684298.14,727121.3183711455,727310.3535101757,0.0,0.0,226.53554567071947,43012.2135101757,189.03513903019484
5627.0,727141.1,727310.3981137855,727410.3981137855,0.0,0.0,1.692981137855677,269.2981137855677,100.0
5630.0,727436.95,727436.95,727521.4711856712,2.0,1.0,0.0,84.52118567121215,84.52118567121215
5631.0,727493.21,727507.9403976514,727621.9403976514,0.0,0.0,0.12921401448629535,128.73039765143767,114.0
5635.0,727557.23,727557.23,727672.23,0.0,0.0,0.0,115.0,115.0
5640.0,727822.04,727822.04,727881.04,0.0,0.0,0.0,59.0,59.0
5575.0,676225.7999999999,725000.2133314322,727882.6095989846,0.0,1.0,16.92148088050689,51656.80959898466,2882.3962675523944
5577.0,676287.88,725706.691828605,728652.6212520895,0.0,0.0,16.775287090941834,52364.7412520895,2945.9294234844856
5592.0,684438.79,728652.6212520895,728885.3488451088,0.0,0.0,189.98104469903274,44446.558845108724,232.72759301925544
5576.0,676251.02,726838.4745469545,729172.8193383259,0.0,1.0,21.670943698610813,52921.79933832586,2334.3447913713753
5538.0,665422.91,673492.4971695365,729212.3708822794,5.0,5.0,0.14482421857483566,63789.46088227932,55719.87371274282
5628.0,727190.57,729172.8193383259,729259.528779116,1.0,0.0,22.86082484517495,2068.9587791160448,86.70944079011679
5629.0,727374.87,729212.3708822794,729943.049582257,0.0,0.0,2.5147864339489443,2568.1795822570566,730.6786999776959
5589.0,684372.83,727310.3535101757,730308.0608560492,0.0,0.0,14.323454078758544,45935.230856049224,2997.7073458734667
5590.0,684391.26,727882.6095989846,730871.0162013307,0.0,0.0,14.553357486508318,46479.75620133069,2988.4066023461055
5647.0,730836.7999999998,730836.7999999998,730895.6821486416,3.0,0.0,0.0,58.8821486417437,58.8821486417437
5649.0,731044.38,731044.38,731104.0904381785,1.0,1.0,0.0,59.710438178502955,59.710438178502955
5650.0,731239.35,731239.35,731286.0000335629,1.0,0.0,0.0,46.65003356290981,46.65003356290981
5652.0,731467.2999999998,731467.2999999998,731516.6086927424,2.0,1.0,0.0,49.30869274260476,49.30869274260476
5653.0,731626.38,731626.38,731682.38,0.0,0.0,0.0,56.0,56.0
5654.0,731753.45,731753.45,731813.2566118306,1.0,1.0,0.0,59.80661183060147,59.80661183060147
5608.0,722518.08,728885.3488451088,731870.0516969067,0.0,0.0,2.1333007543023252,9351.971696906723,2984.7028517979197
5655.0,731922.23,731922.23,731989.23,0.0,0.0,0.0,67.0,67.0
5656.0,732077.4299999998,732077.4299999998,732135.4299999998,0.0,0.0,0.0,58.0,58.0
5657.0,732180.25,732180.25,732243.25,0.0,0.0,0.0,63.0,63.0
5578.0,676321.83,729943.049582257,732299.6536870684,0.0,1.0,22.75359678478966,55977.82368706842,2356.6041048113257
5658.0,732312.1699999998,732312.1699999998,732357.270145308,2.0,0.0,0.0,45.10014530818444,45.10014530818444
5659.0,732388.7999999998,732388.7999999998,732451.7999999998,0.0,0.0,0.0,63.0,63.0
5587.0,684318.51,731044.4178029503,732751.6362361491,1.0,1.0,27.369612988185967,48433.12623614911,1707.2184331988683
5645.0,728854.12,730308.0608560492,732780.9462153342,0.0,0.0,0.5879531983114428,3926.8262153342366,2472.88535928505
5607.0,722448.24,732751.6775576324,732945.3303275086,0.0,1.0,53.20573294262961,10497.090327508631,193.65276987617835
5604.0,718777.76,732945.3303275086,733070.6623715714,0.0,0.0,113.04028776879424,14292.9023715714,125.33204406278674
5605.0,721202.76,733070.6623715714,733201.9931880382,0.0,0.0,90.36647064909653,11999.233188038226,131.33081646682695
5588.0,684345.6699999999,732077.4440847465,733733.5912656332,2.0,0.0,28.820973543662262,49387.92126563331,1656.1471808867063
5610.0,722564.64,733733.5912656332,733891.9343044478,0.0,1.0,70.53642110980395,11327.29430444783,158.343038814608
5609.0,722536.51,733201.9931880382,734753.8196826658,2.0,0.0,6.872858032107679,12217.309682665742,1551.8264946275158
5661.0,734602.34,734753.8196826658,734848.8196826658,0.0,0.0,1.5945229754293044,246.4796826657839,95.0
5591.0,684412.6,732751.6362361491,735031.7367422803,0.0,1.0,21.20039713432172,50619.13674228033,2280.100506131188
5622.0,726088.65,735031.7367422803,735165.5650902565,0.0,0.0,66.82505521080269,9076.915090256487,133.82834797620308
5642.0,728087.82,734753.8383363845,735282.8383363845,0.0,0.0,12.601168877853604,7195.018336384557,529.0
5612.0,722864.37,734753.8196826658,736849.8196826658,0.0,0.0,5.672447367684044,13985.449682665756,2096.0
5664.0,735457.88,736849.8792468146,736902.1669379284,2.0,0.0,26.62192988758694,1444.2869379284093,52.28769111377187
5665.0,735616.96,736849.9762731745,736907.9762731745,0.0,0.0,21.258901261630196,1291.0162731745513,58.0
5663.0,735367.6699999998,736849.8260568198,736908.8260568198,0.0,0.0,25.12128909864321,1541.1560568199493,59.0
5667.0,735712.99,736850.2365224303,736910.1425971802,1.0,0.0,18.983826384526356,1197.1525971802184,59.90607474988792
5666.0,735687.77,736850.09080225,736921.9182031124,1.0,0.0,16.18213645897393,1234.1482031124178,71.82740086247213
5668.0,735838.12,736850.4169729407,736943.4169729407,0.0,0.0,10.88491368753415,1105.296972940676,93.0
5648.0,730991.03,736849.8196826658,737214.8196826658,0.0,0.0,16.051478582645817,6223.789682665723,365.0
5646.0,730529.3099999998,735282.8383363845,737386.8383363845,0.0,0.0,2.2592815286999444,6857.528336384683,2104.0
5662.0,735130.02,737386.8383363845,739851.8383363845,0.0,0.0,0.915544964050502,4721.818336384487,2465.0
5682.0,739782.14,739851.8383363845,739911.8383363845,0.0,0.0,1.1616389397415332,129.698336384492,60.0
5669.0,736834.3099999998,739851.8383363845,739946.8383363845,0.0,0.0,31.763456172470345,3112.528336384683,95.0
5651.0,731316.95,737214.8196826658,740814.8196826658,0.0,0.0,1.6382971340738328,9497.869682665798,3600.0
5632.0,727500.0,735165.5650902565,741310.5305276726,0.0,0.0,1.24745454930985,13810.530527672614,6144.965437416104
5467.0,585399.85,631396.609358664,741949.011251119,0.0,4.0,0.4160629581201642,156549.161251119,110552.40189245495
5688.0,741435.99,741949.011251119,742041.011251119,0.0,0.0,5.576317946945378,605.0212511189748,92.0
5691.0,742180.95,742180.95,742227.1277023945,2.0,1.0,0.0,46.17770239454694,46.17770239454694
5693.0,742692.14,742692.14,742730.216778385,1.0,0.0,0.0,38.076778384973295,38.076778384973295
5694.0,743059.77,743059.77,743128.77,0.0,0.0,0.0,69.0,69.0
5671.0,737499.73,740814.8196826658,743826.8368901146,1.0,0.0,1.1006210968740229,6327.106890114606,3012.0172074488364
5633.0,727518.4299999998,741310.5305276726,746720.1042906736,3.0,1.0,2.5495725045851856,19201.674290673807,5409.573763001012
5637.0,727569.84,746720.1042906736,746843.3274205147,0.0,0.0,155.4112796467584,19273.48742051469,123.22312984103337
5686.0,741152.75,741310.5661050255,748570.0466815786,0.0,1.0,0.021739310872349402,7417.29668157862,7259.480576553149
5700.0,748699.35,748699.35,748727.5760653584,3.0,0.0,0.0,28.226065358379856,28.226065358379856
5701.0,748962.22,748962.22,749053.22,0.0,0.0,0.0,91.0,91.0
5703.0,749489.9,749489.9,749556.9,0.0,0.0,0.0,67.0,67.0
5698.0,746673.02,746720.1042906736,749641.5921287785,0.0,0.0,0.016116545158767655,2968.57212877844,2921.487838104833
5704.0,749607.27,749607.27,749696.27,0.0,0.0,0.0,89.0,89.0
5705.0,749735.3099999998,749735.3099999998,749814.3099999998,0.0,0.0,0.0,79.0,79.0
5706.0,749821.64,749821.64,749899.64,0.0,0.0,0.0,78.0,78.0
5707.0,749913.79,749913.79,749990.79,0.0,0.0,0.0,77.0,77.0
5710.0,750021.46,750021.46,750067.7040860291,2.0,0.0,0.0,46.244086029124446,46.244086029124446
5711.0,750178.6,750178.6,750264.6,0.0,0.0,0.0,86.0,86.0
5712.0,750246.5,750264.6,750352.6,0.0,0.0,0.2056818181815536,106.09999999997672,88.0
5713.0,750305.6699999998,750352.6,750438.6,0.0,0.0,0.545697674420554,132.93000000016764,86.0
5714.0,750360.96,750438.6,750487.6,0.0,0.0,1.5844897959186524,126.64000000001397,49.0
5366.0,559023.61,690910.440260832,751859.4687275231,0.0,1.0,2.1638873264880436,192835.85872752313,60949.02846669115
5715.0,750398.79,751859.4687275231,751943.4687275231,0.0,0.0,17.38903247051279,1544.6787275230745,84.0
5634.0,727522.3099999998,743826.8368901146,752122.0280369922,0.0,0.0,1.965539624273996,24599.71803699236,8295.191146877594
5641.0,727930.6799999998,752122.0280369922,752242.9743598845,0.0,0.0,200.0172263073169,24312.29435988469,120.94632289232686
5514.0,661200.5,710806.440260832,752306.4581426572,40.0,54.0,1.1953233466570796,91105.95814265718,41500.01788182522
5644.0,728623.26,752242.9743598845,752404.0452879077,1.0,0.0,146.6416978517867,23780.785287907696,161.07092802319676
5673.0,738647.24,752306.4581426572,752413.8068242002,0.0,0.0,127.24160135290487,13766.566824200214,107.3486815430224
5672.0,738586.13,752306.4581426572,752433.4581426572,0.0,0.0,108.03407986344234,13847.328142657178,127.0
5674.0,738680.22,752404.0452879077,752536.1212300982,0.0,1.0,103.908592740646,13855.901230098214,132.07594219048042
5676.0,738882.95,752413.8068242002,752559.4330662333,0.0,0.0,92.91496254586959,13676.48306623334,145.6262420330895
5675.0,738800.5,752433.4581426572,752562.2427765053,1.0,0.0,105.85857749718208,13761.7427765053,128.78463384811766
5679.0,739297.14,752562.2427765053,752688.2427765053,0.0,0.0,105.27859346432767,13391.102776505286,126.0
5721.0,752571.59,752688.2509200331,752792.2509200331,0.0,0.0,1.1217396157030284,220.66092003311496,104.0
5677.0,739004.2,752536.1212300982,753023.8995483057,0.0,0.0,27.74194900631558,14019.69954830571,487.77831820747815
5681.0,739679.32,753023.8995483057,753118.8995483057,0.0,0.0,140.46925840321805,13439.579548305715,95.0
5618.0,723993.45,751859.4687275231,753465.4687275231,0.0,0.0,17.351194724485154,29472.01872752316,1606.0
5678.0,739084.71,752559.4330662333,754957.3926472813,0.0,0.0,5.619245283669206,15872.682647281326,2397.959581047995
5723.0,753705.52,754957.3926472813,754997.3664325781,1.0,0.0,31.317340551736073,1291.8464325780515,39.97378529678099
5726.0,754402.95,754957.3926472813,755004.3926472813,0.0,0.0,11.796652069815652,601.4426472813357,47.0
5725.0,754230.29,754957.3926472813,755005.4198254856,2.0,1.0,15.139399699660462,775.129825485521,48.02717820426915
5722.0,753212.76,754957.3926472813,755097.176086692,0.0,2.0,12.480968093472947,1884.4160866920138,139.783439410734
5619.0,724005.09,753465.4687275231,755312.4442495005,1.0,2.0,15.950605937637048,31307.354249500553,1846.9755219774088
5685.0,741041.2,755312.4840803077,755461.3996994909,1.0,0.0,95.83470262276056,14420.199699490913,148.9156191832153
5638.0,727571.78,746843.3274205147,755807.6631148016,0.0,0.0,2.149802068746322,28235.883114801603,8964.335694286972
5680.0,739403.84,752688.2427765053,756023.0007662567,2.0,1.0,3.983618246760878,16619.16076625674,3334.757989751408
5727.0,755914.21,756023.0007662567,756059.9666201072,3.0,0.0,2.9430069895531714,145.75662010721862,36.96585385047365
5728.0,756125.6699999998,756125.6699999998,756196.6699999998,0.0,0.0,0.0,71.0,71.0
5687.0,741304.07,755461.3996994909,756214.3371030228,2.0,0.0,18.802797726716527,14910.267103022896,752.9374035319779
5729.0,756226.5499999998,756259.0579225374,756306.0579225374,0.0,0.0,0.6916579263324433,79.50792253762484,47.0
5692.0,742583.5,756214.3371030228,756316.2249088605,0.0,1.0,133.78281130854376,13732.724908860517,101.8878058376722
5730.0,756326.46,756326.46,756374.46,0.0,0.0,0.0,48.0,48.0
5689.0,741462.1799999998,755807.6631148016,756578.5682457556,1.0,0.0,18.60862321288393,15116.388245755807,770.9051309539936
5697.0,746368.44,756214.3774010482,756578.5978139455,0.0,1.0,27.032909338402906,10210.157813945552,364.2204128972953
5731.0,756538.89,756578.5682457556,756626.5461474567,2.0,0.0,0.8270108601828927,87.65614745672792,47.977901701116934
5708.0,749917.6699999998,756578.5682457556,756645.0365945791,0.0,0.0,100.21157985200425,6727.366594579304,66.46834882348776
5643.0,728418.59,756645.0365945791,756775.5319797264,0.0,1.0,216.3022589858004,28356.941979726427,130.49538514728192
5660.0,734574.21,756775.5319797264,756881.2743798187,1.0,0.0,209.95666790564857,22307.064379818738,105.74240009230562
5733.0,756871.6,756881.2743798187,756941.578632577,1.0,0.0,0.160426161940898,69.97863257699646,60.30425275827292
5732.0,756817.28,756881.2743798187,756950.2743798187,0.0,0.0,0.9274547799807582,132.99437981867231,69.0
5734.0,756871.6,756941.578632577,757021.578632577,0.0,0.0,0.8747329072124558,149.97863257699646,80.0
5735.0,756871.6,757021.578632577,757112.6362624138,1.0,1.0,1.6470737580775343,241.03626241383608,91.05762983683962
5696.0,746130.79,756881.2743798187,757155.2743798187,0.0,0.0,39.23534445189293,11024.484379818663,274.0
5736.0,756872.57,757112.6362624138,757201.2110143203,2.0,1.0,2.7103238478999656,328.6410143203102,88.57475190644618
5699.0,746999.91,748699.3754116478,757834.9020717343,0.0,1.0,0.18602818150297193,10834.992071734276,9135.52666008647
5818.0,757649.54,757834.9020717343,757893.9020717343,0.0,0.0,3.141730029394424,244.362071734271,59.0
5775.0,757399.28,757834.9020717343,757905.9020717343,0.0,0.0,6.13552213710254,506.6220717342803,71.0
5819.0,757907.5599999998,757907.5599999998,757967.5599999998,0.0,0.0,0.0,60.0,60.0
5820.0,758012.32,758012.32,758071.32,0.0,0.0,0.0,59.0,59.0
5596.0,691117.24,691906.033854183,758769.2462456464,1.0,0.0,0.011797127687567698,67652.0062456464,66863.21239146334
5709.0,750004.97,757155.2743798187,759213.4823358261,0.0,3.0,3.4740436985235568,9208.512335826177,2058.207956007449
5716.0,751312.53,759213.4823358261,759431.9255291038,0.0,0.0,36.16936841690521,8119.395529103815,218.44319327769335
5717.0,751494.89,759431.9255291038,759567.052469259,0.0,0.0,58.73762493244922,8072.162469258998,135.126940155169
5690.0,742117.9,756023.0007662567,759623.0007662567,0.0,0.0,3.8625279906268566,17505.100766256684,3600.0
5724.0,753859.75,755097.176086692,760073.8961214805,0.0,2.0,0.24864289693655958,6214.146121480502,4976.720034788479
5702.0,749308.51,749490.020053442,760766.9194163649,2.0,0.0,0.016095741178533518,11458.409416364855,11276.899362922879
5515.0,661207.29,723082.6618793306,761373.1207876161,0.0,1.0,1.615947513910357,100165.83078761608,38290.45890828548
5636.0,727563.0499999998,755312.4442495005,762027.7795526818,0.0,1.0,4.132242545856903,34464.72955268202,6715.335303181317
5822.0,761487.83,762027.7795526818,762066.918808517,1.0,0.0,13.795600891219532,579.0888085170882,39.13925583520904
5824.0,761842.85,762027.7795526818,762090.7795526818,0.0,0.0,2.935389725108897,247.9295526818605,63.0
5823.0,761718.69,762027.7795526818,762118.7795526818,0.0,0.0,3.3965884910098145,400.0895526818931,91.0
5639.0,727578.57,751859.4687275231,762830.1808807629,23.0,19.0,2.213247270401929,35251.61088076292,10970.712153239758
5718.0,751561.82,762830.1808807629,762979.6420984137,0.0,1.0,75.39320940828041,11417.822098413715,149.46121765079442
5720.0,751817.9,762979.6420984137,763073.6420984137,0.0,0.0,118.7419372171664,11255.74209841364,94.0
5739.0,756872.57,757834.9675587962,763376.9675587962,0.0,0.0,0.17365527946521464,6504.3975587962195,5542.0
5737.0,756872.57,757201.2110143203,764419.4258171964,0.0,2.0,0.045529403501453354,7546.855817196425,7218.214802876115
5740.0,756873.54,759431.9607087985,764429.9607087985,0.0,0.0,0.5118888973186183,7556.420708798454,4998.0
5742.0,756873.54,759623.0007662567,764616.0007662567,0.0,0.0,0.5506630815655258,7742.4607662566705,4993.0
5741.0,756873.54,759623.0007662567,764892.012978026,0.0,1.0,0.5218171178490119,8018.472978025908,5269.012211769237
5738.0,756872.57,757201.2110143203,764978.2002997497,0.0,0.0,0.04225812872547393,8105.630299749784,7776.989285429474
5516.0,661217.96,725622.6360053626,765228.3745933805,0.0,1.0,1.6261450562835185,104010.41459338053,39605.73858801788
5743.0,756873.54,761373.1207876161,765480.418588306,2.0,1.0,1.0955087763201035,8606.878588306019,4107.297800689936
5745.0,756874.51,761373.1207876161,766399.1207876161,0.0,0.0,0.895067804937547,9524.610787616111,5026.0
5746.0,756874.51,762027.7795526818,766695.9733513071,1.0,0.0,1.1039108004040918,9821.463351307088,4668.19379862526
5826.0,762634.37,765228.3745933805,766731.1457465314,0.0,0.0,1.726147449624319,4096.775746531435,1502.7711531509412
5748.0,756874.51,762027.7795526818,767015.7795526818,0.0,0.0,1.033133430770214,10141.269552681828,4988.0
5749.0,756874.51,763073.6420984137,767613.1335267297,1.0,0.0,1.3656005736116879,10738.623526729643,4539.491428315989
5752.0,756875.48,763376.9675587962,767880.0023695063,1.0,1.0,1.4438013100260534,11004.522369506303,4503.034810710116
5744.0,756873.54,760766.9194163649,768236.0110945761,0.0,0.0,0.5212654475406372,11362.47109457606,7469.091678211233
5747.0,756874.51,761373.1207876161,768484.6294587987,0.0,0.0,0.6325817763318634,11610.119458798668,7111.508671182557
5827.0,763635.41,766731.1457465314,768520.7180616916,0.0,0.0,1.7298746299918581,4885.308061691583,1789.572315160185
5751.0,756875.48,763073.6420984137,768724.6179328099,0.0,1.0,1.0968304024035782,11849.137932809885,5650.975834396202
5754.0,756934.65,764429.9607087985,768816.7155624025,2.0,0.0,1.7086231072704166,11882.06556240248,4386.754853604012
5760.0,756936.59,765480.418588306,769693.7592545461,2.0,0.0,2.0278038889104275,12757.16925454617,4213.340666240081
5828.0,764832.39,768520.7180616916,769824.1980718086,0.0,0.0,2.8296007864061625,4991.80807180854,1303.4800101169385
5821.0,760936.87,761373.1382006425,770027.3042998003,0.0,1.0,0.050411350515332014,9090.434299800312,8654.166099157766
5750.0,756875.48,763073.6420984137,770122.7408209908,0.0,1.0,0.8792843372390283,13247.260820990778,7049.098722577095
5755.0,756935.62,764616.0007662567,770650.1087026221,0.0,1.0,1.272827872363668,13714.488702622126,6034.1079363654135
5759.0,756936.59,765228.3745933805,770676.827156865,0.0,1.0,1.5218604726325313,13740.23715686507,5448.452563484549
5756.0,756935.62,764892.012978026,770950.8460739771,0.0,1.0,1.3131890005920268,14015.226073977072,6058.833095951122
5763.0,756937.5599999998,767015.7795526818,771004.8030854672,1.0,0.0,2.526487865977777,14067.243085467373,3989.023532785359
5829.0,765537.58,771004.8415478985,771422.8415478985,0.0,0.0,13.079573081096948,5885.261547898524,418.0
5753.0,756875.48,764419.4258171964,771927.1800543442,0.0,0.0,1.0048205600377083,15051.700054344255,7507.754237147863
5762.0,756937.5599999998,766695.9733513071,772423.4267676775,0.0,1.0,1.7037961973493114,15485.866767677711,5727.4534163704375
5758.0,756935.62,765228.3745933805,772668.592260313,0.0,2.0,1.1145849442331552,15732.972260312992,7440.217666932498
5757.0,756935.62,764978.2002997497,772806.4227966039,0.0,0.0,1.0273826916623459,15870.802796603879,7828.222496854141
5768.0,756938.53,768816.7155624025,772807.714891125,1.0,0.0,2.976243437807014,15869.184891124954,3990.999328722479
5764.0,756937.5599999998,767613.1335267297,773054.0215934046,0.0,1.0,1.9621012959478048,16116.461593404762,5440.888066674932
5761.0,756936.59,766399.1207876161,773379.6750351867,0.0,1.0,1.3555557985828097,16443.085035186727,6980.554247570573
5767.0,756938.53,768816.7155624025,774144.1906357208,0.0,1.0,2.229608848268878,17205.660635720822,5327.475073318346
5769.0,756938.53,769693.7592545461,774712.7592545461,0.0,0.0,2.5413885743267803,17774.22925454611,5019.0
5766.0,756938.53,768236.0110945761,775252.5958111073,0.0,0.0,1.6101111225749154,18314.065811107284,7016.584716531215
5765.0,756937.5599999998,767880.0023695063,775354.1854795752,0.0,1.0,1.4640318825966772,18416.625479575363,7474.183110068901
5776.0,757444.87,768724.6179328099,775742.7686056439,0.0,0.0,1.6072251022583086,18297.898605643888,7018.150672834017
5772.0,756939.5,768484.6294587987,776238.8113137393,0.0,0.0,1.4888907269362868,19299.31131373928,7754.181854940602
5770.0,756939.5,771004.8030854672,776323.9419985582,0.0,1.0,2.6442819627911573,19384.441998558235,5319.138913091039
5771.0,756939.5,772807.714891125,776478.0832952969,2.0,0.0,4.323330288340675,19538.583295296878,3670.3684041718952
5784.0,757445.84,770122.7408209908,777142.4592870455,0.0,0.0,1.8058987525343715,19696.619287045556,7019.718466054765
5782.0,757445.84,769693.7592545461,777163.5219296867,0.0,0.0,1.6396664508910608,19717.68192968669,7469.762675140519
5783.0,757445.84,769824.1980718086,777701.871489776,0.0,0.0,1.571321558415462,20256.03148977598,7877.673417967395
5787.0,757446.8099999998,770676.827156865,777726.5685527667,0.0,0.0,1.8766670171130593,20279.75855276687,7049.741395901656
5786.0,757446.8099999998,770650.1087026221,778160.5819312326,0.0,0.0,1.7579849232835987,20713.771931232768,7510.47322861047
5773.0,756939.5,774144.1906357208,778679.9142292796,1.0,1.0,3.793152356143004,21740.414229279617,4535.723593558767
5793.0,757448.75,770950.8460739771,778758.4937749114,0.0,0.0,1.7293423821314715,21309.74377491139,7807.647700934322
5795.0,757449.72,771927.1800543442,778944.0728017734,0.0,0.0,2.0632294913797016,21494.352801773464,7016.8927474291995
5794.0,757448.75,771422.8415478985,779252.9838920045,0.0,0.0,1.78465357764757,21804.23389200447,7830.142344105989
5774.0,756940.47,774712.7592545461,779336.0508023748,1.0,0.0,3.844077119231816,22395.58080237487,4623.291547828703
5797.0,757608.7999999998,772423.4267676775,779442.6449367646,0.0,0.0,2.1105807528425227,21833.8449367648,7019.218169087078
5802.0,757609.77,772806.4227966039,779855.3977263487,0.0,0.0,2.1558670513180473,22245.6277263487,7048.974929744843
5798.0,757608.7999999998,772668.592260313,780061.1793226541,0.0,0.0,2.0371477715872692,22452.379322654335,7392.587062341161
5804.0,757610.74,773054.0215934046,780091.8077580451,0.0,0.0,2.1943379966551335,22481.06775804516,7037.786164640565
5805.0,757610.74,773379.6750351867,780409.114081997,0.0,0.0,2.2432707546332793,22798.374081996968,7029.439046810265
5777.0,757444.87,776478.0832952969,781146.1795164741,1.0,1.0,4.077296695160422,23701.30951647414,4668.096221177257
5670.0,736983.69,739946.8383363845,781197.6170367085,0.0,3.0,0.07183254303903086,44213.92703670857,41250.77870032401
5778.0,757444.87,777701.871489776,782116.8037424562,1.0,0.0,4.588292714452855,24671.933742456255,4414.932252680301
5809.0,757611.71,775354.1854795752,782428.1355842341,0.0,0.0,2.5081425818779657,24816.42558423418,7073.950104658958
5807.0,757611.71,775252.5958111073,782643.7457332796,0.0,0.0,2.3867579465797903,25032.035733279656,7391.149922172306
5780.0,757445.84,778679.9142292796,782956.1658390014,2.0,0.0,4.965581113376315,25510.325839001453,4276.251609721803
5811.0,757612.6799999998,775742.7686056439,783155.9026021356,0.0,0.0,2.445671238942165,25543.222602135735,7413.13399649167
5813.0,757612.6799999998,776238.8113137393,783263.7383734464,0.0,0.0,2.651434122437141,25651.058373446576,7024.927059707115
5814.0,757613.65,776323.9419985582,783406.1448327306,0.0,0.0,2.641874630909891,25792.49483273062,7082.202834172407
5789.0,757447.78,779336.083853117,783555.8593744815,1.0,0.0,5.187077782289,26108.07937448146,4219.775521364529
5815.0,757613.65,776478.0832952969,783908.4639878434,0.0,0.0,2.53882460076642,26294.813987843343,7430.380692546489
5779.0,757444.87,778679.9142292796,783933.9142292796,0.0,0.0,4.041690945808836,26489.04422927962,5254.0
5790.0,757447.78,779855.3977263487,784543.8989148607,1.0,0.0,4.779270992028997,27096.11891486065,4688.50118851196
5788.0,757446.8099999998,779336.0508023748,784618.0508023748,0.0,0.0,4.144119803554529,27171.240802375018,5282.0
5785.0,757446.8099999998,779336.0508023748,784774.3552681013,0.0,1.0,4.025012012535586,27327.5452681015,5438.304465726484
5816.0,757613.65,777142.4592870455,784936.3050786919,0.0,0.0,2.5056704750274736,27322.655078691896,7793.845791646396
5792.0,757448.75,780091.8258395391,785106.8258395391,0.0,0.0,4.515069958033711,27658.07583953906,5015.0
5781.0,757445.84,778944.0728017734,785186.8514179814,0.0,1.0,3.443696168555143,27741.01141798147,6242.778616208001
5791.0,757448.75,780091.8077580451,785352.8077580451,0.0,0.0,4.303945591721184,27904.05775804515,5261.0
5799.0,757608.7999999998,781197.6170367085,785421.8925692859,1.0,0.0,5.5841094774223,27813.09256928612,4224.27553257742
5800.0,757609.77,782116.8037424562,786473.8695464887,1.0,0.0,5.624664589590273,28864.099546488724,4357.065804032492
5801.0,757609.77,782643.7457332796,786846.6531489426,3.0,0.0,5.956347180046194,29236.88314894261,4202.907415663009
5806.0,757611.71,782956.1658390014,786886.2697733752,2.0,0.0,6.448800403809053,29274.55977337528,3930.103934373823
5808.0,757611.71,783263.7383734464,787072.321731861,2.0,0.0,6.735320185856374,29460.61173186102,3808.5833584145876
5796.0,757449.72,781146.1795164741,787527.2709188132,0.0,1.0,3.7135433458589855,30077.550918813213,6381.091402339051
5810.0,757612.6799999998,783555.8593744815,787535.928898252,1.0,0.0,6.518272914465237,29923.248898252146,3980.0695237704786
5817.0,757614.62,783933.9142292796,788527.5013300154,3.0,0.0,5.7295733491292875,30912.88133001537,4593.587100735749
5812.0,757612.6799999998,783555.8593744815,788663.2794984548,1.0,1.0,5.079507607511904,31050.599498454947,5107.420123973279
5803.0,757609.77,782956.1658390014,788748.2346029471,0.0,1.0,4.3760523004797225,31138.46460294712,5792.068763945717
5825.0,761935.0,784543.8989148607,789627.1791192062,0.0,0.0,4.447698731132966,27692.17911920615,5083.280204345472
5571.0,670311.71,676052.9344107729,795996.3457383199,0.0,0.0,0.04786610908617984,125684.63573831995,119943.41132754704
5455.0,580802.0499999999,580802.0499999999,798651.7178963104,0.0,2.0,0.0,217849.66789631045,217849.66789631045
5581.0,682064.23,684147.5717575178,804775.379326683,0.0,1.0,0.017270825023684797,122711.14932668302,120627.80756916525
5830.0,805256.1699999998,805256.1699999998,805323.1699999998,0.0,0.0,0.0,67.0,67.0
5834.0,811085.87,811085.87,811180.3223946637,2.0,0.0,0.0,94.45239466370549,94.45239466370549
5835.0,811307.03,811307.03,811366.03,0.0,0.0,0.0,59.0,59.0
5684.0,740818.1,754957.4683126608,811515.5101364399,2.0,1.0,0.24999748677147657,70697.41013643995,56558.04182377912
5836.0,811508.7899999998,811508.7899999998,811567.7899999998,0.0,0.0,0.0,59.0,59.0
5595.0,691113.36,691905.9591537018,812627.2834155178,0.0,0.0,0.006565527329561413,121513.92341551778,120721.32426181599
5837.0,812749.4199999998,812749.4199999998,812859.6939700632,1.0,1.0,0.0,110.27397006342653,110.27397006342653
5838.0,813134.51,813134.51,813238.51,0.0,0.0,0.0,104.0,104.0
5839.0,813513.78,813513.78,813905.78,0.0,0.0,0.0,392.0,392.0
5831.0,806138.87,811085.9340548142,813959.3893305324,0.0,3.0,1.7216429629577639,7820.5193305324065,2873.455275718239
5840.0,813859.1,813905.78,814013.78,0.0,0.0,0.4322222222226965,154.68000000005122,108.0
5841.0,814136.52,814136.52,814186.6273358907,3.0,0.0,0.0,50.1073358906433,50.1073358906433
5843.0,814255.83,814255.83,814327.83,0.0,0.0,0.0,72.0,72.0
5842.0,814211.21,814255.9083302367,814357.9083302367,0.0,0.0,0.43821892388936534,146.69833023671526,102.0
5844.0,814322.76,814327.83,814398.83,0.0,0.0,0.0714084507035039,76.06999999994878,71.0
5845.0,814672.9299999998,814672.9299999998,814771.5761007147,1.0,0.0,0.0,98.64610071491916,98.64610071491916
5846.0,814864.99,814864.99,814962.673621692,1.0,0.0,0.0,97.68362169200554,97.68362169200554
5833.0,808517.3099999998,811086.0941699005,815114.1770940857,0.0,5.0,0.6377187903648501,6596.867094085901,4028.0829241852043
5440.0,578908.61,578908.61,815688.6065122011,33.0,65.0,0.0,236779.99651220115,236779.99651220115
5847.0,815050.26,815050.26,816346.26,0.0,0.0,0.0,1296.0,1296.0
5832.0,806380.4,811086.0109531598,816517.9131412022,2.0,0.0,0.8662915476494596,10137.513141202158,5431.902188042412
5848.0,816267.61,816267.61,817054.9823441163,2.0,1.0,0.0,787.3723441163311,787.3723441163311
5850.0,817174.5599999998,817174.5599999998,817786.5599999998,0.0,0.0,0.0,612.0,612.0
5444.0,579017.25,580245.879294927,819006.8126122527,0.0,0.0,0.005145855638343007,239989.56261225266,238760.93331732566
5851.0,817736.19,817786.5599999998,822351.2477525467,0.0,1.0,0.011034708775375726,4615.057752546738,4564.687752546859
5859.0,822298.1,822351.2477525467,822389.8346233031,1.0,0.0,1.3773532682175171,91.73462330317125,38.58687075646594
5857.0,821965.39,822351.2477525467,822405.2815629313,2.0,1.0,7.141042798951733,439.8915629312396,54.03381038457155
5858.0,822162.2999999998,822351.2477525467,822409.2477525467,0.0,0.0,3.257719871497729,246.9477525468683,58.0
5442.0,578981.36,579523.6340923107,822445.6436945442,0.0,2.0,0.0022322970783858706,243464.28369454422,242922.00960223353
5854.0,821121.49,822351.2477525467,822526.2477525467,0.0,0.0,7.0271871574096645,1404.7577525466913,175.0
5860.0,822572.61,822572.61,822650.61,0.0,0.0,0.0,78.0,78.0
5862.0,822699.6799999998,822699.6799999998,822763.6799999998,0.0,0.0,0.0,64.0,64.0
5863.0,822739.45,822763.6799999998,822829.6799999998,0.0,0.0,0.36712121211916604,90.22999999986496,66.0
5861.0,822693.86,822699.6870800349,822863.6870800349,0.0,0.0,0.03553097582246154,169.8270800348837,164.0
5864.0,822771.46,822829.6799999998,822955.9448216853,1.0,0.0,0.4610943826053879,184.48482168535702,126.26482168550137
5866.0,823063.4299999998,823155.8648216854,823337.8648216854,0.0,0.0,0.5078836356348532,274.4348216855433,182.0
5865.0,822926.66,822955.9448216853,823645.774627589,0.0,1.0,0.042452241748125515,719.114627589006,689.8298059037188
5871.0,825763.91,825763.91,825884.91,0.0,0.0,0.0,121.0,121.0
5867.0,823253.5499999998,825763.9558212433,826329.5155367942,1.0,0.0,4.438798861051098,3075.9655367943924,565.5597155508585
5868.0,823496.0499999998,825764.0373006087,826435.0872580569,1.0,0.0,3.37975924956992,2939.03725805704,671.049957448151
5869.0,825024.77,826329.5155367942,826498.9263978439,2.0,0.0,7.701664041549879,1474.1563978438498,169.41086104966234
5872.0,826382.77,826435.0872580569,826751.8831491877,1.0,1.0,0.16514500194458917,369.113149187644,316.79589113080874
5870.0,825448.66,826329.5155367942,827155.1448830938,1.0,1.0,1.066889810472614,1706.4848830937408,825.6293462995673
5874.0,826663.1,826751.8831491877,827160.4668826502,0.0,1.0,0.2172948698552029,497.36688265018165,408.58373346249573
5875.0,826842.5499999998,827155.1448830938,827481.6834942562,2.0,0.0,0.9572983788383996,639.1334942564135,326.5386111624539
5876.0,827388.66,827481.6834942562,827794.6834942562,0.0,0.0,0.2971996621603664,406.0234942561947,313.0
5877.0,827859.11,827859.11,827916.7960184286,3.0,0.0,0.0,57.68601842864882,57.68601842864882
5879.0,828538.11,828538.11,828586.11,0.0,0.0,0.0,48.0,48.0
5880.0,828662.27,828662.27,828692.7494833816,2.0,0.0,0.0,30.479483381612226,30.479483381612226
5878.0,828092.88,828538.152618215,829062.4226886637,0.0,2.0,0.8493191645172812,969.5426886636997,524.2700704487506
5881.0,829015.35,829015.35,829063.35,0.0,0.0,0.0,48.0,48.0
5882.0,829085.19,829085.19,830151.19,0.0,0.0,0.0,1066.0,1066.0
5884.0,829239.4199999998,830151.19,830213.19,0.0,0.0,14.705967741937663,973.770000000135,62.0
5883.0,829103.62,830151.19,830240.19,0.0,0.0,11.770449438201672,1136.5699999999488,89.0
5886.0,830229.7899999998,830229.7899999998,830263.3168829995,2.0,0.0,0.0,33.52688299969304,33.52688299969304
5887.0,830373.35,830373.35,830417.5472538295,1.0,0.0,0.0,44.19725382956676,44.19725382956676
5885.0,830084.2899999998,830151.2207912812,831102.6665058224,0.0,2.0,0.07034641100219603,1018.3765058226418,951.4457145412453
5888.0,831143.53,831143.53,834743.53,0.0,0.0,0.0,3600.0,3600.0
5889.0,831750.75,834743.53,834786.0261786976,2.0,1.0,70.42468503578027,3035.27617869759,42.496178697561845
5895.0,833070.9199999998,834743.53,834801.53,0.0,0.0,28.838103448279636,1730.6100000002189,58.0
5897.0,834160.23,834743.53,834801.53,0.0,0.0,10.056896551724941,641.3000000000466,58.0
5894.0,832987.5,834743.53,834802.53,0.0,0.0,29.763220338983526,1815.030000000028,59.0
5890.0,831909.83,834743.53,834804.53,0.0,0.0,46.454098360656886,2894.70000000007,61.0
5892.0,832749.85,834743.53,834806.0251271984,2.0,1.0,31.90136718452835,2056.175127198454,62.49512719840277
5891.0,832717.84,834743.53,834836.9301462963,2.0,0.0,21.68829579318805,2119.0901462963084,93.40014629624784
5896.0,833218.36,834743.53,834903.53,0.0,0.0,9.532312500000263,1685.170000000042,160.0
5893.0,832755.6699999998,834743.53,836083.1510057488,0.0,4.0,1.483897304886731,3327.4810057489667,1339.6210057487478
5899.0,835059.4199999998,836083.2514308012,836178.7931928596,1.0,0.0,10.716061842942661,1119.3731928598136,95.5417620583903
5898.0,834943.99,836083.1914945134,836209.1592065033,2.0,1.0,9.043599161385986,1265.169206503313,125.96771198988426
5900.0,835180.6699999998,836083.3201804113,836211.8063986861,1.0,1.0,7.025268488181,1031.136398686329,128.48621827480383
5901.0,835251.48,836083.1510057488,836294.5688036091,1.0,0.0,3.9337795311735544,1043.0888036091346,211.41779786034022
5902.0,835520.1699999998,836083.4341252221,838357.8434984578,0.0,1.0,0.2476529211718032,2837.673498457996,2274.409373235656
5904.0,838301.16,838357.8434984578,838404.8434984578,0.0,0.0,1.2060318820802693,103.68349845777266,47.0
5903.0,836531.88,836531.88,840131.88,0.0,0.0,0.0,3600.0,3600.0
5914.0,844567.36,862348.7218306693,862392.831100943,1.0,0.0,403.1207435609804,17825.471100943047,44.10927027370781
5915.0,844668.24,862348.7218306693,862403.352024537,1.0,0.0,323.63937557095505,17735.112024537055,54.63019386772066
5912.0,844546.02,862348.7218306693,862403.5678819974,1.0,0.0,324.59404824176806,17857.547881997423,54.84605132811703
5918.0,845291.95,862348.7218306693,862406.7506931016,3.0,0.0,293.9360021160187,17114.8006931016,58.02886243222747
5916.0,844685.7,862348.7218306693,862418.7218306693,0.0,0.0,252.32888329527674,17733.02183066937,70.0
5919.0,845333.66,862348.7218306693,862419.7218306693,0.0,0.0,239.64875817844074,17086.061830669292,71.0
5920.0,845385.07,862348.7218306693,862430.7218306693,0.0,0.0,206.87380281304118,17045.651830669376,82.0
5917.0,845246.36,862348.7218306693,862436.4653941478,1.0,1.0,194.9130073212392,17190.105394147802,87.74356347846333
5913.0,844553.78,862348.7218306693,862438.7218306693,0.0,0.0,197.72157589632553,17884.941830669297,90.0
5909.0,843297.63,862348.8893680798,862547.6334401259,2.0,0.0,95.85825213276783,19250.003440125845,198.74407204601448
5907.0,843291.8099999998,862348.7765777301,862622.7765777301,0.0,0.0,69.5509729114243,19330.966577730258,274.0
5911.0,843321.88,862349.1597208799,862691.0666864153,0.0,2.0,55.650459449049144,19369.18668641534,341.9069655354833
5906.0,843288.9,862348.7442978064,864619.4238404005,0.0,1.0,8.393894400454052,21330.523840400507,2270.6795425941236
5922.0,845551.91,862547.6334401259,865157.6334401259,0.0,0.0,6.511771432998398,19605.723440125817,2610.0
5908.0,843294.72,862348.821845927,865273.5569763537,0.0,2.0,6.514812793713445,21978.836976353778,2924.7351304267067
5910.0,843318.97,862349.0050581831,865323.1065770239,0.0,6.0,6.398582878771607,22004.13657702389,2974.101518840762
5925.0,845563.5499999998,862691.1819519345,865708.7862660962,0.0,1.0,5.675903852454819,20145.236266096355,3017.6043141616974
5924.0,845560.64,862622.7765777301,865944.7242997356,0.0,1.0,5.136184553629651,20384.08429973561,3321.9477220055414
5934.0,849854.83,865323.1065770239,866445.1840141899,0.0,0.0,13.785391332786793,16590.354014189914,1122.0774371660082
5923.0,845557.73,862547.6334401259,866473.2986375337,0.0,1.0,4.327904338695146,20915.568637533695,3925.665197407827
5926.0,845567.4299999998,862691.0666864153,866594.5763703635,0.0,0.0,4.386728373399645,21027.146370363655,3903.5096839481266
5927.0,845587.7999999998,865157.6334401259,867005.0069832591,2.0,0.0,10.593327761387325,21417.206983259297,1847.3735431332607
5935.0,849855.7999999998,867005.0069832591,867564.8519525764,2.0,0.0,30.632064094764104,17709.051952576614,559.844969317317
5933.0,849850.95,865273.5569763537,867818.975208287,0.0,0.0,6.058967749531765,17968.025208287057,2545.4182319332613
5931.0,849846.1,865944.7242997356,868659.6804147945,2.0,1.0,5.929607558089996,18813.580414794502,2714.956115058856
5932.0,849848.0399999998,866473.2986375337,869079.4293571272,2.0,1.0,6.379288081193063,19231.389357127366,2606.1307195934933
5930.0,849839.3099999998,864619.4238404005,873962.6972587998,0.0,0.0,1.5818988890226544,24123.38725879998,9343.273418399272
5928.0,845603.32,873962.6972587998,875439.1352138133,0.0,0.0,19.207970888652074,29835.81521381333,1476.4379550134763
5873.0,826512.75,826512.75,876286.5452450025,2.0,0.0,0.0,49773.79524500249,49773.79524500249
5921.0,845399.62,876286.5452450025,876413.4225750176,1.0,0.0,243.4392750961521,31013.80257501756,126.87733001506422
5929.0,845635.33,875439.1352138133,877574.4846295164,0.0,0.0,13.957343465495546,31939.154629516415,2135.3494157030946
5349.0,488327.1,491129.3161514284,882457.3630897705,3.0,4.0,0.007160785364995644,394130.26308977057,391328.04693834216
5611.0,722778.04,733891.9343044478,885607.5718943418,1.0,0.0,0.07325477110335869,162829.5318943418,151715.637589894
5905.0,842258.76,842258.76,898953.4781424466,0.0,1.0,0.0,56694.718142446596,56694.718142446596
5951.0,896856.1799999998,898955.0462751113,898991.6909114125,3.0,0.0,57.27622066867924,2135.5109114126535,36.644636301207356
5949.0,896001.61,898954.4957562101,899001.4957562101,0.0,0.0,62.82735651510797,2999.8857562100748,47.0
5950.0,896357.6,898954.7525602005,899001.9768932216,3.0,0.0,54.99606652021118,2644.3768932216335,47.2243330210913
5946.0,894407.9,898953.4781424466,899005.4781424466,0.0,0.0,87.41496427781888,4597.578142446582,52.0
5954.0,897340.21,898956.0754814236,899005.8894779099,2.0,1.0,32.437981198110094,1665.6794779099291,49.81399648624938
5944.0,893605.71,898953.4781424466,899007.4781424466,0.0,0.0,99.03274337864153,5401.768142446643,54.0
5943.0,893546.5399999998,898953.4781424466,899011.4781424466,0.0,0.0,93.22307142149657,5464.938142446801,58.0
5948.0,895901.7,898954.271869634,899013.271869634,0.0,0.0,51.73850626498461,3111.571869634092,59.0
5955.0,897495.41,898956.4705292218,899014.4705292218,0.0,0.0,25.19069877968587,1519.0605292217806,58.0
5947.0,894777.47,898953.4781424466,899031.4781424466,0.0,0.0,53.538565928802996,4254.008142446633,78.0
5953.0,897328.57,898955.6937678712,899049.6937678712,0.0,0.0,17.309827317779714,1721.1237678712932,94.0
5945.0,894266.28,898954.0705994206,899058.0705994206,0.0,0.0,45.074909609812984,4791.79059942055,104.0
5957.0,898921.3099999998,899049.6937678712,899212.6937678712,0.0,0.0,0.7876304777387667,291.38376787141897,163.0
5952.0,897280.07,898955.3469532528,899218.6787636359,2.0,0.0,6.361848007711097,1938.6087636359734,263.33181038312614
5958.0,899379.15,899379.15,899465.8176046292,1.0,0.0,0.0,86.66760462918319,86.66760462918319
5959.0,899568.2999999998,899568.2999999998,899636.2999999998,0.0,0.0,0.0,68.0,68.0
5956.0,898752.53,898956.8956781715,899672.3674206982,0.0,1.0,0.28563766536720325,919.8374206981389,715.4717425266281
5960.0,899641.0499999998,899641.0499999998,899708.0499999998,0.0,0.0,0.0,67.0,67.0
5961.0,899926.23,899926.23,900047.2974117274,0.0,1.0,0.0,121.06741172738839,121.06741172738839
5962.0,901160.07,901160.07,901255.07,0.0,0.0,0.0,95.0,95.0
5938.0,891293.23,898953.4781424466,902009.0639460903,0.0,7.0,2.5069654837746773,10715.833946090308,3055.585803643684
5963.0,902057.32,902057.32,902115.32,0.0,0.0,0.0,58.0,58.0
5937.0,891291.2899999998,898953.4781424466,902665.5638654131,2.0,1.0,2.064119396554144,11374.27386541327,3712.085722966469
5964.0,903019.56,903019.56,903077.56,0.0,0.0,0.0,58.0,58.0
5965.0,903588.95,903615.1663143351,903718.1663143351,0.0,0.0,0.2545273236419499,129.21631433512084,103.0
5966.0,903615.14,903615.14,903888.9320159433,1.0,1.0,0.0,273.792015943327,273.792015943327
5311.0,398685.52,645096.2773672163,904236.2773672163,0.0,0.0,0.9508788969947375,505550.7573672163,259140.0
5968.0,903810.11,904236.3116718791,904283.1110362365,3.0,0.0,9.106997022963228,473.0010362365283,46.799364357371815
5971.0,904321.3,904321.3,904384.1716612623,2.0,1.0,0.0,62.87166126223747,62.87166126223747
5970.0,904029.33,904236.4500621287,904762.4500621287,0.0,0.0,0.3937643766706409,733.1200621287571,526.0
5972.0,904363.98,904762.4500621287,904855.4500621287,0.0,0.0,4.28462432396488,491.47006212873384,93.0
5969.0,903964.34,904236.3622766059,904904.4196742645,0.0,4.0,0.4071839898178372,940.0796742645325,668.0573976585874
5975.0,905689.0,905744.8567355053,905804.8567355053,0.0,0.0,0.9309455917546681,115.85673550528008,60.0
5973.0,905331.07,905331.07,905845.1729884277,2.0,1.0,0.0,514.1029884277377,514.1029884277377
5976.0,905803.46,905845.1729884277,905906.1247656057,0.0,1.0,0.6843604954441574,102.664765605703,60.95177717797924
5974.0,905449.41,905744.8860693633,906179.5661438829,3.0,0.0,0.6797552652714945,730.156143882894,434.6800745195942
5940.0,891310.69,898953.6223656115,906627.4987665011,0.0,1.0,0.9959676135421645,15316.80876650114,7673.876400889596
5977.0,906044.02,906179.5661438829,906758.5661438829,0.0,0.0,0.23410387544543684,714.5461438829079,579.0
5978.0,906303.98,906758.5661438829,906889.4225472264,0.0,0.0,3.473931212136895,585.4425472264411,130.8564033434959
5980.0,906772.49,906889.4225472264,906961.4849037462,0.0,1.0,1.6226578323787029,188.99490374617744,72.06235651974566
5979.0,906535.81,906758.6032626441,907163.5446369632,3.0,0.0,0.5501864634572174,627.7346369631123,404.94137431902345
5982.0,906967.46,906967.46,907179.4012001487,1.0,0.0,0.0,211.9412001487799,211.9412001487799
5981.0,906847.18,906889.4587255231,907423.6857724095,2.0,1.0,0.07913999444513638,576.505772409495,534.227046886459
5983.0,907060.58,907163.5446369632,907838.6662689016,0.0,1.0,0.15251272080792633,778.0862689015921,675.121631938382
5941.0,891315.5399999998,898953.7251841219,912073.6497166803,1.0,0.0,0.582182097554535,20758.109716680483,13119.92453255842
5989.0,912430.5,912430.5,912523.5,0.0,0.0,0.0,93.0,93.0
5985.0,910114.14,912430.5638117444,912589.2630943634,0.0,1.0,14.59630928078315,2475.123094363371,158.699282618938
5990.0,912543.02,912543.02,912591.1465122247,2.0,0.0,0.0,48.12651222466957,48.12651222466957
5987.0,912080.33,912589.2630943634,912722.1253691594,0.0,0.0,3.830531241052751,641.7953691594303,132.86227479600348
5986.0,910761.13,912543.0793545516,913376.1186173377,2.0,0.0,2.139094078941742,2614.988617337658,833.039262786042
5988.0,912385.88,913376.1186173377,913606.5265293646,1.0,1.0,4.29776307864692,1220.6465293646324,230.40791202697437
5967.0,903781.98,903781.98,914004.3487447039,0.0,0.0,0.0,10222.368744703941,10222.368744703941
5995.0,914123.15,914123.15,914295.15,0.0,0.0,0.0,172.0,172.0
5991.0,913073.61,913376.1186173377,914708.7809325537,0.0,0.0,0.2269957016745374,1635.1709325537086,1332.6623152160319
5994.0,913598.38,913606.5265293646,915281.8670396818,1.0,1.0,0.004862611101721876,1683.4870396817569,1675.3405103171244
5996.0,915838.11,915838.11,917499.11,0.0,0.0,0.0,1661.0,1661.0
5998.0,917330.94,917499.11,917588.11,0.0,0.0,1.8895505617982238,257.1700000000419,89.0
5997.0,916815.87,917499.11,917639.11,0.0,0.0,4.880285714285648,823.2399999999907,140.0
5999.0,917561.8,917588.11,917655.11,0.0,0.0,0.3926865671632756,93.30999999993946,67.0
5939.0,891295.1699999998,898953.5254418078,918098.3667649439,0.0,1.0,0.40002188122358834,26803.19676494412,19144.84132313612
5936.0,888270.71,888270.71,930323.2439708805,0.0,4.0,0.0,42052.533970880555,42052.533970880555
6000.0,917659.77,930323.2439708805,931752.1633278426,0.0,0.0,8.86227337405754,14092.393327842583,1428.9193569620838
6004.0,933812.21,933812.21,933859.21,0.0,0.0,0.0,47.0,47.0
6002.0,931689.85,933812.261956586,933937.261956586,0.0,0.0,16.97929565268848,2247.41195658606,125.0
6005.0,934353.47,934353.47,934443.47,0.0,0.0,0.0,90.0,90.0
6003.0,931825.65,933812.3499343878,935817.3499343878,0.0,0.0,0.9908727852308291,3991.6999343878124,2005.0
5853.0,818661.57,819006.8518306693,937408.7956808697,0.0,1.0,0.0029161838010550224,118747.22568086977,118401.94385020039
6006.0,934648.35,935817.3499343878,938326.5027191004,0.0,0.0,0.4658942817313339,3678.1527191004716,2509.1527847126126
6007.0,937291.6,938326.5027191004,940943.0195465877,0.0,0.0,0.39552687306594686,3651.419546587742,2616.5168274872703
5695.0,745414.9299999998,746720.1042906736,947150.2614254177,1.0,0.0,0.006511865825642055,201735.3314254179,200430.1571347441
6016.0,944180.54,947150.2614254177,947194.73827018,3.0,0.0,66.77005622350994,3014.1982701799134,44.476844762219116
6010.0,942802.17,947150.2614254177,947202.9525293133,2.0,0.0,82.52040864502355,4400.782529313234,52.691103895544074
6015.0,944102.94,947150.2614254177,947208.2614254177,0.0,0.0,52.54002457616875,3105.3214254177874,58.0
6017.0,944396.85,947150.2614254177,947212.107267763,3.0,0.0,44.52055823002959,2815.2572677630233,61.845842345268466
6009.0,942258.0,947150.2614254177,947241.2614254177,0.0,0.0,53.76111456503002,4983.2614254177315,91.0
6019.0,944721.8,947150.2614254177,947241.2614254177,0.0,0.0,26.68638929030423,2519.461425417685,91.0
6020.0,944925.5,947150.2614254177,947272.2614254177,0.0,0.0,18.23574938866993,2346.7614254177315,122.0
6013.0,943733.37,947150.2614254177,947273.2614254177,0.0,0.0,27.779605084697042,3539.891425417736,123.0
6011.0,942967.07,947150.2614254177,947363.2614254177,0.0,0.0,19.639396363463767,4396.191425417783,213.0
6014.0,943901.18,947150.328493153,947417.3914226186,0.0,1.0,12.166228010955052,3516.211422618595,267.0629294656683
6018.0,944551.08,947417.3914226186,947572.3914226186,0.0,0.0,18.492331758830247,3021.311422618688,155.0
5593.0,687089.7999999999,687089.7999999999,978394.1513384879,0.0,1.0,0.0,291304.35133848793,291304.35133848793
5856.0,821926.59,822351.2924356476,980849.543280164,1.0,1.0,0.0026795402055523475,158922.95328016405,158498.25084451644
6025.0,984793.47,984793.47,984969.8962025896,1.0,0.0,0.0,176.42620258964598,176.42620258964598
6026.0,985207.66,985207.66,985286.1943449642,1.0,0.0,0.0,78.53434496419504,78.53434496419504
6028.0,985920.61,985920.61,986541.61,0.0,0.0,0.0,621.0,621.0
6029.0,986663.63,986663.63,986725.63,0.0,0.0,0.0,62.0,62.0
6021.0,945158.3,947572.3914226186,988390.3914226186,0.0,0.0,0.059142814998740745,43232.0914226186,40818.0
6012.0,943374.47,947150.2748993867,991000.2748993867,0.0,0.0,0.08610729531098546,47625.80489938671,43850.0
6031.0,988476.56,991000.2748993867,991464.2748993867,0.0,0.0,5.439040731436699,2987.7148993866285,464.0
5942.0,891317.48,898953.8935948743,995420.820719028,0.0,1.0,0.07916095000150876,104103.34071902803,96466.9271241537
5719.0,751603.53,759567.052469259,1001365.7509207623,0.0,0.0,0.03293451337934393,249762.22092076228,241798.6984515033
5683.0,740216.7,753118.8995483057,1002136.3583438143,42.0,24.0,0.05181242958109578,261919.6583438143,249017.4587955086
6032.0,990976.25,1002136.3583438143,1002284.209165843,0.0,0.0,75.48222046170042,11307.95916584297,147.850822028704
5849.0,816638.15,816638.15,1005865.6632464083,0.0,0.0,0.0,189227.5132464083,189227.5132464083
6008.0,939200.56,940943.0195465877,1009061.5251118329,3.0,0.0,0.02557982639414634,69860.96511183283,68118.50556524517
6037.0,1005933.65,1009061.6401022137,1009729.3047791411,3.0,0.0,4.684971678610934,3795.6547791410703,667.6646769273793
5852.0,818344.38,819006.8126122527,1026834.8897734208,0.0,0.0,0.003187406732050676,208490.50977342075,207828.0771611681
6027.0,985330.85,991000.2748993867,1057060.6534006908,1.0,1.0,0.08582186520888295,71729.80340069078,66060.37850130408
5855.0,821578.36,822351.2477525467,1064757.770871027,0.0,0.0,0.003188395025858831,243179.41087102692,242406.52311848023
6050.0,1063773.78,1064757.770871027,1064830.9281575514,2.0,0.0,13.450346749763746,1057.148157551419,73.15728652453981
6049.0,1063291.69,1064757.770871027,1065145.770871027,0.0,0.0,3.778558945945781,1854.080871026963,388.0
6035.0,1005931.71,1009061.5451925657,1071899.842657638,3.0,0.0,0.04980776562740831,65968.13265763805,62838.29746507236
6034.0,1005929.77,1009061.5251118329,1078570.7292540541,3.0,0.0,0.04505525779614819,72640.95925405412,69509.20414222125
6052.0,1079720.58,1079720.58,1080258.192883073,1.0,1.0,0.0,537.6128830728121,537.6128830728121
6053.0,1080217.22,1080258.192883073,1080702.989860945,2.0,0.0,0.09211592054634582,485.7698609449435,444.79697787202895
6054.0,1080723.56,1080723.56,1081077.56,0.0,0.0,0.0,354.0,354.0
6055.0,1081044.63,1081077.56,1081400.1926029641,1.0,2.0,0.10206656022248217,355.5626029642299,322.63260296406224
6056.0,1081334.66,1081400.1926029641,1081604.7062655005,1.0,0.0,0.32043141837792677,270.04626550059766,204.5136625363957
6039.0,1005937.53,1009061.8539880355,1081658.2535945536,1.0,1.0,0.04303689996982879,75720.72359455354,72596.3996065181
6042.0,1005980.21,1009062.5018557144,1082001.5246979177,1.0,1.0,0.04225847475887694,76021.31469791778,72939.02284220338
6057.0,1081527.69,1081604.7062655005,1082123.92767454,2.0,1.0,0.14833029640097142,596.2376745401416,519.2214090395719
6058.0,1082944.86,1082944.86,1083285.833879701,3.0,0.0,0.0,340.97387970099226,340.97387970099226
6059.0,1083328.01,1083328.01,1083667.01,0.0,0.0,0.0,339.0,339.0
6060.0,1083632.59,1083667.01,1083894.4118105385,1.0,0.0,0.15136203145620805,261.82181053841487,227.40181053848937
6061.0,1083865.39,1083894.4118105385,1084392.1788511397,2.0,0.0,0.05830400201577597,526.7888511398342,497.767040601233
6001.0,929092.19,930323.2850364576,1084563.4710855049,0.0,1.0,0.007981674996593706,155471.28108550492,154240.18604904728
6062.0,1084645.27,1084645.27,1085245.27,0.0,0.0,0.0,600.0,600.0
6063.0,1085401.87,1085401.87,1085967.87,0.0,0.0,0.0,566.0,566.0
6064.0,1085813.15,1085967.87,1086218.0559792519,2.0,0.0,0.6184199468848643,404.9059792519547,250.1859792517498
6065.0,1085818.0,1085967.87,1086293.2068627004,3.0,0.0,0.4606609861427697,475.2068627004046,325.33686270029284
6069.0,1085922.76,1085968.0023217262,1086301.4194246277,0.0,2.0,0.13569286438054623,378.65942462766543,333.41710290149786
6070.0,1086156.53,1086293.2068627004,1086784.65406036,1.0,0.0,0.2781109819147542,628.1240603600163,491.44719765963964
6043.0,1013928.39,1013928.39,1086842.9998084141,2.0,0.0,0.0,72914.60980841413,72914.60980841413
6071.0,1086349.56,1086784.65406036,1087194.790600942,0.0,1.0,1.0608517342605917,845.2306009419262,410.1365405819379
6073.0,1087014.98,1087194.790600942,1087241.8503681023,1.0,0.0,3.8208986527576534,226.87036810233258,47.05976716033183
6072.0,1086667.72,1086784.65406036,1087361.0448274983,0.0,0.0,0.20287288941259427,693.3248274982907,576.3907671382185
6075.0,1087348.66,1087361.0448274983,1087443.0448274983,0.0,0.0,0.15103448168715325,94.38482749834657,82.0
6077.0,1087493.19,1087493.19,1087571.19,0.0,0.0,0.0,78.0,78.0
6074.0,1087029.53,1087241.8503681023,1087625.4121645712,1.0,1.0,0.5535493108461673,595.8821645712014,383.5617964689154
6076.0,1087358.36,1087361.0760248536,1088052.411345064,0.0,1.0,0.003928664967812859,694.0513450638391,691.3353202103171
6033.0,1005923.95,1005923.95,1090349.597119624,1.0,1.0,0.0,84425.64711962407,84425.64711962407
6068.0,1085873.29,1085967.944551182,1091866.4817130575,0.0,1.0,0.016047122970374843,5993.191713057458,5898.537161875516
6066.0,1085858.74,1085967.87,1091975.0587528145,0.0,1.0,0.0181665675061388,6116.31875281455,6007.188752814429
6036.0,1005932.68,1009061.5868548118,1092683.479705276,2.0,1.0,0.03741731678338034,86750.79970527592,83621.89285046421
6079.0,1091924.15,1091924.15,1092917.4248545684,1.0,0.0,0.0,993.2748545685317,993.2748545685317
6081.0,1091973.62,1091975.0683162352,1093868.2649329337,0.0,1.0,0.0007650109990271002,1894.6449329336174,1893.1966166985221
6080.0,1091946.46,1091975.0587528145,1094429.5386207448,0.0,0.0,0.011651655077005552,2483.078620744869,2454.479867930291
6067.0,1085862.62,1085967.9005465042,1095571.7339759248,0.0,2.0,0.010962346158728039,9709.113975924673,9603.8334294206
5582.0,683969.3099999999,904236.2773672163,1119189.5907067244,1.0,1.0,1.0247200377847425,435220.2807067245,214953.31333950814
6041.0,1005939.47,1009062.2661966357,1127896.9961748424,0.0,2.0,0.02627848102325298,121957.52617484238,118834.72997820668
6040.0,1005938.5,1009062.0395113373,1128143.5304562831,0.0,1.0,0.026230268755883985,122205.03045628313,119081.49094494584
6038.0,1005934.62,1009061.7170012012,1130256.7686898294,0.0,1.0,0.025802183815518426,124322.1486898294,121195.05168862815
6085.0,1140862.59,1140862.59,1141056.230480343,1.0,0.0,0.0,193.6404803430196,193.6404803430196
6084.0,1140406.69,1140862.6350225238,1141245.9582883,3.0,0.0,1.1894530367222322,839.2682883001398,383.323265776271
6087.0,1141180.75,1141180.75,1141289.75,0.0,0.0,0.0,109.0,109.0
6088.0,1141308.79,1141308.79,1141362.3480405316,2.0,1.0,0.0,53.55804053158499,53.55804053158499
6086.0,1141046.89,1141056.230480343,1141422.0359217275,1.0,1.0,0.025534011489429013,375.1459217276424,365.80544138443656
6089.0,1141352.44,1141362.3480405316,1141454.6583677786,1.0,1.0,0.10733404189072676,102.21836777869612,92.310327247018
6092.0,1141690.97,1141690.97,1141811.97,0.0,0.0,0.0,121.0,121.0
6090.0,1141352.44,1141362.362910385,1142091.427120761,0.0,2.0,0.01361047524188446,738.9871207610704,729.0642103760038
6048.0,1036276.22,1057060.6534006908,1142707.418973002,2.0,0.0,0.242676220891758,106431.19897300191,85646.76557231112
6093.0,1142809.38,1142809.38,1144030.3658244798,2.0,1.0,0.0,1220.9858244799543,1220.9858244799543
6099.0,1143908.39,1144030.6643692432,1144208.6643692432,0.0,0.0,0.6869346586702224,300.2743692432996,178.0
6100.0,1144434.13,1144434.13,1144543.13,0.0,0.0,0.0,109.0,109.0
6101.0,1144592.24,1144592.24,1144650.24,0.0,0.0,0.0,58.0,58.0
6098.0,1142952.94,1144030.5332925967,1145218.443918749,1.0,0.0,0.907133305210956,2265.5039187490474,1187.9106261522975
6103.0,1144955.02,1145218.443918749,1145554.9218174745,1.0,1.0,0.7828862452682007,599.9018174745142,336.4778987255413
6095.0,1142844.3,1144030.3775782348,1145648.4015995038,0.0,1.0,0.7330407723517294,2804.101599503774,1618.024021269055
6097.0,1142937.42,1144030.4511832385,1145708.8466655544,0.0,2.0,0.6512357753313304,2771.4266655545216,1678.3954823159147
6094.0,1142819.08,1144030.3658244798,1146215.5943114166,0.0,1.0,0.5543062575473443,3396.5143114165403,2185.2284869367722
6104.0,1145296.46,1145554.9218174745,1146368.1711227337,0.0,1.0,0.31781375748263524,1071.7111227337737,813.2493052592035
6105.0,1145992.92,1145992.92,1146592.92,0.0,0.0,0.0,600.0,600.0
6096.0,1142906.38,1144030.4074510045,1146993.4930313125,2.0,0.0,0.3793435662049849,4087.1130313125905,2963.0855803079903
6046.0,1026912.81,1026912.81,1150722.3594430804,0.0,1.0,0.0,123809.54944308032,123809.54944308032
5984.0,908972.45,908972.45,1151914.1945207766,0.0,1.0,0.0,242941.74452077667,242941.74452077667
6078.0,1087575.64,1087625.4121645712,1165816.437535331,0.0,0.0,0.0006365457459513586,78240.79753533099,78191.02537075966
6115.0,1160663.2,1165816.437535331,1165874.437535331,0.0,0.0,88.84892302294712,5211.237535330933,58.0
6116.0,1160729.16,1165816.437535331,1165881.437535331,0.0,0.0,78.26580823586107,5152.27753533097,65.0
6118.0,1160761.17,1165816.437535331,1165892.437535331,0.0,0.0,66.51667809646001,5131.2675353309605,76.0
6117.0,1160743.71,1165816.437535331,1165980.217842956,3.0,0.0,30.972756181041603,5236.507842956111,163.78030762518756
6110.0,1156067.34,1165816.437535331,1166416.437535331,0.0,0.0,16.248495892218003,10349.097535330802,600.0
6123.0,1166386.2,1166386.2,1166424.993583534,1.0,0.0,0.0,38.79358353395946,38.79358353395946
6124.0,1166571.47,1166571.47,1166624.6879600505,1.0,0.0,0.0,53.2179600505624,53.2179600505624
6125.0,1166718.91,1166718.91,1166796.91,0.0,0.0,0.0,78.0,78.0
5584.0,684070.19,787072.321731861,1168482.8798849294,99.0,164.0,0.2700557955989357,484412.68988492945,381410.5581530684
6119.0,1160903.76,1168482.8798849294,1169499.8798849294,0.0,0.0,7.452428598750626,8596.119884929387,1017.0
6135.0,1168881.04,1169500.0049141203,1169535.6382496678,1.0,0.0,17.370389401093185,654.5982496677898,35.63333554752171
6133.0,1168628.84,1169499.9279282796,1169547.9279282796,0.0,0.0,18.14766517249033,919.0879282795358,48.0
6138.0,1168962.52,1169500.1167250897,1169609.1167250897,0.0,0.0,4.932080046694572,646.5967250897083,109.0
6120.0,1160926.07,1169499.8798849294,1170320.4838666534,1.0,0.0,10.448169977090037,9394.41386665334,820.6039817240089
6022.0,962801.63,988390.3914226186,1186533.9293714717,0.0,1.0,0.12914254831375768,223732.29937147174,198143.5379488531
6144.0,1175426.6,1186533.9293714717,1186574.2643119928,2.0,0.0,275.377358389209,11147.664311992703,40.33494052104652
6145.0,1175797.14,1186533.9293714717,1186578.3801590581,2.0,1.0,241.54328763251365,10781.240159058245,44.450787586392835
6143.0,1173865.87,1186533.9293714717,1186666.9293714717,0.0,0.0,95.24856670279426,12801.059371471638,133.0
6131.0,1168397.98,1186533.9293714717,1186763.2779009289,0.0,0.0,79.0759348420543,18365.297900928883,229.34852945711464
6141.0,1169130.33,1186763.2779009289,1186907.9379627914,0.0,0.0,121.89230167537588,17777.607962791342,144.66006186255254
6142.0,1173292.6,1186907.9379627914,1187418.1195677498,2.0,1.0,26.68723809417287,14125.519567749696,510.1816049583722
6051.0,1063939.65,1082944.9069888305,1192134.7905057704,0.0,3.0,0.1740569398618521,128195.14050577045,109189.88351693982
6113.0,1159697.08,1192134.7905057704,1192405.7905057704,0.0,0.0,119.69634872977966,32708.710505770287,271.0
6121.0,1160995.91,1192405.7905057704,1193642.5972985667,1.0,0.0,25.395947603711264,32646.6872985668,1236.8067927963566
6126.0,1166877.02,1193642.5972985667,1195221.5972985667,0.0,0.0,16.950967256850348,28344.5772985667,1579.0
6091.0,1141413.55,1141691.030612369,1197414.2053425382,0.0,4.0,0.004979626765931383,56000.65534253814,55723.17473016912
6030.0,987759.73,991000.3608824719,1203046.4467243876,0.0,6.0,0.015282672488884643,215286.7167243876,212046.0858419157
6134.0,1168868.43,1203046.4615358615,1203207.1560457917,0.0,1.0,212.6894786306334,34338.72604579176,160.6945099302102
6132.0,1168418.35,1203207.1560457917,1203435.725375211,0.0,0.0,152.20242424545495,35017.375375211006,228.56932941940613
6139.0,1169099.29,1203435.725375211,1203583.2402060765,0.0,0.0,232.7659881638207,34483.95020607649,147.51483086543158
6146.0,1225685.21,1225685.21,1226285.21,0.0,0.0,0.0,600.0,600.0
6147.0,1226055.75,1226449.604544084,1226584.604544084,0.0,0.0,2.917441067289285,528.8545440840535,135.0
6149.0,1226449.57,1226449.57,1226680.57,0.0,0.0,0.0,231.0,231.0
6148.0,1226183.79,1226584.604544084,1226767.604544084,0.0,0.0,2.190243410295171,583.8145440840162,183.0
6150.0,1226662.0,1226680.57,1227280.57,0.0,0.0,0.030950000000108654,618.5700000000652,600.0
6151.0,1227065.52,1227065.52,1227365.52,0.0,0.0,0.0,300.0,300.0
6152.0,1227436.06,1227436.06,1227528.06,0.0,0.0,0.0,92.0,92.0
6153.0,1227500.08,1227528.06,1227604.1882961732,2.0,0.0,0.3675374519919912,104.10829617315903,76.12829617317766
6154.0,1227769.74,1227769.74,1228006.637512137,2.0,0.0,0.0,236.89751213695854,236.89751213695854
6158.0,1229320.77,1229320.77,1229409.77,0.0,0.0,0.0,89.0,89.0
6155.0,1228453.59,1229320.795062896,1229415.3311254652,3.0,0.0,9.173272498650071,961.7411254651379,94.53606256912462
6159.0,1229683.55,1229683.55,1229763.55,0.0,0.0,0.0,80.0,80.0
6161.0,1229783.46,1229783.46,1229830.3182099042,1.0,0.0,0.0,46.858209904283285,46.858209904283285
6156.0,1228571.93,1229320.8344544615,1230147.4467808388,0.0,1.0,0.9059923625185538,1575.516780838836,826.6123263773043
6164.0,1230412.02,1230412.02,1230952.718433105,0.0,0.0,0.0,540.6984331049025,540.6984331049025
6166.0,1231712.79,1231712.79,1232566.2653028087,0.0,0.0,0.0,853.4753028086852,853.4753028086852
6167.0,1232364.63,1232566.2653028087,1232686.2653028087,0.0,0.0,1.6802941900736186,321.63530280883424,120.0
6163.0,1230215.11,1232566.2860229653,1232761.1833923806,1.0,0.0,12.063662172656596,2546.0733923804946,194.89736941526644
6168.0,1232601.31,1232686.2653028087,1232763.2653028087,0.0,0.0,1.103315620891774,161.9553028086666,77.0
6165.0,1230746.67,1232761.1833923806,1233361.1833923806,0.0,0.0,3.3575223206344527,2614.5133923806716,600.0
6181.0,1236810.14,1236810.14,1237410.14,0.0,0.0,0.0,600.0,600.0
6182.0,1238115.76,1238115.76,1238715.76,0.0,0.0,0.0,600.0,600.0
6184.0,1239141.05,1239141.05,1239205.9282162972,2.0,1.0,0.0,64.8782162971329,64.8782162971329
6185.0,1239526.14,1239526.14,1239595.14,0.0,0.0,0.0,69.0,69.0
6189.0,1240717.3,1240717.3,1240806.3,0.0,0.0,0.0,89.0,89.0
6190.0,1240949.13,1240949.13,1241028.13,0.0,0.0,0.0,79.0,79.0
6187.0,1239905.41,1240717.3488127901,1241317.3488127901,0.0,0.0,1.353231354650343,1411.9388127902057,600.0
6188.0,1240667.83,1241317.3488127901,1241917.3488127901,0.0,0.0,1.082531354650079,1249.5188127900474,600.0
6192.0,1241270.2,1241917.3488127901,1242490.905318801,1.0,0.0,1.1283087298426158,1220.705318801105,573.5565060109366
6194.0,1242018.07,1242490.905318801,1242562.4155217279,1.0,0.0,6.612137841153845,544.3455217278097,71.51020292681642
6195.0,1242174.24,1242490.905318801,1242568.905318801,0.0,0.0,4.059811779500869,394.66531880106777,78.0
6193.0,1241922.04,1242490.905318801,1243090.905318801,0.0,0.0,0.9481088646683686,1168.8653188010212,600.0
6197.0,1242923.08,1243090.905318801,1243578.905318801,0.0,0.0,0.343904341805295,655.825318800984,488.0
6198.0,1243354.73,1243578.905318801,1244061.905318801,0.0,0.0,0.46413109482624654,707.1753188010771,483.0
6199.0,1243791.23,1244061.905318801,1244275.2521146787,1.0,0.0,1.268710494045913,484.0221146787517,213.3467958776746
6201.0,1244261.68,1244275.2521146787,1244324.2521146787,0.0,0.0,0.2769819322203723,62.57211467879824,49.0
6200.0,1243989.11,1244275.2521146787,1244538.0388886554,1.0,0.0,1.088875632318048,548.9288886552677,262.78677397663705
6203.0,1244446.95,1244538.0388886554,1244576.3074398688,1.0,0.0,2.3802544326120296,129.35743986885063,38.268551213433966
6202.0,1244276.23,1244538.0388886554,1245060.17098111,1.0,0.0,0.501422709767838,783.9409811100923,522.1320924547035
6204.0,1245120.13,1245120.13,1245151.4305363863,2.0,1.0,0.0,31.30053638643585,31.30053638643585
6205.0,1245474.18,1245474.18,1245552.18,0.0,0.0,0.0,78.0,78.0
6206.0,1245604.16,1245604.16,1245698.16,0.0,0.0,0.0,94.0,94.0
6208.0,1245840.84,1245840.84,1245966.84,0.0,0.0,0.0,126.0,126.0
6209.0,1250457.07,1250457.07,1250501.4382615152,2.0,0.0,0.0,44.368261515162885,44.368261515162885
6210.0,1250752.92,1250752.92,1250817.92,0.0,0.0,0.0,65.0,65.0
6044.0,1016215.65,1057060.6534006908,1252030.0501676863,1.0,0.0,0.20949443388545677,235814.40016768628,194969.39676699555
6102.0,1144783.33,1145218.5328574488,1266726.1993233736,0.0,1.0,0.0035816905229660236,121942.86932337354,121507.66646592482
6230.0,1256539.94,1266726.1993233736,1266765.740614618,2.0,1.0,257.6106900614894,10225.800614617998,39.54129124432802
6246.0,1261002.91,1266728.6652473505,1266772.8587985784,2.0,0.0,129.56087683068392,5769.948798578465,44.19355122791603
6240.0,1260204.6,1266727.0171467396,1266774.0171467396,0.0,0.0,138.7748329093521,6569.41714673955,47.0
6245.0,1260727.43,1266728.2924790483,1266775.0424206348,1.0,0.0,128.3608551241277,6047.612420634832,46.7499415865168
6244.0,1260617.82,1266727.9690439738,1266776.9499043815,3.0,0.0,124.74564540343592,6159.129904381465,48.98086040769704
6243.0,1260575.14,1266727.6939811937,1266777.1985236465,1.0,0.0,124.28261481390928,6202.058523646556,49.504542452748865
6248.0,1261683.85,1266729.4814935385,1266781.3243573061,1.0,0.0,97.32547793179151,5097.474357306026,51.842863767640665
6239.0,1260117.3,1266726.8194549798,1266785.8194549798,0.0,0.0,112.02575347423395,6668.519454979803,59.0
6247.0,1261090.21,1266729.0561193575,1266786.0958462248,1.0,1.0,98.85822441737822,5695.885846224846,57.039726867340505
6251.0,1262237.72,1266730.917939046,1266786.917939046,0.0,0.0,80.23567748296357,4549.19793904596,56.0
6231.0,1256606.87,1266726.1993233736,1266787.1993233736,0.0,0.0,165.89064464546726,10180.329323373502,61.0
6242.0,1260436.43,1266727.4501244999,1266787.4501244999,0.0,0.0,104.85033540833199,6351.020124499919,60.0
6241.0,1260367.56,1266727.2222420159,1266788.2222420159,0.0,0.0,104.25675806583318,6420.662242015824,61.0
6237.0,1259096.86,1266726.5333912778,1266789.5333912778,0.0,0.0,121.10592684567729,7692.673391277669,63.0
6229.0,1256469.13,1266726.1993233736,1266792.1993233736,0.0,0.0,155.41014126323827,10323.069323373726,66.0
6249.0,1261722.65,1266729.9300898304,1266792.9300898304,0.0,0.0,79.48063634651609,5070.280089830514,63.0
6232.0,1257129.7,1266726.1993233736,1266804.1993233736,0.0,0.0,123.03204260735463,9674.49932337366,78.0
6250.0,1261774.06,1266730.4004114743,1266819.4004114743,0.0,0.0,55.68921810645202,5045.34041147423,89.0
6217.0,1253745.37,1266726.1993233736,1266948.7024312045,3.0,0.0,58.339991067629676,13203.332431204384,222.50310783088207
6214.0,1252865.58,1266726.1993233736,1267153.5915336146,2.0,0.0,32.4306784055789,14288.01153361448,427.3922102409415
6216.0,1253427.21,1266726.1993233736,1267169.1838565627,0.0,2.0,30.02134008524558,13741.973856562749,442.9845331890974
6238.0,1259138.57,1266726.6662876375,1267400.6662876375,0.0,0.0,11.25830309738499,8262.096287637483,674.0
6236.0,1258306.31,1266726.4272737454,1267408.4272737454,0.0,0.0,12.346213011356832,9102.11727374536,682.0
6218.0,1254157.62,1266726.1993233736,1267517.0730389,0.0,2.0,15.892018000633081,13359.453038899926,790.8737155264243
6234.0,1257284.9,1266726.331328313,1267604.331328313,0.0,0.0,10.753338642725732,10319.431328313192,878.0
6222.0,1254272.08,1266948.7024312045,1268200.6354174158,0.0,0.0,10.125639767323163,13928.555417415686,1251.9329862112645
6220.0,1254210.0,1268200.6354174158,1268259.5675083052,0.0,0.0,237.40266476656072,14049.56750830519,58.93209088942967
6223.0,1254274.99,1266726.2472056777,1268340.2684940458,0.0,2.0,7.714431832721649,14065.278494045837,1614.0212883681525
6253.0,1268543.69,1268543.69,1268611.0160541697,1.0,1.0,0.0,67.32605416979641,67.32605416979641
6224.0,1254287.6,1267153.5915336146,1269061.2500370052,2.0,1.0,6.744389266080291,14773.650037005078,1907.6585033906158
6221.0,1254246.86,1268340.2684940458,1269089.2684940458,0.0,0.0,18.81629972502767,14842.408494045725,749.0
6170.0,1234525.79,1269089.2684940458,1269327.5493910038,0.0,0.0,145.05350170871358,34801.759391003754,238.2808969579637
6255.0,1269211.05,1269327.5560084227,1269397.5560084227,0.0,0.0,1.664371548895724,186.5060084227007,70.0
6171.0,1234663.53,1269327.5493910038,1269469.7359057553,0.0,0.0,243.79259489960313,34806.20590575528,142.18651475152
6225.0,1254302.15,1266726.1993233736,1272510.6535596855,0.0,0.0,2.1478343186435627,18208.503559685545,5784.454236311838
6260.0,1270769.84,1272510.6535596855,1272580.6535596855,0.0,0.0,24.868765138362402,1810.813559685368,70.0
6258.0,1270416.76,1272510.6535596855,1272589.6535596855,0.0,0.0,26.50498176817016,2172.8935596854426,79.0
6263.0,1272157.91,1272510.6535596855,1272599.6535596855,0.0,0.0,3.9634107829835474,441.74355968553573,89.0
6257.0,1269514.66,1272510.6535596855,1272600.6535596855,0.0,0.0,33.28881732983928,3085.9935596855357,90.0
6262.0,1271125.83,1272510.6535596855,1272623.0062511081,1.0,0.0,12.32568211895815,1497.1762511080597,112.35269142268226
6265.0,1272816.54,1272816.54,1272894.54,0.0,0.0,0.0,78.0,78.0
6266.0,1272959.13,1272959.13,1273039.13,0.0,0.0,0.0,80.0,80.0
6252.0,1262379.34,1266731.460981504,1275291.460981504,0.0,0.0,0.5084253483065393,12912.120981503977,8560.0
6273.0,1275132.9,1275291.4828032008,1275356.4836221482,3.0,0.0,2.43970469555821,223.58362214826047,65.00081894733012
6270.0,1274589.7,1275291.460981504,1275380.460981504,0.0,0.0,7.884954848360752,790.7609815041069,89.0
6276.0,1275599.47,1275599.47,1275659.0128751632,1.0,0.0,0.0,59.54287516325712,59.54287516325712
6269.0,1273745.8,1273745.8,1276010.8,0.0,0.0,0.0,2265.0,2265.0
6278.0,1275963.22,1275963.22,1276019.430038429,1.0,0.0,0.0,56.21003842912614,56.21003842912614
6047.0,1030618.21,1119189.5907067244,1276146.118610434,1.0,2.0,0.5643051734749234,245527.90861043404,156956.52790370956
6281.0,1276140.73,1276140.73,1276186.9712147326,3.0,0.0,0.0,46.24121473263949,46.24121473263949
6130.0,1168329.11,1276146.118610434,1276310.118610434,0.0,0.0,657.4207842099628,107981.0086104339,164.0
6136.0,1168885.89,1276310.118610434,1276463.118610434,0.0,0.0,702.1191412446674,107577.2286104341,153.0
6282.0,1276351.22,1276463.118610434,1276530.118610434,0.0,0.0,1.6701285139407351,178.89861043402925,67.0
6137.0,1168898.5,1276463.118610434,1276645.0733250082,0.0,1.0,591.1614813728711,107746.57332500815,181.9547145741526
6283.0,1276533.58,1276533.58,1276706.6725109895,3.0,0.0,0.0,173.0925109894015,173.0925109894015
6219.0,1254207.09,1276533.6097279794,1277034.8656330805,1.0,0.0,44.54116051456249,22827.775633080397,501.25590510107577
6285.0,1277018.58,1277034.8656330805,1277212.0766272708,3.0,0.0,0.09189967673742225,193.49662727070972,177.2109941903036
6284.0,1276782.87,1277034.8656330805,1277236.2440284707,3.0,0.0,1.2513538634174315,453.3740284706,201.37839539023116
6162.0,1229991.04,1276645.0733250082,1278099.3238178752,0.0,0.0,32.08115352467841,48108.2838178752,1454.2504928670824
6169.0,1232685.7,1277034.8656330805,1278448.004154941,0.0,0.0,31.383452469110317,45762.304154941114,1413.1385218605865
6186.0,1239792.89,1278448.004154941,1281859.6969505684,0.0,0.0,11.330186060270387,42066.806950568454,3411.692795627285
6191.0,1241169.32,1281859.6969505684,1282634.9043620534,0.0,0.0,52.48966450490945,41465.58436205331,775.2074114850257
6196.0,1242266.39,1282634.9043620534,1283203.641323081,0.0,0.0,70.97923491575912,40937.25132308109,568.7369610276073
6178.0,1235321.19,1269469.7359057553,1284699.2851999965,0.0,0.0,2.242255843951205,49378.095199996606,15229.549294241238
6228.0,1255750.36,1284699.2851999965,1284836.8687930098,0.0,0.0,210.4097194002818,29086.508793009678,137.5835930132307
6207.0,1245708.92,1283203.641323081,1288260.8479250786,0.0,0.0,7.414116976805058,42551.927925078664,5057.206601997605
6140.0,1169116.75,1288260.8479250786,1288418.6693172718,0.0,0.0,754.9299639888061,119301.9193172718,157.8213921932038
6180.0,1235475.42,1278099.3238178752,1293445.6759809859,0.0,0.0,2.7774615990068394,57970.25598098594,15346.352163110627
6226.0,1254691.12,1293445.6759809859,1293545.5510417062,1.0,0.0,388.0303621490753,38854.43104170612,99.87506072036922
6157.0,1229093.79,1229683.5634511984,1295665.6458778349,1.0,0.0,0.008938387960915142,66571.85587783484,65982.08242663648
6172.0,1234815.82,1288418.6693172718,1295772.2269695846,1.0,0.0,7.289376360626327,60956.406969584525,7353.557652312797
6160.0,1229699.07,1295665.6458778349,1297284.9450901805,0.0,1.0,40.73773109682401,67585.87509018043,1619.2992123456206
6174.0,1234949.68,1293545.5510417062,1301853.5212990118,0.0,0.0,7.052970728943154,66903.84129901184,8307.97025730554
6173.0,1234936.1,1295772.2269695846,1302422.2269695846,0.0,0.0,9.14828976986233,67486.1269695845,6650.0
6176.0,1235221.28,1302422.2269695846,1311708.5344988436,1.0,0.0,7.23656273043402,76487.25449884357,9286.307529259007
6293.0,1308516.42,1311708.5606792502,1311718.5606792502,0.0,0.0,319.21406792502387,3202.1406792502385,10.0
6314.0,1311652.43,1311708.5344988436,1311751.0449232792,3.0,0.0,1.319782137876573,98.6149232792668,42.510424435604364
6313.0,1311595.2,1311708.5344988436,1311766.5344988436,0.0,0.0,1.9540430835111002,171.33449884364381,58.0
6295.0,1308637.67,1311718.5606792502,1311778.5606792502,0.0,0.0,51.34817798750397,3140.8906792502385,60.0
6310.0,1311116.02,1311708.5344988436,1311785.5344988436,0.0,0.0,7.694993491475047,669.5144988435786,77.0
6291.0,1308336.97,1311708.5344988436,1311791.5344988436,0.0,0.0,40.62125902221235,3454.564498843625,83.0
6311.0,1311183.92,1311708.5344988436,1311791.547690067,1.0,0.0,6.319652227704444,607.6276900670491,83.01319122337736
6290.0,1308328.24,1311708.5344988436,1311797.5344988436,0.0,0.0,37.9808370656585,3469.2944988436066,89.0
6297.0,1308828.76,1311778.5606792502,1311838.5606792502,0.0,0.0,49.163344654169244,3009.8006792501546,60.0
6300.0,1309306.97,1311838.5606792502,1311898.5606792502,0.0,0.0,42.1931779875032,2591.590679250192,60.0
6315.0,1311896.87,1311898.585628996,1311941.8865465843,2.0,0.0,0.03962107713514738,45.016546584200114,43.300917588407174
6301.0,1309390.39,1311898.5606792502,1311968.9632369936,0.0,1.0,35.6261300674482,2578.573236993747,70.40255774348043
6304.0,1309783.24,1311708.5344988436,1312003.5344988436,0.0,0.0,6.5264220299783275,2220.2944988436066,295.0
6302.0,1309468.96,1311968.9632369936,1312028.9632369936,0.0,0.0,41.66672061656136,2560.0032369936816,60.0
6299.0,1309248.77,1311708.5344988436,1312039.5344988436,0.0,0.0,7.431312685328032,2790.7644988435786,331.0
6316.0,1311984.17,1312003.5344988436,1312069.625923974,2.0,0.0,0.292995631513044,85.45592397404835,66.09142513037659
6303.0,1309629.98,1312028.9632369936,1312088.9632369936,0.0,0.0,39.98305394989438,2458.983236993663,60.0
6305.0,1310487.46,1312088.9632369936,1312148.9632369936,0.0,0.0,26.691720616561362,1661.5032369936816,60.0
6306.0,1310574.76,1312148.9632369936,1312208.7221497009,1.0,1.0,26.342568257665402,1633.9621497008484,59.75891270721331
6307.0,1310677.58,1312208.7221497009,1312277.83727184,0.0,1.0,22.153504216002815,1600.2572718400043,69.11512213922106
6308.0,1310869.64,1312212.2950001918,1312296.1321076422,0.0,0.0,16.015044423916105,1426.4921076423489,83.83710745046847
6175.0,1235104.88,1297284.9450901805,1312384.1964009462,0.0,0.0,4.11808928869515,77279.31640094635,15099.251310765743
6289.0,1307661.85,1311708.5344988436,1312441.5344988436,0.0,0.0,5.520715550946117,4779.684498843504,733.0
6177.0,1235237.77,1301853.5212990118,1312525.492187812,1.0,1.0,6.242122658797931,77287.72218781197,10671.97088880022
6296.0,1308781.23,1311708.5344988436,1312598.5344988436,0.0,0.0,3.289106178475973,3817.304498843616,890.0
6317.0,1312111.24,1312148.9819948773,1312676.370908672,2.0,0.0,0.0715638760886833,565.1309086719994,527.3889137946535
6227.0,1254884.15,1312525.492187812,1313055.8051040275,1.0,1.0,108.6930761542827,58171.655104027595,530.3129162155092
6233.0,1257273.26,1313055.8051040275,1313241.5242091585,0.0,0.0,300.359756012622,55968.264209158486,185.71910513099283
6318.0,1313134.59,1313241.5319764859,1313320.5319764859,0.0,0.0,1.3536959048832142,185.94197648577392,79.0
6319.0,1313776.73,1313776.73,1313835.73,0.0,0.0,0.0,59.0,59.0
6320.0,1313848.51,1313848.51,1314020.9415436042,3.0,0.0,0.0,172.43154360423796,172.43154360423796
6321.0,1314277.25,1314277.25,1314353.3057808059,2.0,0.0,0.0,76.0557808058802,76.0557808058802
6322.0,1314310.23,1314353.3057808059,1314411.3057808059,0.0,0.0,0.7426858759637729,101.07578080589883,58.0
6323.0,1314404.32,1314411.3057808059,1314489.3057808059,0.0,0.0,0.08956129238224374,84.98578080581501,78.0
6254.0,1268638.75,1313241.5242091585,1314581.0067559467,0.0,0.0,33.298510918344924,45942.25675594667,1339.4825467881747
6211.0,1250846.04,1312384.1964009462,1316254.5161541414,0.0,1.0,15.90001868712349,65408.47615414136,3870.319753195159
6325.0,1315614.88,1316254.5161541414,1316313.5161541414,0.0,0.0,10.841290748161185,698.6361541415099,59.0
6326.0,1315900.06,1316254.5161541414,1316313.5161541414,0.0,0.0,6.007731426124445,413.45615414134227,59.0
6261.0,1270936.68,1314581.0067559467,1316556.3640615167,0.0,0.0,22.09439610387451,45619.684061516775,1975.35730557004
6264.0,1272270.43,1316254.5161541414,1317076.946147473,0.0,0.0,53.48064456642913,44806.51614747313,822.4299933316652
6082.0,1100841.36,1119189.6122127303,1317125.3026460363,0.0,1.0,0.09269804840432579,216283.94264603616,197935.69043330592
6267.0,1273013.45,1316556.3640615167,1317167.858761495,0.0,0.0,71.20734499099358,44154.408761495026,611.4946999782696
6271.0,1274774.97,1317076.946147473,1317255.821674741,0.0,0.0,236.48833797193564,42480.851674741134,178.8755272680428
6272.0,1274948.6,1317255.821674741,1317566.1142742778,0.0,0.0,136.34621559749948,42617.514274277724,310.29259953671135
6274.0,1275209.53,1317566.1142742778,1317741.0647034969,0.0,0.0,242.10620381641615,42531.53470349684,174.95042921905406
6328.0,1317190.16,1317255.8668231675,1317820.8668231675,0.0,0.0,0.11629526224358222,630.706823167624,565.0
6235.0,1257404.21,1317167.858761495,1318186.858761495,0.0,0.0,58.64931183659962,60782.64876149502,1019.0
6275.0,1275300.71,1317741.0647034969,1318213.352121172,0.0,0.0,89.86128597795853,42912.642121172044,472.28741767513566
6329.0,1317713.96,1317741.0882969268,1318341.0882969268,0.0,0.0,0.04521382821141742,627.1282969268505,600.0
6259.0,1270506.97,1318186.858761495,1318519.0211681207,0.0,1.0,143.54390445883502,48012.0511681207,332.1624066256918
6277.0,1275773.1,1318213.352121172,1318537.9490977097,0.0,0.0,130.7475275150621,42764.84909770964,324.5969765377231
6279.0,1276039.85,1318519.0211681207,1318675.3220078568,1.0,1.0,271.7782658099323,42635.472007856704,156.30083973612636
6327.0,1316058.17,1316254.5161541414,1318690.5161541414,0.0,0.0,0.08060186951620388,2632.3461541414727,2436.0
6280.0,1276137.82,1318675.3220078568,1318934.074317831,0.0,1.0,164.39467540245138,42796.254317831015,258.752309974283
6292.0,1308349.58,1318934.074317831,1319043.074317831,0.0,0.0,97.10545245716519,10693.494317831006,109.0
6298.0,1308920.91,1318537.9490977097,1319158.9551770946,0.0,0.0,15.486223753616974,10238.045177094638,621.0060793848243
6294.0,1308577.53,1319043.074317831,1319679.500481668,0.0,1.0,16.444239587412632,11101.9704816679,636.426163836848
6312.0,1311484.62,1319679.500481668,1319867.500481668,0.0,0.0,43.58978979610541,8382.880481667817,188.0
6179.0,1235462.81,1311708.5344988436,1320970.7594952518,1.0,0.0,8.231901570995174,85507.94949525176,9262.224996408215
6108.0,1147770.93,1170320.4838666534,1343120.4838666534,0.0,0.0,0.13049510339498535,195349.55386665347,172800.0
6376.0,1336406.83,1343120.4838666534,1343171.9251530962,2.0,0.0,130.51100256052857,6765.095153096132,51.441286442801356
6335.0,1324405.02,1343120.4838666534,1343190.116803434,2.0,1.0,268.77315149911396,18785.09680343396,69.6329367805738
6343.0,1330316.2,1343120.4838666534,1343199.4838666534,0.0,0.0,162.07954261586647,12883.283866653452,79.0
6346.0,1331929.31,1343120.4838666534,1343209.4838666534,0.0,0.0,125.74352659161066,11280.17386665335,89.0
6378.0,1336681.34,1343120.4838666534,1343219.7234204093,0.0,0.0,64.88485309491722,6538.383420409169,99.23955375584774
6333.0,1323581.49,1343120.495391871,1343236.495391871,0.0,0.0,168.43970165406114,19655.00539187109,116.0
6355.0,1332506.46,1343120.4838666534,1343323.3666357785,2.0,0.0,52.31604395201951,10816.90663577849,202.88276912504807
6336.0,1324731.91,1343120.5528024198,1343332.5528024198,0.0,0.0,86.7388811434898,18600.64280241984,212.0
6381.0,1337167.31,1343120.4838666534,1343345.4838666534,0.0,0.0,26.45855051845933,6178.173866653349,225.0
6363.0,1334229.18,1343120.4838666534,1343353.4838666534,0.0,0.0,38.160102431989145,9124.30386665347,233.0
6358.0,1333199.04,1343120.4838666534,1343376.4838666534,0.0,0.0,38.75564010411472,10177.443866653368,256.0
6382.0,1337703.72,1343120.6449646268,1343399.6449646268,0.0,0.0,19.41550166532898,5695.924964626785,279.0
6324.0,1314706.96,1343120.4838666534,1343411.376174771,0.0,0.0,97.67712336748241,28704.41617477103,290.892308117589
6372.0,1335365.05,1343236.495391871,1343795.7671243518,0.0,0.0,14.074456001836706,8430.717124351766,559.2717324807309
6330.0,1320981.89,1343120.4838666534,1343840.344202826,1.0,0.0,30.75401262467186,22858.454202826135,719.8603361726273
6337.0,1325064.62,1343411.3854660683,1344285.2099460436,0.0,1.0,20.99593898603912,19220.589946043445,873.824479975272
6341.0,1328907.76,1343840.344202826,1346147.538747791,0.0,0.0,6.4721825194212075,17239.77874779096,2307.1945449649356
6338.0,1325947.32,1346147.538747791,1346384.192999871,0.0,1.0,85.3575144762711,20436.872999870917,236.65425208001398
6345.0,1331919.61,1346384.192999871,1346630.192999871,0.0,0.0,58.799117885653985,14710.58299987088,246.0
6348.0,1332136.89,1346630.192999871,1346739.192999871,0.0,0.0,132.96608256762462,14602.302999871084,109.0
6356.0,1332549.14,1346739.192999871,1346854.192999871,0.0,0.0,123.3917652162703,14305.052999871084,115.0
6357.0,1332724.71,1346854.192999871,1346949.192999871,0.0,0.0,148.7313999986423,14224.48299987102,95.0
6359.0,1333678.22,1346949.192999871,1347056.192999871,0.0,0.0,124.02778504552346,13377.97299987101,107.0
6360.0,1333756.79,1347056.192999871,1347182.192999871,0.0,0.0,105.55081745929321,13425.402999870945,126.0
6361.0,1334067.19,1347182.192999871,1347303.9683489897,0.0,1.0,107.69834038481962,13236.778348989785,121.77534911874682
6362.0,1334223.36,1347303.9683489897,1347753.9683489897,0.0,0.0,29.06801855331028,13530.608348989626,450.0
6364.0,1334514.36,1347753.9683489897,1347949.3591902447,0.0,1.0,67.75961587530774,13434.99919024459,195.39084125496447
6368.0,1334773.35,1347753.9683489897,1348292.079609333,1.0,0.0,24.122554768148365,13518.729609332979,538.111260343343
6369.0,1334857.74,1348292.079609333,1348421.9607624859,0.0,0.0,103.43563544996523,13564.220762485871,129.88115315278992
6373.0,1335730.74,1347949.3591902447,1349295.3591902447,0.0,0.0,9.077725995724148,13564.619190244703,1346.0
6374.0,1335757.9,1348421.9607624859,1355572.2180192077,0.0,0.0,1.7711335841211404,19814.3180192078,7150.257256721845
6375.0,1335979.06,1355572.2180192077,1358116.6690292794,0.0,0.0,7.70034791067003,22137.609029279323,2544.4510100716725
6391.0,1339642.75,1358116.6690292794,1358544.4725026654,0.0,0.0,43.183190830737914,18901.72250266536,427.8034733859822
6379.0,1336723.05,1349295.3591902447,1358921.3591902447,0.0,0.0,1.3060782454025188,22198.309190244647,9626.0
6367.0,1334649.19,1358921.3591902447,1359031.3591902447,0.0,0.0,220.65608354767954,24382.16919024475,110.0
6370.0,1334987.72,1359031.3591902447,1359135.3591902447,0.0,0.0,231.1888383677377,24147.63919024472,104.0
6371.0,1335251.56,1359135.3591902447,1359261.3686530357,0.0,1.0,189.53972710647037,24009.808653035667,126.00946279102936
6388.0,1339127.68,1359261.3686530357,1359386.5691888675,1.0,1.0,160.81152144663272,20258.889188867528,125.20053583174013
6389.0,1339346.9,1359386.5691888675,1359489.5691888675,0.0,0.0,194.5598950375491,20142.669188867556,103.0
6332.0,1323365.18,1343411.376174771,1360109.376174771,0.0,0.0,1.2005148026572678,36744.19617477106,16698.0
6339.0,1326252.87,1360109.376174771,1360338.6514661494,1.0,1.0,147.6674872866998,34085.78146614926,229.275291378377
6340.0,1326649.6,1360338.6514661494,1360522.6514661494,0.0,0.0,183.09267101168086,33873.05146614928,184.0
6342.0,1330076.61,1360522.6514661494,1360901.6344569789,0.0,0.0,80.33616864838673,30825.024456978776,378.9829908295069
6392.0,1339973.52,1359489.5691888675,1360990.7583203812,1.0,0.0,13.000393340970103,21017.238320381148,1501.1891315137036
6349.0,1332185.39,1360901.6344569789,1361251.886837775,0.0,0.0,81.98729268225473,29066.49683777499,350.2523807960097
6215.0,1252942.21,1276146.118610434,1371964.7085879885,1.0,0.0,0.24216499758418017,119022.49858798855,95818.58997755451
6351.0,1332216.43,1371964.7085879885,1372178.7085879885,0.0,0.0,185.73961957004008,39962.27858798858,214.0
6377.0,1336512.56,1372178.7085879885,1372356.8564854092,0.0,0.0,200.20527384482864,35844.29648540914,178.14789742068388
6386.0,1338497.18,1372356.8564854092,1372531.9932555514,0.0,0.0,193.3327676301736,34034.813255551504,175.1367701422423
6387.0,1338888.09,1372531.9932555514,1372714.8355360478,0.0,0.0,184.00505158990245,33826.74553604773,182.8422804963775
6109.0,1153884.84,1203046.4467243876,1375846.4467243876,0.0,0.0,0.2845000389142795,221961.6067243875,172800.0
5583.0,684025.57,1119189.5907067244,1377073.1040536533,0.0,1.0,1.687444129556671,693047.5340536534,257883.51334692887
6344.0,1330403.5,1377073.1136046036,1377550.3912850937,0.0,1.0,97.7829375064715,47146.891285093734,477.27768049016595
6347.0,1332046.68,1377550.3912850937,1378037.4094151556,0.0,1.0,93.43330047961226,45990.729415155714,487.01813006191514
6107.0,1147725.34,1151914.1945207766,1388722.4362222862,0.0,6.0,0.017688803779289407,240997.0962222861,236808.24170150957
6365.0,1334584.2,1388722.4362222862,1389189.421200046,0.0,1.0,115.93142991876483,54605.22120004613,466.98497775988653
6397.0,1396187.93,1399619.7301676862,1399712.5806554542,1.0,0.0,36.96049692558354,3524.6506554542575,92.85048776795156
6398.0,1396193.75,1399619.7625195156,1399951.9286389868,0.0,1.0,10.314154029224259,3758.1786389867775,332.16611947119236
6399.0,1396722.4,1399712.5806554542,1399974.9716893665,1.0,0.0,11.395894939205839,3252.571689366596,262.3910339123104
6396.0,1389974.11,1399619.7301676862,1400257.7301676862,0.0,0.0,15.118526908598962,10283.620167686138,638.0
6401.0,1397597.34,1399951.9286389868,1400471.8262152926,0.0,0.0,4.528947135544677,2874.486215292476,519.8975763057824
6400.0,1396823.28,1399974.9716893665,1400636.1370609521,0.0,1.0,4.766873500661328,3812.857060952112,661.1653715856373
6402.0,1398155.09,1400471.8369208064,1400771.8369208064,0.0,0.0,7.722489736021186,2616.746920806356,300.0
6403.0,1398159.94,1400471.8262152926,1403845.9310120118,0.0,0.0,0.6851850652476834,5685.9910120118875,3374.1047967192717
6404.0,1399712.91,1403845.9310120118,1403983.7203007112,0.0,0.0,29.99522714010563,4270.8103007113095,137.7892886993941
6407.0,1400494.73,1403983.7203007112,1406521.7603838989,0.0,0.0,1.3746789594943172,6027.030383898877,2538.0400831876323
6409.0,1402542.4,1406521.7603838989,1406654.163434691,0.0,0.0,30.054899491290726,4111.763434691122,132.4030507921707
6411.0,1402925.55,1406654.163434691,1406804.672605205,0.0,0.0,24.773330568202994,3879.122605205048,150.50917051406577
6412.0,1403302.88,1406804.672605205,1407971.7780544627,0.0,0.0,3.0004080671824087,4668.8980544628575,1167.1054492576513
6418.0,1404563.88,1407971.7780544627,1408334.7780544627,0.0,0.0,9.388148910365999,3770.8980544628575,363.0
6427.0,1408889.11,1408889.11,1409012.11,0.0,0.0,0.0,123.0,123.0
6432.0,1409916.34,1409916.34,1410134.9639951817,2.0,0.0,0.0,218.62399518163875,218.62399518163875
6426.0,1407207.13,1407971.7780544627,1410341.7780544627,0.0,0.0,0.3226363098999399,3134.6480544628575,2370.0
6429.0,1409463.35,1409916.3635660128,1411416.3635660128,0.0,0.0,0.3020090440084847,1953.013566012727,1500.0
6441.0,1412172.56,1412172.56,1412326.56,0.0,0.0,0.0,154.0,154.0
6430.0,1409471.11,1409916.3933102859,1412437.1185385673,0.0,2.0,0.17664888869674533,2966.0085385672282,2520.725228281459
6128.0,1167685.03,1195221.5972985667,1414529.5207157575,1.0,0.0,0.12556120576721577,246844.49071575748,219307.9234171908
6421.0,1404749.15,1414529.5207157575,1414668.1033602338,0.0,0.0,70.57428260743447,9918.953360233922,138.58264447632246
6350.0,1332201.88,1414529.5207157575,1414765.5207157575,0.0,0.0,348.8459352362611,82563.64071575762,236.0
6422.0,1404878.16,1414668.1033602338,1414960.0873300903,0.0,0.0,33.52904395760043,10081.927330090431,291.98396985651925
6405.0,1399742.01,1414765.5459242244,1415109.5459242244,0.0,0.0,43.673069547164,15367.535924224416,344.0
6380.0,1336773.49,1414765.5207157575,1415197.5207157575,0.0,0.0,180.53710813832757,78424.03071575752,432.0
6383.0,1337997.63,1415197.5207157575,1415317.5207157575,0.0,0.0,643.3324226313135,77319.89071575762,120.0
6408.0,1402389.14,1415317.5588003222,1415436.7021496757,0.0,1.0,108.51146010649926,13047.562149675796,119.14334935345687
6406.0,1400133.89,1415109.5459242244,1415547.9610052125,0.0,1.0,34.15862403837257,15414.071005212609,438.4150809880812
6410.0,1402707.3,1415436.7021496757,1415696.7021496757,0.0,0.0,48.959239037214026,12989.402149675647,260.0
6435.0,1411038.63,1414960.0873300903,1415716.0747693025,0.0,0.0,5.187199054758318,4677.444769302616,755.9874392121565
6437.0,1411441.18,1415547.9610052125,1415725.5514522302,0.0,0.0,23.125010799727793,4284.371452230262,177.59044701769017
6414.0,1404024.56,1415696.7021496757,1415991.6434018959,1.0,0.0,39.574464615623754,11967.083401895827,294.9412522201892
6417.0,1404408.68,1415725.5514522302,1416044.8350791556,1.0,0.0,35.44457184105233,11636.155079155695,319.28362692543305
6423.0,1405048.88,1415991.6434018959,1419977.1830780758,1.0,2.0,2.7456164763073163,14928.30307807587,3985.5396761798766
6462.0,1420556.27,1420662.6252791558,1420910.6252791558,0.0,0.0,0.42885193207973404,354.35527915577404,248.0
6466.0,1421395.32,1421395.32,1421532.32,0.0,0.0,0.0,137.0,137.0
6467.0,1421409.87,1421532.32,1423181.32,0.0,0.0,0.07425712553059638,1771.4499999999534,1649.0
6475.0,1421979.26,1423181.6497327334,1423220.865369767,2.0,0.0,30.66097668396935,1241.6053697669413,39.21563703357242
6478.0,1422740.71,1423182.190391776,1423221.190391776,0.0,0.0,11.320010045537343,480.4803917759564,39.0
6479.0,1423022.01,1423182.4262691666,1423229.4262691666,0.0,0.0,3.413112109928253,207.4162691666279,47.0
6468.0,1421502.02,1421532.369402407,1423241.369402407,0.0,0.0,0.017758573672879703,1739.3494024069514,1709.0
6474.0,1421910.39,1423181.5304102825,1423258.5304102825,0.0,0.0,16.50831701665778,1348.140410282649,77.0
6477.0,1422186.84,1423181.9825515926,1423259.9825515926,0.0,0.0,12.758237840930143,1073.1425515925512,78.0
6480.0,1423312.04,1423312.04,1423344.7213168612,1.0,0.0,0.0,32.681316861184314,32.681316861184314
6481.0,1423546.78,1423546.78,1423586.78,0.0,0.0,0.0,40.0,40.0
6442.0,1412481.02,1419977.1830780758,1423810.0033409786,2.0,0.0,1.9557825736389565,11328.983340978622,3832.820262902882
6482.0,1423781.52,1423781.52,1423820.52,0.0,0.0,0.0,39.0,39.0
6444.0,1412803.06,1423810.0033409786,1423828.245124183,0.0,0.0,603.3918514287998,11025.18512418284,18.241783204255626
6438.0,1411537.21,1416044.8350791556,1424825.928765287,0.0,1.0,0.5133329902031373,13288.718765286962,8781.093686131295
6473.0,1421863.83,1423181.4566841193,1424982.4566841193,0.0,0.0,0.7316083754132295,3118.6266841192264,1801.0
6449.0,1415948.77,1424825.928765287,1425085.8049554236,0.0,0.0,34.159184651040825,9137.034955423558,259.87619013665244
6471.0,1421712.51,1423181.3330568217,1425102.3330568217,0.0,0.0,0.7646137724215052,3389.8230568217114,1921.0
6476.0,1422030.67,1423181.7940712825,1425225.0564266816,2.0,1.0,0.5633755588169355,3194.3864266816527,2043.2623553990852
6452.0,1418098.29,1425085.8049554236,1425235.1603267307,0.0,0.0,46.78449053603351,7136.8703267306555,149.355371307116
6472.0,1421786.23,1423181.3915238206,1425262.3915238206,0.0,0.0,0.6704284112544928,3476.1615238205995,2081.0
6453.0,1418158.43,1425235.1603267307,1425377.4966679085,0.0,0.0,49.71836614719668,7219.06666790857,142.33634117781185
6470.0,1421593.2,1423181.32,1425500.32,0.0,0.0,0.6848296679603759,3907.1200000001118,2319.0
6455.0,1418354.37,1425377.4966679085,1426214.7581471703,0.0,0.0,8.3882118571854,7860.38814717019,837.2614792617969
6183.0,1238995.55,1312212.2950001918,1436385.5558980552,1.0,0.0,0.5896337461928692,197390.00589805515,124173.26089786342
6385.0,1338334.22,1436385.5558980552,1436526.2769378885,0.0,1.0,696.7780796264036,98192.0569378885,140.72103983326815
6390.0,1339514.71,1436526.2769378885,1437828.614808878,1.0,0.0,74.49032167373224,98313.90480887797,1302.3378709894605
6454.0,1418328.18,1437828.614808878,1438498.9637587762,0.0,1.0,29.08997591752385,20170.783758776262,670.3489498982672
6456.0,1419310.79,1438498.9637587762,1438594.8306699449,0.0,1.0,200.15429228772126,19284.040669944836,95.86691116867587
6394.0,1387852.72,1437828.614808878,1439886.5947205448,1.0,0.0,24.283956575844684,52033.87472054479,2057.979911666829
6420.0,1404721.99,1439886.5947205448,1440183.0023700073,1.0,1.0,118.63595553050828,35461.012370007345,296.40764946257696
6424.0,1405459.19,1440183.0023700073,1440196.0023700073,0.0,0.0,2671.0624900005687,34736.81237000739,13.0
6425.0,1406022.76,1440196.0023700073,1440222.5617598167,1.0,0.0,1286.6727215976614,34199.801759816706,26.559389809379354
6428.0,1409069.53,1440222.5617598167,1440233.5617598167,0.0,0.0,2832.0937963469714,31164.031759816688,11.0
6431.0,1409503.12,1440233.5617598167,1440244.5617598167,0.0,0.0,2793.676523619691,30741.441759816604,11.0
6433.0,1409922.16,1440244.5617598167,1440256.5617598167,0.0,0.0,2526.8668133180668,30334.4017598168,12.0
6434.0,1410937.75,1440256.5617598167,1440268.5617598167,0.0,0.0,2443.23431331806,29330.811759816715,12.0
6436.0,1411313.14,1440268.5617598167,1440280.5617598167,0.0,0.0,2412.951813318068,28967.421759816818,12.0
6439.0,1411871.86,1440280.5617598167,1440314.038021038,1.0,1.0,848.622299007174,28442.17802103795,33.47626122133806
6354.0,1332435.65,1361251.886837775,1442035.849697294,0.0,0.0,0.35670739361828,109600.19969729404,80783.96285951906
6451.0,1418050.76,1442035.849697294,1442051.335576872,0.0,0.0,1548.8361236592234,24000.5755768721,15.485879578161985
6469.0,1421562.16,1442051.335576872,1442066.900337431,0.0,0.0,1316.3823175562632,20504.740337431198,15.564760559005663
6483.0,1441701.3,1442035.8597010716,1442779.8597010716,0.0,0.0,0.44967701756933665,1078.5597010715865,744.0
6352.0,1332402.67,1360990.7583203812,1442863.1352853314,0.0,0.0,0.34917867759744986,110460.46528533148,81872.37696495024
6445.0,1413408.34,1442863.1487963598,1442874.1487963598,0.0,0.0,2677.7098905781536,29465.80879635969,11.0
6443.0,1412669.2,1442863.1352853314,1442894.629373545,0.0,1.0,958.7175561487544,30225.429373545107,31.49408821365796
6448.0,1415456.98,1442874.1487963598,1443031.636064488,1.0,1.0,174.09133526934616,27574.656064487994,157.4872681281995
6450.0,1417885.86,1443031.636064488,1443076.039461815,0.0,1.0,566.3029763077586,25190.17946181493,44.403397327056155
6458.0,1419357.35,1443076.039461815,1443095.8524142657,1.0,0.0,1197.1304893009863,23738.502414265648,19.812952450709417
6459.0,1419511.58,1443095.8524142657,1443173.2888413903,1.0,1.0,304.5630240188437,23661.70884139021,77.43642712454312
6446.0,1414314.32,1443173.2888413903,1443184.2888413903,0.0,0.0,2623.5426219445653,28869.96884139022,11.0
6460.0,1419543.59,1443184.2888413903,1443212.198702861,1.0,0.0,847.0374840849372,23668.608702861005,27.90986147080548
6461.0,1419822.95,1443212.198702861,1443239.1807410107,1.0,0.0,866.8451424303936,23416.230741010746,26.982038149610162
6464.0,1420913.23,1443239.1807410107,1443264.2732621203,1.0,0.0,889.7452210353199,22351.043262120336,25.092521109618247
6465.0,1421275.04,1443264.2732621203,1443348.3094475267,2.0,1.0,261.6638672470078,22073.26944752666,84.03618540638126
6256.0,1269314.84,1312212.2950001918,1445114.4823417224,0.0,0.0,0.32277463492722125,175799.64234172227,132902.18734153057
6353.0,1332422.07,1378037.4094151556,1458622.9654195774,0.0,0.0,0.5660485783910536,126200.89541957737,80585.55600442179
6309.0,1310983.13,1319158.9551770946,1469930.1814717725,0.0,0.0,0.05422669416454341,158947.0514717726,150771.22629467794
6393.0,1361066.17,1361251.9147192307,1483634.8272092831,0.0,1.0,0.001517734097445185,122568.6572092832,122382.9124900524
6495.0,1478286.79,1483634.8272092831,1483681.8272092831,0.0,0.0,113.78802572942755,5395.037209283095,47.0
6494.0,1478069.51,1483634.8272092831,1483704.7114626954,1.0,0.0,79.6362118437885,5635.201462695375,69.88425341225229
6493.0,1477913.34,1483634.8272092831,1483711.8111937146,2.0,1.0,74.32048693680096,5798.471193714533,76.98398443148471
6496.0,1478607.86,1483634.8272092831,1483714.6840831868,2.0,0.0,62.949711947750835,5106.824083186686,79.85687390365638
6505.0,1483855.56,1483855.56,1483877.0203057264,3.0,0.0,0.0,21.46030572638847,21.46030572638847
6506.0,1484234.83,1484234.83,1484273.5603425757,1.0,1.0,0.0,38.730342575581744,38.730342575581744
6499.0,1481904.89,1483634.8501074067,1484953.3056535888,2.0,0.0,1.3121110623838048,3048.4156535889488,1318.4555461821146
6507.0,1484832.35,1484953.3056535888,1485031.3056535888,0.0,0.0,1.5507135075481178,198.9556535887532,78.0
6440.0,1411897.08,1440314.038021038,1485089.5794717714,1.0,0.0,0.6346535876580132,73192.4994717713,44775.54145073332
6490.0,1476031.54,1485089.5794717714,1485105.139337542,0.0,0.0,582.1412347187206,9073.599337541964,15.559865770628676
6486.0,1472045.81,1485089.5794717714,1485212.178413556,1.0,0.0,106.39381777609591,13166.368413555901,122.5989417845849
6498.0,1481899.07,1483634.8272092831,1485223.0259328706,1.0,0.0,1.0929093340172946,3323.9559328705072,1588.1987235874403
6504.0,1482513.08,1485212.1999928507,1485228.4214919324,1.0,0.0,166.39152640925604,2715.341491932282,16.22149908170104
6501.0,1481966.0,1483634.9190468849,1485822.068194868,0.0,1.0,0.763056807727914,3856.068194868043,2187.1491479831748
6503.0,1482091.13,1483635.1525765534,1486165.2692792807,0.0,1.0,0.6102574536934104,4074.139279280789,2530.116702727275
6500.0,1481950.48,1483634.8272092831,1486664.5173567568,0.0,0.0,0.555947020089706,4714.03735675686,3029.6901474737097
6502.0,1482066.88,1483635.0329362208,1486860.8558177357,3.0,0.0,0.4861249342631095,4793.975817735773,3225.822881514905
6489.0,1475936.48,1487756.963368916,1487768.963368916,0.0,0.0,985.0402807429977,11832.483368915971,12.0
6491.0,1476127.57,1487768.963368916,1487779.963368916,0.0,0.0,1058.3084880832625,11652.393368915888,11.0
6508.0,1487756.9,1487756.9,1487917.9,0.0,0.0,0.0,161.0,161.0
6509.0,1489021.78,1489021.78,1489111.5931565813,1.0,0.0,0.0,89.81315658125095,89.81315658125095
6510.0,1489120.72,1489120.72,1489162.72,0.0,0.0,0.0,42.0,42.0
6511.0,1489175.04,1489175.04,1489277.984743652,2.0,0.0,0.0,102.94474365189672,102.94474365189672
6512.0,1489379.71,1489379.71,1489472.71,0.0,0.0,0.0,93.0,93.0
6513.0,1489436.94,1489472.71,1489483.71,0.0,0.0,3.2518181818198753,46.77000000001863,11.0
6514.0,1489585.35,1489585.35,1489690.35,0.0,0.0,0.0,105.0,105.0
6515.0,1489779.35,1489779.35,1489865.06419315,1.0,0.0,0.0,85.71419314993545,85.71419314993545
6516.0,1489999.54,1489999.54,1490220.54,0.0,0.0,0.0,221.0,221.0
6519.0,1490194.51,1490220.54,1490231.54,0.0,0.0,2.3663636363661764,37.03000000002794,11.0
6527.0,1492798.96,1492798.96,1492950.96,0.0,0.0,0.0,152.0,152.0
6521.0,1492209.2,1492799.0053392812,1494532.0930389396,1.0,0.0,0.3403205385379193,2322.8930389396846,1733.0876996584702
6532.0,1494320.89,1494532.0930389396,1494583.2316489217,2.0,0.0,4.130011336125203,262.34164892183617,51.13860998209566
6530.0,1494104.58,1494532.0930389396,1494591.0930389396,0.0,0.0,7.24598371084006,486.51303893956356,59.0
6534.0,1494631.29,1494631.29,1494709.29,0.0,0.0,0.0,78.0,78.0
6523.0,1492219.87,1492799.2090444344,1494852.2090444344,0.0,0.0,0.282191448823308,2632.3390444342513,2053.0
6129.0,1168239.87,1252030.0501676863,1495033.9891794007,1.0,1.0,0.34480996690200544,326794.1191794006,243003.93901171442
6497.0,1480987.27,1495033.9891794007,1495049.5712231034,0.0,0.0,901.4683469892972,14062.301223103423,15.582043702714145
6529.0,1493811.64,1495049.5879689467,1495063.0657933906,1.0,0.0,91.85072665806624,1251.425793390721,13.47782444395125
6535.0,1495003.77,1495003.77,1495071.77,0.0,0.0,0.0,68.0,68.0
6517.0,1490131.46,1495049.5712231034,1495149.5797624378,0.0,1.0,49.17691284999636,5018.119762437884,100.00853933440521
6520.0,1490345.83,1490345.83,1495239.2306051138,0.0,1.0,0.0,4893.400605113711,4893.400605113711
6531.0,1494154.05,1495501.4230865897,1495523.4987591386,0.0,1.0,61.03429390888156,1369.4487591385841,22.075672548962757
6533.0,1494489.67,1495523.4987591386,1495534.4987591386,0.0,0.0,93.9844326489732,1044.8287591387052,11.0
6536.0,1495501.38,1495501.38,1495652.38,0.0,0.0,0.0,151.0,151.0
6537.0,1495719.63,1495719.63,1495871.63,0.0,0.0,0.0,152.0,152.0
6538.0,1496013.54,1496013.54,1496065.5454284095,2.0,0.0,0.0,52.00542840943672,52.00542840943672
6525.0,1492223.75,1492799.5275165818,1496106.8972848817,1.0,0.0,0.17408924822995905,3883.1472848816775,3307.369768299861
6384.0,1338024.79,1415317.5207157575,1497445.901542846,1.0,0.0,0.9411208395607845,159421.11154284608,82128.38082708861
6540.0,1497001.0,1497445.901542846,1497507.5997777819,1.0,1.0,7.210928210658972,506.5997777818702,61.69823493575677
6541.0,1497456.9,1497485.663923932,1497555.663923932,0.0,0.0,0.4109131990299959,98.76392393209971,70.0
6539.0,1496744.92,1497445.901542846,1497562.0537754083,2.0,0.0,6.035024272743608,817.1337754083797,116.15223256219178
6542.0,1497691.64,1497691.64,1497737.8561930729,1.0,0.0,0.0,46.216193072963506,46.216193072963506
6518.0,1490177.05,1495149.5797624378,1497796.2873583797,1.0,0.0,1.8787605287649094,7619.237358379643,2646.7075959418435
6543.0,1497787.67,1497787.67,1497845.5757803957,1.0,1.0,0.0,57.90578039572574,57.90578039572574
6528.0,1493784.48,1495063.0657933906,1500173.4228872668,0.0,0.0,0.2501950000564098,6388.942887266865,5110.357093876228
6548.0,1499787.81,1500173.4228872668,1500184.4228872668,0.0,0.0,35.05571702425368,396.6128872667905,11.0
6547.0,1499675.29,1500173.4228872668,1500229.9982755804,2.0,1.0,8.804763027104316,554.708275580313,56.575388313503936
6552.0,1500152.53,1500173.4228872668,1500249.457013225,1.0,0.0,0.27478302674684296,96.92701322492212,76.03412595810369
6546.0,1499669.47,1500173.4228872668,1500256.4228872668,0.0,0.0,6.071721533335835,586.9528872668743,83.0
6550.0,1499922.64,1500173.4228872668,1500262.4228872668,0.0,0.0,2.817785250190436,339.7828872669488,89.0
6549.0,1499869.29,1500184.4228872668,1500286.4228872668,0.0,0.0,3.089538110458913,417.1328872668091,102.0
6545.0,1499413.39,1500173.4228872668,1500302.4228872668,0.0,0.0,5.891727808270921,889.0328872669488,129.0
6551.0,1500129.25,1500286.4228872668,1500324.3413440152,1.0,1.0,4.145023314368959,195.09134401520714,37.91845674836077
6553.0,1500400.85,1500400.85,1500498.85,0.0,0.0,0.0,98.0,98.0
6544.0,1498595.68,1498595.68,1501691.2907084203,2.0,0.0,0.0,3095.6107084203977,3095.6107084203977
6554.0,1500876.15,1500876.15,1502016.3542388903,3.0,0.0,0.0,1140.2042388904374,1140.2042388904374
6556.0,1503137.22,1503137.22,1503303.836174338,0.0,1.0,0.0,166.6161743379198,166.6161743379198
6557.0,1503314.73,1503314.73,1503325.73,0.0,0.0,0.0,11.0,11.0
6447.0,1415438.55,1423828.245124183,1504580.3884804635,0.0,0.0,0.10389439556009417,89141.83848046348,80752.14335628063
6559.0,1503516.49,1504580.4115565962,1504603.2126414888,2.0,0.0,46.6610058954637,1086.72264148877,22.80108489259146
6558.0,1503390.39,1504580.3884804635,1504808.489188138,0.0,1.0,5.216987236016337,1418.0991881380323,228.10070767439902
6560.0,1503604.76,1504603.2126414888,1507428.010088574,2.0,0.0,0.3534599064860508,3823.250088573899,2824.7974470851477
6114.0,1160614.7,1375846.4467243876,1512912.4275224435,1.0,0.0,1.570278383237166,352297.7275224435,137065.98079805588
6112.0,1158998.68,1320970.7594952518,1514378.7365495057,0.0,0.0,0.8374632833774804,355380.0565495058,193407.97705425392
6484.0,1441776.96,1443348.3094475267,1518574.682889867,2.0,0.0,0.02088827861323324,76797.72288986715,75226.37344234041
6492.0,1477542.8,1518574.682889867,1518614.3081523753,1.0,0.0,1035.498070994691,41071.50815237523,39.62526250816882
6562.0,1504319.65,1504580.3884804635,1518818.3884804635,0.0,0.0,0.018312858580111252,14498.738480463624,14238.0
6288.0,1306511.43,1518614.3081523753,1534338.9380141671,0.0,0.0,13.488576838794081,227827.5080141672,15724.629861791851
6334.0,1323727.96,1534338.9380141671,1539365.5578767392,0.0,0.0,41.89912580865031,215637.59787673922,5026.619862572057
6555.0,1502226.39,1539365.5578767392,1539377.5578767392,0.0,0.0,3094.930656394941,37151.16787673929,12.0
6561.0,1504080.06,1539377.5578767392,1539388.5578767392,0.0,0.0,3208.8634433399207,35308.49787673913,11.0
6563.0,1504453.51,1539388.5578767392,1539399.5578767392,0.0,0.0,3175.913443339925,34946.047876739176,11.0
6564.0,1504937.54,1539399.5578767392,1539410.5578767392,0.0,0.0,3132.910716067195,34473.01787673915,11.0
6485.0,1470525.82,1470525.82,1566318.6010526053,1.0,0.0,0.0,95792.78105260525,95792.78105260525
6331.0,1321477.56,1566318.6010526053,1566500.1952963502,1.0,0.0,1348.2863553572506,245022.6352963501,181.59424374485388
6023.0,969437.4,1168482.8798849294,1572758.3769004028,100.0,152.0,0.4923510857184377,603320.9769004028,404275.49701547343
6286.0,1278742.27,1572758.3769004028,1576527.1614631568,0.0,0.0,78.01350860064956,297784.8914631568,3768.784562753979
6413.0,1403556.05,1576527.1614631568,1576707.1614631568,0.0,0.0,960.9506192397598,173151.11146315676,180.0
6415.0,1404135.14,1576707.1614631568,1576757.2917543915,1.0,0.0,3442.469956043199,172622.1517543916,50.13029123470187
6416.0,1404287.43,1576757.2917543915,1576769.2917543915,0.0,0.0,14372.48847953263,172481.86175439158,12.0
6419.0,1404587.16,1576769.2917543915,1576781.2917543915,0.0,0.0,14348.510979532633,172194.1317543916,12.0
6565.0,1506276.14,1576781.2917543915,1576796.911824582,0.0,0.0,4513.753836888374,70520.77182458201,15.620070190401748
6524.0,1492222.78,1492799.3590355637,1588906.9519529396,0.0,1.0,0.00599930783886466,96684.17195293959,96107.59291737597
6567.0,1581897.34,1599438.5843227832,1599450.5843227832,0.0,0.0,1461.7703602319234,17553.24432278308,12.0
6571.0,1582289.22,1599450.5843227832,1599495.510873554,1.0,0.0,381.9871329607576,17206.29087355407,44.92655077087693
6569.0,1582237.81,1599438.6731111193,1599552.5172771825,1.0,0.0,151.0913005552217,17314.70727718249,113.84416606323794
6570.0,1582264.0,1599450.5843227832,1599569.5843227832,0.0,0.0,144.42507834271566,17305.584322783165,119.0
6568.0,1582115.59,1599438.57529635,1599583.7414406643,0.0,0.0,119.33213062994349,17468.151440664195,145.16614431422204
6572.0,1582339.66,1599495.510873554,1599609.7667159655,2.0,0.0,150.15294195440313,17270.10671596555,114.25584241142496
6582.0,1587533.04,1599609.7667159655,1599620.7667159655,0.0,0.0,1097.8842469059482,12087.72671596543,11.0
6583.0,1587684.36,1599620.7667159655,1599698.1220515785,1.0,1.0,154.30618484650716,12013.762051578378,77.35533561301418
6584.0,1587958.87,1599698.1220515785,1599709.1220515785,0.0,0.0,1067.20473196167,11750.252051578369,11.0
6590.0,1589830.97,1599709.1220515785,1599720.1220515785,0.0,0.0,898.0138228707735,9889.152051578509,11.0
6573.0,1582446.36,1599552.5172771825,1603827.731067109,0.0,1.0,4.0012401993765625,21381.37106710882,4275.213789926376
6522.0,1492216.96,1492799.0847162309,1612577.126149568,0.0,1.0,0.004860028676916414,120360.16614956805,119778.04143333714
6526.0,1492245.09,1494532.0930389396,1614103.1226245363,0.0,1.0,0.019126732009130776,121858.0326245362,119571.02958559664
6366.0,1334589.05,1389189.421200046,1632525.9754393476,0.0,0.0,0.22438211706717548,297936.9254393475,243336.55423930148
6601.0,1599444.64,1632525.9754393476,1632536.9754393476,0.0,0.0,3007.3941308497874,33092.33543934766,11.0
6045.0,1016603.65,1512912.4275224435,1642951.7647989243,1.0,0.0,3.816604943681197,626348.1147989243,130039.33727648086
6268.0,1273437.34,1642951.7647989243,1643174.316492131,2.0,0.0,1660.3532396215348,369736.9764921309,222.551693206653
6457.0,1419352.5,1643174.316492131,1643185.316492131,0.0,0.0,20347.437862920997,223832.81649213098,11.0
6463.0,1420672.67,1643174.3334080197,1643185.3334080197,0.0,0.0,20227.42394618362,222512.6634080198,11.0
6576.0,1584481.42,1643185.3334080197,1643202.1303350888,0.0,0.0,3494.9198247147992,58720.710335088894,16.796927069080994
6577.0,1585174.0,1643202.1303350888,1643413.9205850316,0.0,0.0,273.98867677223313,58239.92058503162,211.7902499428019
6585.0,1588190.7,1643413.9205850316,1643638.111871816,0.0,0.0,246.3218859979494,55447.41187181603,224.1912867843639
6586.0,1588249.87,1643638.111871816,1668634.2867075573,0.0,0.0,2.2158687173454186,80384.41670755716,24996.174835741287
6613.0,1667691.9,1668634.3230370728,1668749.3230370728,0.0,0.0,8.194982931068491,1057.4230370728765,115.0
6614.0,1668024.61,1668749.3230370728,1668857.2681731551,1.0,0.0,6.713716461663898,832.6581731550395,107.94513608235866
6615.0,1668235.1,1668857.2681731551,1669110.2681731551,0.0,0.0,2.459162739743276,875.1681731550489,253.0
6616.0,1668445.59,1669110.2681731551,1669353.2681731551,0.0,0.0,2.7353011240948897,907.6781731550582,243.0
6617.0,1668634.74,1669353.2681731551,1669598.554306513,1.0,1.0,2.929346895069124,963.8143065129407,245.28613335778937
6618.0,1668850.0799999996,1669598.554306513,1669871.554306513,0.0,0.0,2.741664126422427,1021.4743065133225,273.0
6619.0,1669062.51,1669871.554306513,1669997.08989179,1.0,0.0,6.444740785870636,934.5798917899374,125.53558527701534
6620.0,1669244.87,1669997.08989179,1670735.08989179,0.0,0.0,1.019268146056687,1490.219891789835,738.0
6621.0,1669919.02,1670735.08989179,1671196.15593571,1.0,0.0,1.7699631160244778,1277.1359357100446,461.0660439201165
6622.0,1670446.7,1671196.15593571,1674318.15593571,0.0,0.0,0.2400563535266207,3871.4559357101098,3122.0
6623.0,1673435.27,1674318.15593571,1677918.15593571,0.0,0.0,0.24524609325279015,4482.885935710045,3600.0
6287.0,1293309.73,1514378.7365495057,1695392.3159408313,0.0,0.0,1.221284100855141,402082.58594083134,181013.5793913256
6106.0,1146867.86,1572758.3769004028,1701841.3769004028,0.0,0.0,3.299354035003856,554973.5169004027,129083.0
6127.0,1167271.81,1566500.1952963502,1701933.8566658676,0.0,1.0,2.947778131812406,534662.0466658676,135433.66136951745
6566.0,1577969.81,1577969.81,1723449.1403611498,0.0,3.0,0.0,145479.33036114974,145479.33036114974
6024.0,970646.02,1377073.1040536533,1732721.3996716766,76.0,91.0,1.1427781014594485,762075.3796716766,355648.29561802326
6595.0,1593773.05,1732721.3996716766,1733653.749766283,0.0,0.0,149.03023067781703,139880.69976628292,932.3500946064014
6596.0,1595398.77,1733653.749766283,1733774.835920276,0.0,0.0,1141.7901651609961,138376.06592027587,121.08615399291739
6597.0,1595592.77,1733774.835920276,1733808.328130479,0.0,0.0,4125.797165442222,138215.55813047895,33.49221020308323
6598.0,1598304.89,1733808.328130479,1734239.4292139702,0.0,0.0,314.31940980782883,135934.5392139703,431.1010834912304
6599.0,1598685.13,1734239.4292139702,1734794.9330561936,0.0,0.0,244.02045298445918,136109.80305619375,555.5038422234356
6603.0,1605479.01,1734794.9330561936,1735265.159635324,0.0,0.0,275.00768522132853,129786.14963532402,470.2265791303944
6122.0,1161711.77,1498595.7168886599,1757795.7168886599,0.0,0.0,1.2997065852185952,596083.9468886598,259200.0
6632.0,1757230.66,1757795.7168886599,1759795.0949114054,1.0,0.0,0.282616334795974,2564.434911405435,1999.3780227454845
6625.0,1735930.43,1757795.7168886599,1760852.8477416045,1.0,1.0,7.152224729798168,24922.417741604615,3057.1308529446833
6629.0,1750141.9,1757795.7168886599,1761158.9890719661,1.0,0.0,2.275705465246002,11017.089071966242,3363.2721833062824
6626.0,1738990.78,1757795.7168886599,1761711.2982144374,0.0,1.0,4.802591320185508,22720.518214437412,3915.5813257775735
6627.0,1745286.0799999996,1757795.7168886599,1761961.7368798126,0.0,3.0,3.0027788909383015,16675.656879812945,4166.019991152687
6633.0,1759250.2,1759795.0949114054,1763140.0262632838,0.0,1.0,0.1629016724362356,3889.826263283845,3344.9313518784475
6634.0,1761904.12,1761904.12,1764138.12,0.0,0.0,0.0,2234.0,2234.0
6635.0,1764031.3299999996,1764178.7938324488,1812803.7938324488,0.0,0.0,0.0030326752174636086,48772.46383244917,48625.0
6644.0,1812436.27,1812803.7938324488,1813771.3086722402,1.0,0.0,0.37986376780326697,1335.0386722402181,967.51483979146
6646.0,1813988.27,1813988.27,1814246.27,0.0,0.0,0.0,258.0,258.0
6650.0,1817590.85,1817590.85,1817679.85,0.0,0.0,0.0,89.0,89.0
6591.0,1589869.77,1599720.1220515785,1821451.1091564766,1.0,0.0,0.044424787803422294,231581.33915647655,221730.9871048981
6652.0,1819276.71,1821451.1091564766,1821709.7464235309,3.0,0.0,8.40713784692199,2433.0364235308953,258.63726705429144
6643.0,1811158.78,1821451.1091564766,1822388.4920867232,0.0,1.0,10.979855536486445,11229.712086723186,937.3829302466474
6653.0,1820028.46,1821451.1091564766,1822459.837557815,0.0,0.0,1.4103391503490306,2431.3775578150526,1008.7284013384487
6647.0,1814482.97,1822388.4920867232,1822576.947093725,0.0,0.0,41.94912203446795,8093.977093725,188.45500700175762
6655.0,1821626.05,1821709.7464235309,1823509.7464235309,0.0,0.0,0.046498013072673025,1883.6964235308114,1800.0
6645.0,1812802.93,1821709.8263075482,1823733.1934153193,0.0,1.0,4.402016951515987,10930.26341531938,2023.3671077711042
6649.0,1817340.59,1822576.947093725,1825126.1375604235,2.0,0.0,2.05412548106168,7785.54756042338,2549.190466698492
6654.0,1821352.51,1825126.1533643808,1825270.1533643808,0.0,0.0,26.205856697088976,3917.6433643808123,144.0
6648.0,1817195.09,1825126.1375604235,1826179.5726298206,1.0,1.0,7.528748368860098,8984.482629820472,1053.4350693970919
6628.0,1746530.59,1826179.5726298206,1826192.5726298206,0.0,0.0,6126.844817678498,79661.98262982047,13.0
6630.0,1750585.19,1826192.5726298206,1826210.8067650346,0.0,0.0,4146.474825509844,75625.61676503462,18.23413521400653
6656.0,1835575.62,1835575.62,1836442.62,0.0,0.0,0.0,867.0,867.0
6657.0,1836371.99,1836897.7586332096,1836908.7586332096,0.0,0.0,47.797148473603144,536.7686332096346,11.0
6658.0,1836897.73,1836897.73,1837497.73,0.0,0.0,0.0,600.0,600.0
6651.0,1817705.31,1821451.1091564766,1840897.5371641896,0.0,1.0,0.19262144981025878,23192.227164189564,19446.428007713053
6487.0,1472127.29,1485212.178413556,1840979.462515238,0.0,1.0,0.03677934705715133,368852.17251523794,355767.284101682
6659.0,1838781.47,1838781.47,1841633.4431934145,2.0,0.0,0.0,2851.9731934145093,2851.9731934145093
6631.0,1754016.0799999996,1841881.6158796449,1841893.6158796449,0.0,0.0,7322.127989970439,87877.53587964526,12.0
6660.0,1841881.59,1841881.59,1841974.59,0.0,0.0,0.0,93.0,93.0
6661.0,1842158.04,1842158.04,1842240.9903637986,1.0,0.0,0.0,82.95036379853263,82.95036379853263
6662.0,1842259.89,1842259.89,1842359.89,0.0,0.0,0.0,100.0,100.0
6663.0,1842308.39,1842359.89,1842439.4657494556,3.0,0.0,0.6471820919344066,131.07574945571832,79.57574945571832
6664.0,1842422.85,1842667.3366929113,1842754.8032891224,3.0,0.0,2.79520072235637,331.9532891223207,87.46659621107392
6665.0,1842667.29,1842667.29,1842796.791395025,0.0,0.0,0.0,129.50139502505772,129.50139502505772
6624.0,1686857.16,1686857.16,1842823.8857357742,0.0,0.0,0.0,155966.72573577426,155966.72573577426
6666.0,1842735.19,1842754.8032891224,1842833.26483951,0.0,1.0,0.24997325474186555,98.0748395100236,78.46155038755387
6667.0,1842828.31,1842828.31,1842959.31,0.0,0.0,0.0,131.0,131.0
6668.0,1842951.5,1842951.5,1843127.6366846587,0.0,0.0,0.0,176.13668465870433,176.13668465870433
6488.0,1472139.9,1485228.4214919324,1844861.9164791584,0.0,3.0,0.0363940558217397,372722.01647915854,359633.4949872261
6669.0,1842965.08,1844861.9164791584,1845018.9164791584,0.0,0.0,12.081761013747602,2053.8364791583735,157.0
6670.0,1898153.23,1898153.23,1898438.884311931,0.0,1.0,0.0,285.6543119309936,285.6543119309936
6671.0,1898409.31,1898438.884311931,1898700.884311931,0.0,0.0,0.11287905317144682,291.57431193091907,262.0
6672.0,1898468.48,1898700.884311931,1898966.884311931,0.0,0.0,0.8737004207932089,498.4043119309936,266.0
6674.0,1902839.3,1902839.3,1903475.3,0.0,0.0,0.0,636.0,636.0
6676.0,1904622.16,1904622.16,1904989.16,0.0,0.0,0.0,367.0,367.0
5615.0,723764.53,1701933.8566658676,1910509.6192664301,20.0,23.0,4.689755484864901,1186745.0892664301,208575.76260056254
6638.0,1794882.18,1812803.7938324488,1932238.7471745212,0.0,1.0,0.15005334142945348,137356.56717452127,119434.95334207243
6685.0,1916387.29,1932238.7471745212,1932296.7471745212,0.0,0.0,273.30098576760645,15909.457174521172,58.0
6682.0,1915849.91,1932238.7471745212,1932297.7471745212,0.0,0.0,277.7769012630728,16447.837174521293,59.0
6690.0,1930889.76,1932238.7471745212,1932298.7471745212,0.0,0.0,22.48311957535334,1408.9871745212004,60.0
6689.0,1930785.0,1932238.7471745212,1932325.7471745212,0.0,0.0,16.709737638174825,1540.7471745212097,87.0
6681.0,1915724.78,1932238.7471745212,1932328.7471745212,0.0,0.0,183.48852416134648,16603.96717452118,90.0
6687.0,1917646.35,1932238.7471745212,1932330.7471745212,0.0,0.0,158.61301276653387,14684.397174521117,92.0
6688.0,1921547.69,1932238.7471745212,1933825.9539282941,1.0,1.0,6.735768449263321,12278.263928294182,1587.2067537729163
6594.0,1591755.45,1668634.2867075573,1937614.403872416,0.0,0.0,0.2858160577736609,345858.95387241594,268980.1171648586
6606.0,1644001.59,1937614.403872416,1938588.243125766,0.0,0.0,301.5002864819233,294586.65312576597,973.839253350161
6609.0,1644543.82,1938588.243125766,1939334.3211817415,0.0,0.0,394.12018725212937,294790.5011817415,746.078055975493
6610.0,1645943.53,1939334.3211817415,1940362.13014772,0.0,0.0,285.4526481995043,294418.60014771996,1027.8089659784455
6673.0,1900423.03,1940362.13014772,1940457.480946139,1.0,0.0,418.86487381285156,40034.45094613894,95.35079841897823
6683.0,1915887.74,1940362.13014772,1940499.113059503,0.0,1.0,178.6674690233195,24611.373059503036,136.9829117830377
6686.0,1916888.78,1940499.113059503,1940650.6658433492,0.0,0.0,155.78950422626465,23761.885843349155,151.55278384615667
6684.0,1916255.37,1940457.480946139,1940650.8509335702,0.0,1.0,125.1596034506024,24395.48093357007,193.36998743121512
6678.0,1906339.06,1940362.13014772,1940732.1487215862,0.0,2.0,91.94962780441509,34393.08872158616,370.0185738662258
6677.0,1905258.48,1940362.13014772,1940870.073601807,2.0,0.0,69.10936614158348,35611.59360180702,507.9434540870134
6691.0,1940897.25,1940897.25,1941010.30865813,1.0,0.0,0.0,113.05865813000128,113.05865813000128
6692.0,1941012.68,1941012.68,1941067.3619870928,2.0,1.0,0.0,54.68198709283024,54.68198709283024
6679.0,1908467.24,1940457.480946139,1943025.133036342,0.0,2.0,12.458946859739708,34557.89303634199,2567.652090203017
6604.0,1605682.71,1735265.159635324,1966634.4778557238,5.0,7.0,0.5600675605219414,360951.76785572385,231369.3182203998
6697.0,1999314.53,2003255.8978557237,2003293.974447056,2.0,0.0,103.51157280167521,3979.4444470559247,38.07659133221023
6695.0,1999165.15,2003255.8978557237,2003295.814032084,2.0,0.0,102.48345980826491,4130.664032084169,39.91617636033334
6706.0,2003181.92,2003255.8978557237,2003296.6035092343,2.0,1.0,1.8173852854295582,114.683509234339,40.7056535105221
6704.0,2003009.26,2003255.8978557237,2003297.1654158926,2.0,1.0,5.97655530674662,287.905415892601,41.26756016886793
6698.0,1999524.05,2003255.8978557237,2003304.8978557237,0.0,0.0,76.16016032089175,3780.847855723696,49.0
6696.0,1999301.92,2003255.8978557237,2003305.8978557237,0.0,0.0,79.07955711447634,4003.977855723817,50.0
6705.0,2003116.93,2003255.8978557237,2003318.8978557237,0.0,0.0,2.2058389797429774,201.9678557238076,63.0
6707.0,2003249.82,2003255.8978557237,2003324.5520817218,2.0,0.0,0.08852850112746266,74.73208172176965,68.65422599809244
6703.0,2002907.41,2003255.8978557237,2003333.8978557237,0.0,0.0,4.467793022100336,426.4878557238262,78.0
6699.0,1999686.04,2003255.8978557237,2003345.9306355787,1.0,0.0,39.65064570342965,3659.8906355786603,90.03277985495515
6700.0,2000703.57,2003255.8978557237,2003348.9712705156,0.0,7.0,27.422737861632832,2645.4012705155183,93.07341479184106
6702.0,2001269.08,2003255.8978557237,2003382.4398315381,1.0,0.0,15.700860073798808,2113.3598315380514,126.54197581438348
6708.0,2003297.35,2003324.5520817218,2003425.7754069152,2.0,0.0,0.2687333346318183,128.42540691513568,101.22332519339398
6701.0,2000891.75,2003255.8978557237,2003437.8978557237,0.0,0.0,12.989823383097486,2546.1478557237424,182.0
6709.0,2003398.23,2003425.7754069152,2003494.7754069152,0.0,0.0,0.39920879587315133,96.54540691524744,69.0
6710.0,2003855.1,2003855.1,2003908.1,0.0,0.0,0.0,53.0,53.0
6712.0,2003978.29,2003978.29,2004036.29,0.0,0.0,0.0,58.0,58.0
6711.0,2003890.02,2003978.3149238538,2004092.9377307629,1.0,1.0,0.7703085121960397,202.91773076285608,114.62280690902844
6713.0,2004081.11,2004092.9377307629,2004213.9377307629,0.0,0.0,0.09774984101464679,132.82773076277226,121.0
6714.0,2004229.52,2004229.52,2004298.4733532756,2.0,1.0,0.0,68.95335327554494,68.95335327554494
6715.0,2004474.93,2004474.93,2004532.93,0.0,0.0,0.0,58.0,58.0
6717.0,2004738.77,2004738.77,2004781.0054885142,2.0,0.0,0.0,42.23548851418309,42.23548851418309
6716.0,2004552.53,2004738.7954456373,2004853.7954456373,0.0,0.0,1.619699527280729,301.26544563728385,115.0
6718.0,2004843.53,2004853.7954456373,2005016.7954456373,0.0,0.0,0.06297819409376593,173.26544563728385,163.0
6719.0,2004965.75,2005016.7954456373,2005085.7954456373,0.0,0.0,0.7397890672074172,120.04544563731179,69.0
6720.0,2005219.89,2005219.89,2005256.9767351535,3.0,0.0,0.0,37.08673515357077,37.08673515357077
6722.0,2005545.81,2005545.81,2005586.8013177274,3.0,0.0,0.0,40.99131772737019,40.99131772737019
6721.0,2005395.46,2005545.82095361,2005760.266641988,0.0,3.0,0.7011610014039534,364.8066419879906,214.44568837806582
6723.0,2006006.56,2006006.56,2006048.6443887528,3.0,0.0,0.0,42.08438875270076,42.08438875270076
6725.0,2006220.93,2006220.93,2006272.2142469357,2.0,0.0,0.0,51.284246935741976,51.284246935741976
6724.0,2006079.31,2006220.9416373535,2006388.2663822644,1.0,0.0,0.8464476514148612,308.95638226438314,167.32474491093308
6726.0,2006348.0,2006388.2663822644,2006446.2663822644,0.0,0.0,0.6942479700765347,98.26638226443902,58.0
6728.0,2006955.22,2006955.22,2006997.8593121152,2.0,0.0,0.0,42.63931211526506,42.63931211526506
6727.0,2006553.64,2006955.2320236457,2007099.774645952,2.0,0.0,2.7783640371108933,546.1346459521446,144.54262230638415
6729.0,2008707.04,2008707.04,2008766.04,0.0,0.0,0.0,59.0,59.0
6731.0,2009187.19,2009187.19,2009252.19,0.0,0.0,0.0,65.0,65.0
6730.0,2008876.79,2009187.2141800052,2009315.5597148803,3.0,0.0,2.4186597555373037,438.769714880269,128.34553487505764
6732.0,2009783.74,2009783.74,2009850.74,0.0,0.0,0.0,67.0,67.0
6733.0,2009870.07,2009870.07,2009909.5081576915,1.0,0.0,0.0,39.43815769138746,39.43815769138746
6735.0,2010050.49,2010050.49,2010102.372786511,1.0,0.0,0.0,51.882786510977894,51.882786510977894
6734.0,2009931.18,2010050.5095277806,2010214.1445915005,0.0,1.0,0.7292417961524496,282.9645915005822,163.63506371993572
6737.0,2010927.37,2010927.37,2010993.37,0.0,0.0,0.0,66.0,66.0
6738.0,2011017.58,2011017.58,2011075.58,0.0,0.0,0.0,58.0,58.0
6740.0,2011202.85,2011202.85,2011282.85,0.0,0.0,0.0,80.0,80.0
6739.0,2011080.63,2011202.8933858944,2011356.8933858944,0.0,0.0,0.793918090223867,276.2633858944755,154.0
6741.0,2011583.09,2011583.09,2011619.4901093557,1.0,0.0,0.0,36.40010935557075,36.40010935557075
6743.0,2011822.68,2011822.68,2011859.1368597087,3.0,0.0,0.0,36.45685970876366,36.45685970876366
6742.0,2011622.86,2011822.7116513066,2011981.746102276,1.0,1.0,1.2566563413666765,358.8861022759229,159.03445096942596
6745.0,2012108.83,2012108.83,2012153.0078325944,2.0,0.0,0.0,44.177832594374195,44.177832594374195
6746.0,2012683.07,2012683.07,2012741.07,0.0,0.0,0.0,58.0,58.0
6748.0,2013209.78,2013209.78,2013277.78,0.0,0.0,0.0,68.0,68.0
6747.0,2013086.59,2013209.8079514287,2013372.8079514287,0.0,0.0,0.7559383523227658,286.21795142861083,163.0
6749.0,2014014.88,2014014.88,2014048.748976834,2.0,0.0,0.0,33.868976833997294,33.868976833997294
6751.0,2015029.5,2015029.5,2015099.5,0.0,0.0,0.0,70.0,70.0
6752.0,2015115.83,2015115.83,2015164.1134501374,1.0,0.0,0.0,48.28345013735816,48.28345013735816
6750.0,2014099.27,2015029.52294231,2015978.1720092352,1.0,0.0,0.9806080823175648,1878.9020092352293,948.6490669252817
6753.0,2015335.05,2015978.1720092352,2016125.4405265113,0.0,0.0,4.367002677359322,790.3905265112408,147.26851727603935
6755.0,2016358.4,2016358.4,2016387.3705292891,1.0,0.0,0.0,28.970529289217666,28.970529289217666
6754.0,2016255.58,2016358.4115972423,2039809.3692504733,3.0,0.0,0.004384963665997826,23553.78925047326,23450.957653230987
6675.0,1902931.45,1910509.6192664301,2054706.9315592232,0.0,1.0,0.05255416447043548,151775.48155922326,144197.31229279307
6758.0,2062858.26,2062858.26,2063501.26,0.0,0.0,0.0,643.0,643.0
6759.0,2063802.07,2063802.07,2064033.8918858927,1.0,0.0,0.0,231.8218858926557,231.8218858926557
6768.0,2068152.52,2068152.52,2068219.52,0.0,0.0,0.0,67.0,67.0
6761.0,2066625.74,2068152.5647495475,2068285.5647495475,0.0,0.0,11.479885334943779,1659.8247495475225,133.0
6764.0,2066706.25,2068285.5647495475,2068376.8561439482,1.0,0.0,17.29971110547947,1670.6061439481564,91.29139440064318
6762.0,2066637.38,2068285.5647495475,2068418.5647495475,0.0,0.0,12.392366537952068,1781.184749547625,133.0
6765.0,2066720.8,2068376.8561439482,2068558.0753608898,0.0,0.0,9.138413529739415,1837.2753608897328,181.21921694162302
6769.0,2068340.7,2068376.8561439482,2068624.8561439482,0.0,0.0,0.1457909030169474,284.15614394820295,248.0
6770.0,2068799.51,2068799.51,2068894.51,0.0,0.0,0.0,95.0,95.0
6771.0,2070336.96,2070336.96,2070397.8989397886,3.0,0.0,0.0,60.938939788611606,60.938939788611606
6680.0,1911827.32,1932238.791393343,2071872.9569634628,15.0,36.0,0.14617820294914022,160045.6369634627,139634.16557011986
6773.0,2070599.83,2071872.9998563393,2071961.9998563393,0.0,0.0,14.305279284710421,1362.1698563392274,89.0
6772.0,2070498.95,2071872.9569634628,2072005.0518233536,0.0,0.0,10.401668653859117,1506.1018233536743,132.0948598908726
6775.0,2072861.87,2072861.87,2082438.7870107486,3.0,0.0,0.0,9576.917010748526,9576.917010748526
6779.0,2078968.99,2082438.7870107486,2082485.4436879994,2.0,0.0,74.36871237316505,3516.4536879993975,46.65667725075036
6777.0,2078513.09,2082438.7870107486,2082496.7870107486,0.0,0.0,67.68443121980266,3983.697010748554,58.0
6776.0,2075691.36,2082438.7870107486,2082502.7870107486,0.0,0.0,105.42854704294587,6811.427010748535,64.0
6778.0,2078746.86,2082438.8138645703,2082531.4859474844,1.0,1.0,39.8389002219235,3784.625947484281,92.67208291403949
5309.0,389787.71,1910509.6192664301,2083760.2063959304,0.0,1.0,8.777585891410174,1693972.4963959304,173250.58712950023
6760.0,2066606.34,2083760.2063959304,2083899.4792251494,1.0,0.0,123.16735785525395,17293.139225149294,139.2728292190004
6766.0,2066737.29,2083899.4792251494,2084036.4792251494,0.0,0.0,125.27145419817037,17299.18922514934,137.0
6781.0,2079980.7,2082438.7870107486,2091713.20135185,3.0,0.0,0.26503959391324367,11732.501351850107,9274.414341101423
6787.0,2089125.86,2091713.20135185,2091753.5917407228,1.0,0.0,64.0583421963111,2627.7317407226656,40.39038887270726
6782.0,2087714.51,2091713.20135185,2091765.4750883197,3.0,0.0,76.4952272766909,4050.965088319732,52.27373646968044
6792.0,2091353.95,2091713.20135185,2091788.20135185,0.0,0.0,4.790018024668098,434.2513518501073,75.0
6794.0,2091738.07,2091753.5917407228,2091799.8590417153,2.0,0.0,0.3354797100703373,61.78904171520844,46.267300992505625
6796.0,2092098.91,2092098.91,2092176.91,0.0,0.0,0.0,78.0,78.0
6798.0,2092647.93,2092647.93,2092704.670259898,3.0,0.0,0.0,56.74025989812799,56.74025989812799
6780.0,2079017.49,2084036.4792251494,2096637.2615162435,0.0,0.0,0.3983077486146782,17619.77151624346,12600.782291094074
6786.0,2089017.22,2096637.2615162435,2096769.2615162435,0.0,0.0,57.72758724426879,7752.04151624348,132.0
6788.0,2089592.43,2096769.2615162435,2096853.1289329035,1.0,0.0,85.5735374004979,7260.698932903586,83.86741666006856
6785.0,2088400.3,2096637.2615162435,2097004.0902332547,0.0,1.0,22.454516602064636,8603.790233254666,366.82871701125987
6789.0,2090734.12,2097004.0902332547,2097180.605357827,0.0,0.0,35.52086682907126,6446.485357827041,176.51512457244098
6791.0,2091141.52,2097180.605357827,2097539.072833094,0.0,0.0,16.846954813221757,6397.552833093796,358.4674752666615
6736.0,2010122.27,2010927.4357038822,2104864.338570988,1.0,0.0,0.008571346077071699,94742.06857098779,93936.90286710556
6797.0,2092231.8,2104864.338570988,2105111.2056375085,0.0,0.0,51.17142091501654,12879.405637508491,246.8670665207319
6799.0,2092737.17,2105111.2056375085,2105346.232213312,0.0,0.0,52.64951674173751,12609.062213311903,235.02657580329105
6800.0,2092890.43,2105346.232213312,2105611.406867272,0.0,0.0,46.97206926561077,12720.976867272286,265.1746539603919
6636.0,1764178.77,1764178.77,2115936.812239699,16.0,40.0,0.0,351758.04223969905,351758.04223969905
6767.0,2066940.99,2115936.812239699,2118447.242460663,0.0,0.0,19.516902652998954,51506.252460662974,2510.430220963899
6783.0,2088162.65,2118447.242460663,2118569.242460663,0.0,0.0,248.2343644316644,30406.592460663058,122.0
6790.0,2090874.77,2118569.242460663,2118860.242460663,0.0,0.0,95.17000845588642,27985.472460662946,291.0
6795.0,2091856.41,2118860.242460663,2119067.242460663,0.0,0.0,130.4532969114157,27210.83246066305,207.0
6784.0,2088271.29,2091713.2565182704,2125819.202424484,1.0,1.0,0.10091983748919432,37547.9124244838,34105.945906213485
6756.0,2016624.18,2020292.8768664303,2140632.9162103855,0.0,1.0,0.03048608664606211,124008.73621038557,120340.03934395523
5353.0,551882.47,1966634.4778557238,2149740.92067905,0.0,1.0,7.726391196517179,1597858.45067905,183106.44282332622
6744.0,2011911.92,2012108.8604815232,2184908.860481523,0.0,0.0,0.0011397018606671583,172996.94048152305,172799.99999999977
6763.0,2066703.34,2083760.2063959304,2208826.3148540235,2.0,1.0,0.1363828027130601,142122.97485402343,125066.10845809313
6694.0,1942903.21,2071872.9569634628,2252020.2615696625,2.0,8.0,0.7159127206781662,309117.0515696625,180147.30460619973
6807.0,2240137.4,2252020.2615696625,2252144.2615696625,0.0,0.0,95.82952878760143,12006.861569662578,124.0
6693.0,1942728.61,2252020.303828995,2252255.701832085,0.0,1.0,1313.9095904357682,309527.0918320848,235.39800308970734
6805.0,2240105.39,2252020.2615696625,2252334.2615696625,0.0,0.0,37.94545085879731,12228.871569662355,314.0
6806.0,2240123.82,2252020.2615696625,2252620.2615696625,0.0,0.0,19.827402616104422,12496.441569662653,600.0
6801.0,2117951.35,2118447.2920535877,2275960.138306601,0.0,1.0,0.00314858162610438,158008.78830660088,157512.84625301324
6809.0,2255440.12,2275960.138306601,2285182.138306601,0.0,0.0,2.225115843266196,29742.01830660086,9222.0
5617.0,723935.25,2083760.2063959304,2313398.887369335,14.0,14.0,5.921584946542243,1589463.6373693352,229638.6809734048
6819.0,2312749.66,2312749.66,2313452.66,0.0,0.0,0.0,703.0,703.0
5993.0,913334.54,2313398.887369335,2313585.4281434966,0.0,0.0,7505.40654536739,1400250.8881434966,186.54077416146174
6639.0,1807627.01,2313585.4281434966,2313788.0366362417,0.0,0.0,2497.2221612648395,506161.0266362417,202.60849274508655
6640.0,1807865.63,2313788.0366362417,2314730.7445078637,0.0,0.0,536.6693350781045,506865.11450786376,942.7078716219403
6820.0,2314170.71,2314730.7898294725,2314782.1978079933,0.0,1.0,10.894803600315624,611.4878079933114,51.40797852072865
6821.0,2314234.73,2314730.8515677396,2314821.5414909297,2.0,0.0,5.470525834496379,586.8114909296855,90.6899231900461
6642.0,1808698.86,2314730.7445078637,2315898.203345149,1.0,0.0,433.44730310543395,507199.3433451487,1167.4588372851722
6803.0,2227250.95,2227250.95,2319535.7450504233,1.0,0.0,0.0,92284.79505042313,92284.79505042313
6823.0,2315195.03,2315195.03,2320087.295942263,1.0,0.0,0.0,4892.265942263417,4892.265942263417
6815.0,2255523.54,2313585.4281434966,2320745.1585447425,1.0,1.0,8.109507605676484,65221.618544742465,7159.730401245877
6817.0,2255545.85,2313585.4281434966,2320916.5215832386,1.0,0.0,7.9169060687267905,65370.67158323852,7331.0934397419915
6826.0,2321560.17,2321560.17,2321669.441367581,1.0,1.0,0.0,109.27136758109555,109.27136758109555
6827.0,2321565.99,2321621.5859427317,2321679.5859427317,0.0,0.0,0.9585507367496732,113.59594273148105,58.0
6825.0,2321461.23,2321669.441367581,2321801.740592471,0.0,0.0,1.5737912883043186,340.5105924708769,132.2992248898372
6811.0,2255477.95,2313585.4281434966,2321809.4026304283,2.0,0.0,7.0656199427457045,66331.45263042813,8223.974486931693
6828.0,2321575.69,2321801.740592471,2321897.740592471,0.0,0.0,2.354693671572022,322.0505924709141,96.0
6830.0,2322603.89,2322603.89,2322677.346887694,2.0,0.0,0.0,73.4568876940757,73.4568876940757
6813.0,2255504.14,2313585.4281434966,2322783.4281434966,0.0,0.0,6.314556223472113,67279.2881434965,9198.0
6831.0,2322775.58,2322775.58,2322878.496932457,3.0,0.0,0.0,102.91693245712668,102.91693245712668
6832.0,2322931.75,2322931.75,2323124.693066467,1.0,0.0,0.0,192.94306646706536,192.94306646706536
6829.0,2321651.35,2321801.740592471,2323152.740592471,0.0,0.0,0.11131798110345308,1501.3905924707651,1351.0
6834.0,2323116.05,2323124.693066467,2323335.5811322373,0.0,0.0,0.04098414215940972,219.53113223752007,210.88806577026844
6842.0,2323286.77,2323335.6489511845,2323456.655851544,2.0,1.0,0.40393523872831133,169.88585154386237,121.00690035941079
6835.0,2323137.39,2323335.5811322373,2323472.5811322373,0.0,0.0,1.4466506002715578,335.1911322372034,137.0
6836.0,2323147.09,2323335.5811322373,2323484.8388941702,0.0,1.0,1.2628564826143414,337.7488941703923,149.2577619329095
6837.0,2323172.31,2323335.6107461276,2323489.9910275787,0.0,1.0,1.0577824097254376,317.68102757865563,154.38028145115823
6841.0,2323272.22,2323472.5811322373,2323602.5811322373,0.0,0.0,1.5412394787471455,330.3611322371289,130.0
6838.0,2323189.77,2323456.655851544,2323649.3262129617,0.0,0.0,1.3851941190119663,459.55621296167374,192.67036141781136
6843.0,2323304.23,2323484.8388941702,2323662.087953699,0.0,0.0,1.018955444111353,357.85795369884,177.24905952857807
6839.0,2323205.29,2323602.5811322373,2323808.444358792,0.0,0.0,1.9298790701286146,603.1543587921187,205.86322655482218
6844.0,2323322.66,2323649.3262129617,2323827.6366700586,0.0,0.0,1.8320081630659515,504.97667005844414,178.3104570969008
6840.0,2323258.64,2323808.444358792,2324010.425145627,0.0,0.0,2.7220626645126997,751.785145626869,201.98078683484346
6822.0,2314678.99,2314730.933957396,2324025.1389605734,0.0,2.0,0.0055888542783480944,9346.148960573133,9294.205003177281
6846.0,2323497.26,2324010.425145627,2327848.074952872,2.0,0.0,0.13371859638115782,4350.814952872228,3837.649807245005
6847.0,2327458.74,2327848.074952872,2328112.074952872,0.0,0.0,1.4747536093628062,653.3349528717808,264.0
6833.0,2322943.39,2327848.090258035,2328124.697093025,1.0,1.0,17.731666891790844,5181.3070930247195,276.6068349899724
6848.0,2327833.16,2327848.074952872,2328188.0800724765,0.0,1.0,0.04386684791453618,354.9200724763796,340.0051196045242
6850.0,2328812.86,2328812.86,2329181.28428905,0.0,0.0,0.0,368.42428905004635,368.42428905004635
6851.0,2329199.89,2329199.89,2329572.7956022746,0.0,0.0,0.0,372.9056022744626,372.9056022744626
6808.0,2255283.95,2275960.138306601,2330229.5123533877,1.0,1.0,0.3809918332349925,74945.56235338748,54269.37404678669
6849.0,2328256.08,2330229.5123533877,2330515.103385985,0.0,1.0,6.90999411095194,2259.023385984823,285.59103259723634
6774.0,2072012.15,2149740.92067905,2334017.2016189187,3.0,7.0,0.42180561862117166,262005.05161891878,184276.28093986865
6845.0,2323333.33,2334017.2016189187,2334147.832167296,1.0,0.0,81.78693078775339,10814.50216729613,130.63054837752134
6853.0,2334249.71,2334249.71,2334378.4789422206,0.0,1.0,0.0,128.76894222060218,128.76894222060218
6856.0,2340674.02,2340674.02,2341081.02,0.0,0.0,0.0,407.0,407.0
6793.0,2091487.81,2097539.072833094,2341640.211893431,0.0,0.0,0.02478998195742955,250152.40189343086,244101.1390603371
6857.0,2341635.29,2341635.29,2341974.29,0.0,0.0,0.0,339.0,339.0
6858.0,2342149.39,2342149.39,2342209.305214968,0.0,1.0,0.0,59.915214967913926,59.915214967913926
6816.0,2255533.24,2313585.4281434966,2350392.3697018684,2.0,0.0,1.5772076050228736,94859.12970186817,36806.941558371764
6860.0,2342381.22,2350392.3697018684,2350477.5913810288,0.0,0.0,94.00365940681225,8096.371381028555,85.22167916037142
6859.0,2342343.39,2350392.3697018684,2350479.0911684576,1.0,0.0,92.8141556921697,8135.701168457512,86.7214665892534
6862.0,2344720.86,2350392.4901878554,2350770.4901878554,0.0,0.0,15.004312666284571,6049.630187855568,378.0
6861.0,2342872.04,2350392.411309469,2350808.411309469,0.0,0.0,18.07781564776199,7936.371309468988,416.0
6814.0,2255515.78,2313585.4281434966,2363518.020516148,2.0,1.0,1.162960811449926,108002.24051614804,49932.59237265121
6812.0,2255489.59,2313398.887369335,2385062.5745275104,0.0,0.0,0.8080703026278646,129572.98452751059,71663.68715817528
6802.0,2199755.33,2252255.701832085,2392987.701832085,0.0,0.0,0.3730521262547597,193232.37183208484,140732.0
5621.0,725370.85,2149740.92067905,2408940.92067905,0.0,0.0,5.495254902311149,1683570.07067905,259200.0
6866.0,2403291.4,2408941.2002755115,2408984.8505736296,1.0,0.0,129.4332574825076,5693.4505736297,43.65029811812565
6864.0,2403001.37,2408940.985453685,2408999.985453685,0.0,0.0,100.67144836753734,5998.6154536847025,59.0
6865.0,2403071.21,2408941.0801912853,2409046.0801912853,0.0,0.0,55.9035256312894,5974.870191285387,105.0
6867.0,2405444.8,2408941.3413719577,2409200.030257529,2.0,1.0,13.51639582131301,3755.2302575292997,258.6888855714351
6868.0,2405453.53,2408941.526270625,2409207.832212124,2.0,0.0,13.097703532238318,3754.3022121242248,266.30594149883837
6870.0,2405470.02,2408941.974426434,2409225.8249246073,3.0,0.0,12.231630554733426,3755.804924607277,283.85049817338586
6869.0,2405466.14,2408941.7449002685,2409272.7449002685,0.0,0.0,10.500316919239795,3806.604900268372,331.0
6871.0,2405474.87,2409225.8249246073,2409631.8249246073,0.0,0.0,9.238805233022621,4156.954924607184,406.0
6876.0,2411983.57,2411983.57,2412150.090796218,0.0,0.0,0.0,166.52079621795565,166.52079621795565
6877.0,2412002.97,2412150.090796218,2412284.2681377227,0.0,0.0,1.0964652792152052,281.2981377225369,134.1773415049538
6878.0,2412143.62,2412284.2681377227,2412493.7575520244,0.0,0.0,0.6713854167355324,350.13755202433094,209.4894143017009
6880.0,2412173.69,2412493.7575520244,2412705.268596694,0.0,0.0,1.513242736447783,531.5785966939293,211.5110446694307
6881.0,2413073.85,2413073.85,2413123.85,0.0,0.0,0.0,50.0,50.0
6879.0,2412160.11,2413073.888632146,2413221.888632146,0.0,0.0,6.174179946934502,1061.7786321463063,148.0
6882.0,2413276.58,2413276.58,2413328.4748046445,1.0,0.0,0.0,51.89480464439839,51.89480464439839
6885.0,2414641.37,2414641.37,2414719.37,0.0,0.0,0.0,78.0,78.0
6890.0,2420956.07,2420956.07,2421051.07,0.0,0.0,0.0,95.0,95.0
6891.0,2421032.7,2421051.07,2421102.806908536,3.0,0.0,0.3550656681947955,70.10690853558481,51.73690853593871
6893.0,2422440.17,2422440.17,2422529.17,0.0,0.0,0.0,89.0,89.0
6855.0,2336352.67,2340674.0573791713,2427182.7881500204,2.0,0.0,0.04995319363334717,90830.11815002048,86508.73077084916
6883.0,2413348.36,2427182.7881500204,2427305.7881500204,0.0,0.0,112.4750256099231,13957.42815002054,123.0
6896.0,2425167.81,2427182.8188227937,2427428.493797137,0.0,1.0,8.201929513496557,2260.6837971368805,245.6749743432738
6900.0,2426919.63,2427305.8307141247,2427433.8307141247,0.0,0.0,3.0171930791002524,514.2007141248323,128.0
6901.0,2426990.44,2427428.493797137,2427543.085732461,1.0,0.0,3.8227279773080323,552.6457324610092,114.59193532401696
6899.0,2426907.99,2427428.493797137,2427548.261866707,1.0,0.0,4.345931257017571,640.2718667066656,119.76806956995279
6906.0,2427111.69,2427428.5362422224,2427550.5362422224,0.0,0.0,2.597100346085814,438.8462422224693,122.0
6897.0,2425435.53,2427182.8841217724,2427614.8841217724,0.0,0.0,4.044801207806881,2179.3541217725724,432.0
6902.0,2427008.87,2427548.261866707,2427657.930017168,2.0,0.0,4.918400323503436,649.0600171680562,109.66815046127886
6905.0,2427100.05,2427543.085732461,2427715.8013087017,0.0,0.0,2.565117415023863,615.7513087019324,172.71557624079287
6886.0,2414694.72,2427657.930017168,2427835.297837607,0.0,0.0,73.08659476723649,13140.577837606892,177.3678204389289
6888.0,2416032.35,2427835.297837607,2428003.8372146073,0.0,0.0,70.03080257970929,11971.487214607187,168.53937700018287
6884.0,2413806.2,2427305.7881500204,2428287.963935637,0.0,3.0,13.744574390567582,14481.763935636729,982.1757856165059
6889.0,2419853.18,2428003.8372146073,2428512.8330676453,0.0,0.0,16.013209471075957,8659.653067645151,508.99585303803906
6892.0,2421087.02,2428287.963935637,2428522.181604907,0.0,0.0,30.744665669675822,7435.161604906898,234.21766927000135
6907.0,2428290.24,2428512.87849581,2428586.7088328623,2.0,0.0,3.0155421835925234,296.46883286209777,73.83033705223352
6903.0,2427020.51,2428522.181604907,2428716.5253580105,0.0,0.0,7.726883838177109,1696.0153580107726,194.34375310363248
6894.0,2422662.3,2428512.8330676453,2428747.822140947,0.0,0.0,24.897043021804365,6085.522140947171,234.98907330166548
6904.0,2427076.77,2428716.5253580105,2428899.59806936,0.0,0.0,8.956852968001463,1822.8280693599954,183.07271134946495
6887.0,2415409.61,2428899.59806936,2429056.6634521266,0.0,1.0,85.88772288169774,13647.053452126682,157.06538276653737
6898.0,2426885.68,2428899.6300352653,2429144.1600309806,0.0,1.0,8.23600405085035,2258.480030980427,244.5299957152456
6895.0,2424926.28,2429056.6634521266,2429227.0078064753,2.0,1.0,24.247257667672294,4300.727806475479,170.34435434872285
6872.0,2405481.66,2429227.0078064753,2429641.0078064753,0.0,0.0,57.355912576026874,24159.347806475125,414.0
6804.0,2233432.76,2252020.2615696625,2436491.201957315,1.0,0.0,0.10076113631015476,203058.44195731543,184470.94038765272
6873.0,2405492.33,2436491.201957315,2436925.201957315,0.0,0.0,71.42597225187818,31432.871957315132,434.0
6810.0,2255453.7,2285182.138306601,2457954.730245041,1.0,1.0,0.17206686531156043,202501.030245041,172772.59193844022
6824.0,2318832.53,2328124.697093025,2465252.1378609724,1.0,0.0,0.06776300236470995,146419.60786097264,137127.44076794758
6910.0,2484605.53,2484605.53,2484689.423290392,2.0,1.0,0.0,83.89329039212316,83.89329039212316
6911.0,2484658.88,2484689.423290392,2484773.366491643,1.0,0.0,0.3638566308753476,114.48649164289236,83.94320125086233
6912.0,2484865.49,2484865.49,2484970.5800588876,2.0,1.0,0.0,105.09005888737738,105.09005888737738
6854.0,2336230.45,2392987.701832085,2491183.082111214,3.0,0.0,0.5780032794898019,154952.63211121364,98195.3802791289
6913.0,2485009.05,2485009.05,2491662.05,0.0,0.0,0.0,6653.0,6653.0
6863.0,2401946.98,2408940.9370959927,2492001.4315594668,2.0,1.0,0.08420317193113212,90054.45155946678,83060.49446347402
6915.0,2486653.2,2491183.082111214,2496477.0552259493,2.0,0.0,0.8556677589852107,9823.855225949083,5293.973114735447
6917.0,2486883.09,2491183.082111214,2497841.082111214,0.0,0.0,0.6458384066106896,10957.992111213971,6658.0
6916.0,2486836.53,2491183.082111214,2497967.082111214,0.0,0.0,0.6407063843181053,11130.552111214027,6784.0
6914.0,2485321.39,2491183.082111214,2498537.1918014027,0.0,1.0,0.7970634595012588,13215.801801402587,7354.109690188896
6918.0,2497132.11,2497132.11,2498758.898870388,2.0,0.0,0.0,1626.7888703881763,1626.7888703881763
6919.0,2499360.2,2499360.2,2499394.8431382226,2.0,0.0,0.0,34.643138222396374,34.643138222396374
6920.0,2499463.99,2499463.99,2500341.99,0.0,0.0,0.0,878.0,878.0
6922.0,2501019.87,2501019.87,2501047.739353233,2.0,0.0,0.0,27.86935323290527,27.86935323290527
6923.0,2501180.89,2501180.89,2501219.100963555,2.0,0.0,0.0,38.21096355468035,38.21096355468035
6924.0,2501554.34,2501554.34,2501632.34,0.0,0.0,0.0,78.0,78.0
6928.0,2502470.02,2502470.02,2502520.7664720737,1.0,1.0,0.0,50.746472073718905,50.746472073718905
6925.0,2501633.88,2502470.027675747,2502655.2574190847,2.0,1.0,4.514111290552978,1021.3774190847762,185.22974333772436
6926.0,2501756.1,2502470.0556924334,2502660.1702708444,2.0,0.0,3.7553968685656596,904.0702708442695,190.11457841098309
6927.0,2502171.26,2502470.11796862,2502695.953071803,0.0,1.0,1.3233459475862865,524.693071803078,225.83510318305343
6929.0,2502527.25,2502655.2574190847,2502794.422800375,1.0,0.0,0.9198222855256695,267.17280037514865,139.16538129048422
6930.0,2503124.77,2503124.77,2503270.77,0.0,0.0,0.0,146.0,146.0
6931.0,2503551.57,2503551.57,2503698.57,0.0,0.0,0.0,147.0,147.0
6932.0,2506476.12,2506476.12,2506611.12,0.0,0.0,0.0,135.0,135.0
6933.0,2507034.84,2507034.84,2507169.84,0.0,0.0,0.0,135.0,135.0
6934.0,2507240.48,2507240.48,2507331.48,0.0,0.0,0.0,91.0,91.0
6935.0,2507939.85,2507939.85,2508054.85,0.0,0.0,0.0,115.0,115.0
6936.0,2508464.62,2508464.62,2508829.0376012386,0.0,0.0,0.0,364.4176012384705,364.4176012384705
6937.0,2508764.35,2509279.4592715395,2509493.8013917063,1.0,0.0,2.403210676176742,729.4513917062432,214.34212016686797
6939.0,2509279.42,2509279.42,2509566.42,0.0,0.0,0.0,287.0,287.0
6938.0,2508870.08,2509279.5114651923,2510400.140558202,1.0,0.0,0.36535858987265885,1530.0605582017452,1120.6290930095129
6941.0,2510028.26,2510400.140558202,2510504.140558202,0.0,0.0,3.575774598096569,475.8805582020432,104.0
6943.0,2510533.63,2510533.63,2510602.63,0.0,0.0,0.0,69.0,69.0
6942.0,2510366.79,2510400.140558202,2510796.334196664,2.0,0.0,0.08417741973656674,429.54419666389003,396.19363846210763
6940.0,2509522.89,2509522.89,2512417.459694525,1.0,0.0,0.0,2894.5696945250966,2894.5696945250966
6921.0,2500876.31,2501019.87601404,2512690.6159551595,0.0,1.0,0.012301363475161304,11814.305955159478,11670.739941119682
6944.0,2510873.13,2512690.6159551595,2535254.6159551595,0.0,0.0,0.08054803914020765,24381.485955159646,22564.0
6946.0,2514707.54,2535254.6159551595,2535331.6159551595,0.0,0.0,266.84514227479866,20624.075955159497,77.0
6948.0,2514949.07,2535254.6159551595,2535387.3835123386,3.0,0.0,152.94057062275863,20438.31351233879,132.76755717908964
6947.0,2514759.92,2535254.665209357,2535476.665209357,0.0,0.0,92.31867211422178,20716.745209357236,222.0
6945.0,2514568.83,2535254.6159551595,2537993.2604559823,2.0,0.0,7.553293590659507,23424.43045598222,2738.64450082276
6951.0,2518006.51,2537993.2604559823,2538743.517891171,0.0,0.0,26.63985655931217,20737.007891171146,750.2574351886287
6952.0,2518513.82,2538743.517891171,2538835.4579855003,0.0,0.0,220.0312936235316,20321.637985500507,91.94009432941675
6950.0,2517814.45,2535254.6159551595,2538854.6159551595,0.0,0.0,4.844490543099819,21040.165955159348,3600.0
6818.0,2256058.98,2320087.295942263,2563486.9263119837,0.0,0.0,0.26305839431639705,307427.94631198375,243399.63036972051
6959.0,2563378.26,2563486.9446131154,2564941.3581882385,1.0,0.0,0.07472744683810009,1563.098188238684,1454.4135751230642
6962.0,2565430.78,2565430.78,2565523.3542038756,3.0,0.0,0.0,92.57420387584716,92.57420387584716
6963.0,2565649.03,2565649.03,2565995.03,0.0,0.0,0.0,346.0,346.0
6961.0,2565148.51,2565430.802867209,2566324.1878675884,1.0,1.0,0.3159812030529369,1175.677867588587,893.3850003792904
6964.0,2566026.36,2566324.1878675884,2567228.1878675884,0.0,0.0,0.32945560573948446,1201.827867588494,904.0
6958.0,2557534.01,2563486.9263119837,2568581.870296933,0.0,0.0,1.168396812520199,11047.860296933446,5094.943984949496
6967.0,2567644.32,2568581.870296933,2568738.3565436625,1.0,0.0,5.991263235774369,1094.0365436626598,156.48624672926962
6966.0,2567571.57,2567571.57,2568885.57,0.0,0.0,0.0,1314.0,1314.0
6968.0,2569042.09,2569042.09,2570245.213103272,2.0,1.0,0.0,1203.1231032721698,1203.1231032721698
6970.0,2570301.15,2570301.15,2570404.15,0.0,0.0,0.0,103.0,103.0
6969.0,2569939.34,2569939.34,2570587.34,0.0,0.0,0.0,648.0,648.0
6971.0,2570516.49,2570516.49,2570612.49,0.0,0.0,0.0,96.0,96.0
6973.0,2570813.31,2570813.31,2570940.688323225,1.0,1.0,0.0,127.37832322483882,127.37832322483882
6974.0,2571257.57,2571617.4821112137,2571753.3608153835,0.0,0.0,2.648774974805668,495.79081538366154,135.87870416976511
6977.0,2571711.53,2571753.3608153835,2571784.939410141,3.0,0.0,1.3246572782813948,73.40941014140844,31.578594757709652
6976.0,2571661.09,2571753.3608153835,2571825.3299913923,3.0,0.0,1.2820879785023505,164.23999139247462,71.96917600883171
6975.0,2571355.54,2571753.3608153835,2572180.3192760716,1.0,0.0,0.9317553158269594,824.779276071582,426.95846068812534
6978.0,2572121.84,2572180.3192760716,2572254.3285078127,1.0,0.0,0.7901619121836225,132.48850781284273,74.00923174107447
6980.0,2572607.81,2572607.81,2572701.81,0.0,0.0,0.0,94.0,94.0
6982.0,2579143.67,2579143.67,2579225.67,0.0,0.0,0.0,82.0,82.0
6908.0,2445690.1,2445690.1,2579806.1061429917,0.0,1.0,0.0,134116.0061429916,134116.0061429916
6983.0,2580280.51,2580280.51,2580734.9674689714,2.0,0.0,0.0,454.45746897161007,454.45746897161007
6984.0,2580985.7,2580985.7,2581075.7,0.0,0.0,0.0,90.0,90.0
6985.0,2581965.4,2581965.4,2582060.4,0.0,0.0,0.0,95.0,95.0
6989.0,2582634.7,2582634.7,2582689.5855439105,1.0,0.0,0.0,54.88554391032085,54.88554391032085
6996.0,2584291.46,2584291.46,2584848.46,0.0,0.0,0.0,557.0,557.0
6997.0,2584845.33,2584848.46,2584922.922781382,2.0,0.0,0.042034422321941024,77.59278138214722,74.46278138225898
6949.0,2515004.36,2535254.7499168194,2585381.160161957,1.0,0.0,0.4039864378435877,70376.80016195728,50126.410245137755
6953.0,2518638.95,2585381.160161957,2588517.40036171,1.0,0.0,21.280962525514337,69878.45036171004,3136.2401997530833
7000.0,2586087.9,2588517.40036171,2588594.40036171,0.0,0.0,31.55195274948469,2506.500361710321,77.0
7006.0,2588388.74,2588517.40036171,2588690.40036171,0.0,0.0,0.7437015127745925,301.6603617100045,173.0
7011.0,2590393.73,2590393.73,2590471.73,0.0,0.0,0.0,78.0,78.0
7014.0,2591026.17,2591026.17,2591097.17,0.0,0.0,0.0,71.0,71.0
7018.0,2592484.08,2592484.08,2592535.814473526,2.0,1.0,0.0,51.73447352601215,51.73447352601215
7021.0,2592784.78,2592784.78,2592866.78,0.0,0.0,0.0,82.0,82.0
7024.0,2593898.34,2593898.34,2593977.174965404,2.0,1.0,0.0,78.83496540412307,78.83496540412307
7028.0,2594364.91,2594364.91,2594421.261005591,1.0,0.0,0.0,56.35100559098646,56.35100559098646
6083.0,1138204.79,2408940.92067905,2635582.2810811084,1.0,0.0,5.606814786254298,1497377.4910811083,226641.36040205834
7008.0,2589372.32,2635582.2810811084,2635677.2810811084,0.0,0.0,486.4206429590373,46304.961081108544,95.0
6954.0,2522221.16,2588517.40036171,2637573.393250335,0.0,1.0,1.3514401902378579,115352.23325033486,49055.99288862478
7012.0,2590633.32,2635677.2810811084,2638746.757236676,0.0,0.0,14.674804037622943,48113.43723667599,3069.4761555674486
6909.0,2468949.73,2491183.082111214,2641707.815348344,0.0,1.0,0.14770564034940614,172758.08534834394,150524.7332371301
7016.0,2592285.23,2641707.815348344,2641815.6075201086,1.0,1.0,458.49883659687447,49530.377520108595,107.79217176465318
6986.0,2582472.71,2641707.815348344,2641829.045816118,0.0,1.0,488.61566267964776,59356.335816117935,121.23046777397394
6960.0,2565056.36,2641707.815348344,2641879.6217167587,0.0,1.0,446.15025656843306,76823.26171675883,171.80636841477826
7019.0,2592648.98,2641879.6217167587,2641952.6217167587,0.0,0.0,674.392352284366,49303.64171675872,73.0
6988.0,2582503.75,2641815.6075201086,2641959.308099612,0.0,0.0,412.7461261813691,59455.55809961213,143.70057950355113
6993.0,2583076.05,2641829.045816118,2642032.5052292356,0.0,0.0,288.7701036575852,58956.45522923581,203.45941311772913
7022.0,2593069.96,2642032.5052292356,2642150.2516851136,0.0,0.0,415.8303098308022,49080.29168511368,117.74645587801933
7003.0,2586408.0,2641959.308099612,2642163.9070470124,0.0,0.0,271.51316663885456,55755.907047012355,204.5989474002272
7025.0,2593974.0,2642150.2516851136,2642284.472758673,0.0,0.0,358.93209916669633,48310.47275867313,134.22107355948538
7026.0,2594229.11,2642163.9070470124,2642298.847862545,0.0,0.0,355.22830403703273,48069.737862545066,134.94081553258002
6987.0,2582488.23,2641879.6217167587,2642325.87288939,0.0,1.0,133.08960370127804,59837.642889390234,446.2511726315133
7027.0,2594296.04,2642284.472758673,2642493.496670452,0.0,0.0,229.58345937690368,48197.45667045191,209.0239117788151
7037.0,2599579.63,2642493.496670452,2642627.2571066087,0.0,0.0,320.8263063687819,43047.62710660882,133.76043615676463
7038.0,2599605.82,2642627.2571066087,2642753.383817504,0.0,0.0,341.09695560261565,43147.56381750433,126.12671089544892
7040.0,2599703.79,2642753.383817504,2642955.508038465,0.0,0.0,212.98582432562006,43251.7180384649,202.12422096077353
7041.0,2599751.32,2642955.508038465,2643156.1320849448,0.0,0.0,215.34900126147832,43404.81208494492,200.62404647981748
7042.0,2599776.54,2643156.1320849448,2643352.513554302,0.0,0.0,220.89452852611376,43575.97355430201,196.3814693572931
7043.0,2599800.79,2643352.513554302,2643543.557137809,0.0,0.0,227.9674760846616,43742.76713780919,191.04358350718394
7048.0,2606203.76,2643543.557137809,2643693.4480789755,0.0,0.0,249.11310081359235,37489.68807897577,149.89094116631895
6990.0,2582688.05,2642325.87288939,2643773.7154346793,0.0,0.0,41.1908208412835,61085.66543467948,1447.8425452890806
6991.0,2582776.32,2643773.7154346793,2643866.7154346793,0.0,0.0,655.8859724159082,61090.39543467946,93.0
6992.0,2582934.43,2643866.7154346793,2644012.7154346793,0.0,0.0,417.34442078547346,61078.28543467913,146.0
6994.0,2583102.24,2644012.7154346793,2644148.7154346793,0.0,0.0,447.871142902052,61046.47543467907,136.0
6998.0,2585635.88,2644148.7154346793,2644238.7154346793,0.0,0.0,650.1426159408823,58602.83543467941,90.0
6999.0,2585927.85,2644238.7154346793,2644384.7154346793,0.0,0.0,399.3894892786247,58456.8654346792,146.0
7001.0,2586120.88,2644384.7154346793,2644566.9650078504,0.0,1.0,319.6925755209732,58446.08500785055,182.24957317113876
7004.0,2586420.61,2644566.9650078504,2644741.6182733066,0.0,1.0,332.9245225159076,58321.00827330677,174.65326545620337
7007.0,2588440.15,2644741.6182733066,2644926.413483892,0.0,1.0,304.66952089793756,56486.263483892195,184.7952105854638
7009.0,2589595.42,2644926.413483892,2645019.413483892,0.0,0.0,594.9569191816363,55423.993483892176,93.0
7010.0,2589743.83,2645019.413483892,2645166.413483892,0.0,0.0,376.02437744144237,55422.58348389203,147.0
7013.0,2590688.61,2645166.413483892,2645389.2253786735,0.0,0.0,244.50132492852268,54700.615378673654,222.81189478142187
7020.0,2592716.88,2641952.6217167587,2645552.6217167587,0.0,0.0,13.676594921321893,52835.741716758814,3600.0
7017.0,2592327.91,2645389.2253786735,2646123.43025818,0.0,0.0,72.27044774523901,53795.520258179866,734.2048795064911
6995.0,2583739.53,2646123.43025818,2647122.43025818,0.0,0.0,62.446346604785006,63382.90025818022,999.0
7002.0,2586176.17,2647122.43025818,2647312.43025818,0.0,0.0,320.7697908325268,61136.26025818009,190.0
7015.0,2591316.2,2647312.43025818,2647588.828530681,0.0,1.0,202.59254788942226,56272.62853068067,276.3982725008391
7023.0,2593869.24,2647588.828530681,2647680.828530681,0.0,0.0,583.908570985659,53811.58853068063,92.0
7030.0,2595034.21,2647680.828530681,2647764.828530681,0.0,0.0,626.7454586985821,52730.61853068089,84.0
7051.0,2647062.1,2647764.828530681,2647868.828530681,0.0,0.0,6.7570051026996225,806.7285306807607,104.0
7052.0,2647344.37,2647868.828530681,2647983.828530681,0.0,0.0,4.560508962441236,639.4585306807421,115.0
6957.0,2555634.75,2563486.9263119837,2648346.6089104298,0.0,1.0,0.0925312948569468,92711.85891042976,84859.68259844603
7029.0,2594707.32,2648346.6089104298,2648954.6089104298,0.0,0.0,88.22251465531238,54247.288910429925,608.0
7032.0,2596366.99,2648954.6089104298,2649045.6089104298,0.0,0.0,577.8859220926322,52678.61891042953,91.0
7033.0,2596704.55,2649045.6089104298,2649200.6089104298,0.0,0.0,337.6842510350319,52496.05891042994,155.0
7034.0,2597565.91,2649200.6089104298,2649290.6089104298,0.0,0.0,573.7188767825512,51724.69891042961,90.0
7035.0,2598725.06,2649290.6089104298,2649381.6089104298,0.0,0.0,555.6653726420847,50656.5489104297,91.0
7036.0,2598833.7,2649381.6089104298,2649527.6089104298,0.0,0.0,346.21855418102444,50693.90891042957,146.0
7039.0,2599620.37,2649527.6089104298,2649647.973875356,0.0,1.0,414.6326046042583,50027.603875355795,120.3649649261497
7044.0,2601293.62,2649647.973875356,2649950.21821861,0.0,1.0,159.98431386581768,48656.598218610045,302.24434325424954
7045.0,2601451.73,2649950.21821861,2650129.487231155,0.0,1.0,270.534698273626,48677.757231154945,179.2690125447698
7047.0,2606143.62,2650129.487231155,2650171.487231155,0.0,0.0,1047.2825531227336,44027.867231154814,42.0
6757.0,2059210.09,2315898.203345149,2651458.885585868,92.0,105.0,0.7649528890902959,592248.7955858677,335560.682240719
7005.0,2586824.13,2603226.49036171,2664336.2362866877,0.0,0.0,0.2684082565462934,77512.10628668778,61109.745924977586
7061.0,2658426.62,2664336.2362866877,2664368.28524717,1.0,0.0,184.3933843022184,5941.665247169789,32.048960482236
7060.0,2658358.72,2664336.2362866877,2664394.2362866877,0.0,0.0,103.06062563254241,6035.51628668746,58.0
7058.0,2653697.87,2664336.2362866877,2664427.3120277645,1.0,0.0,116.80790253149635,10729.442027764395,91.07574107684195
7053.0,2651725.86,2664336.24511809,2664437.6631244896,1.0,0.0,124.34069220802637,12711.803124489728,101.4180063996464
7059.0,2657373.2,2664336.2936319085,2664452.2936319085,0.0,0.0,60.026669240588774,7079.0936319082975,116.0
7057.0,2653611.54,2664336.2362866877,2664465.5265563983,0.0,1.0,82.95052915191845,10853.986556398217,129.2902697105892
7054.0,2651848.08,2664437.6631244896,2664552.6631244896,0.0,0.0,109.47463586512629,12704.583124489523,115.0
7063.0,2661591.73,2664437.6631244896,2664620.0176145607,1.0,1.0,15.606597476050435,3028.287614560686,182.35449007106945
7055.0,2652447.54,2664552.6631244896,2664687.645742056,0.0,1.0,89.67912567363182,12240.105742055923,134.98261756636202
7064.0,2661767.3,2664336.2362866877,2664742.825061656,0.0,0.0,6.318266624275303,2975.5250616562553,406.5887749684043
7056.0,2653086.77,2664620.0176145607,2664765.1623344333,0.0,0.0,79.46033189965169,11678.392334433272,145.14471987262368
7062.0,2660579.05,2664765.1623344333,2664937.4123027963,1.0,0.0,24.30254341534816,4358.3623027964495,172.24996836297214
7069.0,2665523.14,2665523.14,2665690.5177410953,2.0,0.0,0.0,167.3777410951443,167.3777410951443
7076.0,2668318.68,2668318.68,2668423.68,0.0,0.0,0.0,105.0,105.0
7077.0,2668396.28,2668423.68,2668473.69367802,2.0,0.0,0.5478501299082372,77.41367802023888,50.01367801986635
7079.0,2674305.52,2674305.52,2674683.52,0.0,0.0,0.0,378.0,378.0
7081.0,2675282.31,2675282.31,2675885.309346022,1.0,0.0,0.0,602.9993460220285,602.9993460220285
6979.0,2572132.51,2572180.3192760716,2676571.3192760716,0.0,0.0,0.0004579827386637043,104438.80927607184,104391.0
7065.0,2662218.35,2676571.3192760716,2676760.3192760716,0.0,0.0,75.94163638133082,14541.969276071526,189.0
7066.0,2662538.45,2676760.3192760716,2676989.9879251365,0.0,1.0,61.92342461184659,14451.537925136276,229.6686490648426
7070.0,2665782.13,2676989.9879251365,2677157.013781406,1.0,0.0,67.10253235912687,11374.883781406097,167.0258562695235
7084.0,2678895.56,2678895.56,2679208.045964443,1.0,0.0,0.0,312.48596444306895,312.48596444306895
7090.0,2679722.0,2679722.0,2679829.361668465,1.0,0.0,0.0,107.36166846519336,107.36166846519336
7091.0,2679971.29,2679971.29,2680158.8368082093,2.0,1.0,0.0,187.54680820927024,187.54680820927024
7093.0,2680360.26,2680360.26,2680422.26,0.0,0.0,0.0,62.0,62.0
6955.0,2522372.48,2637573.393250335,2681101.393250335,0.0,0.0,2.6465933020201944,158728.91325033503,43528.0
6965.0,2567551.2,2681101.393250335,2682448.393250335,0.0,0.0,84.29858444716764,114897.19325033482,1347.0
7092.0,2679979.05,2680112.8447927744,2706628.8447927744,0.0,0.0,0.005045813575750454,26649.7947927746,26516.0
7103.0,2686031.85,2723867.6884556552,2724305.7917471295,0.0,0.0,86.36282628311676,38273.94174712943,438.10329147428274
7049.0,2606420.07,2650171.487231155,2733416.487231155,0.0,0.0,0.5255741153361174,126996.4172311551,83245.0
7071.0,2665988.74,2733416.487231155,2733616.487231155,0.0,0.0,337.13873615577353,67627.7472311547,200.0
7031.0,2595448.4,2642298.847862545,2740887.7450737683,14.0,20.0,0.4752101827670263,145439.3450737684,98588.89721122338
7088.0,2679506.66,2740887.7450737683,2741019.6529116402,0.0,0.0,465.33311487801365,61512.99291164009,131.90783787192777
7089.0,2679644.4,2741019.6529116402,2741175.442756157,0.0,0.0,393.96183430348736,61531.042756156996,155.78984451666474
7095.0,2681293.4,2741175.442756157,2741305.0870538387,0.0,0.0,461.89492192827163,60011.687053838745,129.64429768174887
7097.0,2682552.46,2741305.0870538387,2741439.084113556,0.0,0.0,438.46206161380024,58886.624113556,133.99705971730873
7098.0,2682729.97,2741439.084113556,2741569.926150125,0.0,0.0,448.70223402999324,58839.95615012478,130.84203656902537
7099.0,2683657.29,2741569.926150125,2741731.2199327922,0.0,0.0,359.05064158360386,58073.929932792205,161.2937826672569
7100.0,2684975.52,2741731.2199327922,2741893.94391829,0.0,0.0,348.7850900354557,56918.423918290064,162.72398549783975
7102.0,2685487.68,2741893.94391829,2742256.92793537,0.0,0.0,155.395998898501,56769.24793536961,362.98401707969606
7094.0,2680460.17,2680460.17,2750431.17,0.0,0.0,0.0,69971.0,69971.0
7050.0,2645549.87,2668318.7152556553,2754780.7969998494,0.0,1.0,0.26333908224670033,109230.92699984927,86462.08174419403
7078.0,2668484.55,2754780.7969998494,2755469.7969998494,0.0,0.0,125.24854426683537,86985.24699984957,689.0
7082.0,2678121.5,2755469.7969998494,2755565.0074010813,1.0,0.0,812.3933519770026,77443.50740108127,95.21040123188868
7083.0,2678707.38,2755565.0074010813,2755710.0294935848,0.0,1.0,529.971855144959,77002.64949358488,145.02209250349551
7085.0,2678910.11,2755710.0294935848,2755822.0800956427,1.0,1.0,685.4038986231116,76911.97009564284,112.05060205794871
7086.0,2679241.85,2755822.0800956427,2755923.3625751724,2.0,0.0,756.1054039278339,76681.51257517235,101.2824795297347
7087.0,2679343.7,2755923.3625751724,2756012.245203688,1.0,0.0,861.5818844954164,76668.54520368762,88.88262851536274
7096.0,2681461.21,2756012.245203688,2756108.2347717583,2.0,0.0,776.6576796025048,74647.02477175836,95.98956807050854
7101.0,2685394.56,2756108.2347717583,2756202.215594591,1.0,0.0,752.4266402473627,70807.65559459105,93.98082283278927
7104.0,2686397.54,2756202.215594591,2756295.9129997552,1.0,0.0,745.0011606224741,69898.3729997552,93.69740516413003
7105.0,2686610.94,2756295.9129997552,2756398.675418363,2.0,0.0,678.1172917481651,69787.73541836301,102.76241860771552
6956.0,2553579.32,2553579.32,2757539.66272633,2.0,1.0,0.0,203960.34272633027,203960.34272633027
7106.0,2686930.07,2733416.53065903,2764368.703689431,1.0,1.0,1.5018803562958962,77438.63368943101,30952.17303040065
5992.0,913310.29,2635582.2810811084,2801535.2810811084,0.0,0.0,10.378070845848574,1888224.9910811083,165953.0
7107.0,2712337.28,2756398.675418363,2824068.5845983275,1.0,0.0,0.6511224257917089,111731.30459832773,67669.90917996457
7067.0,2662694.62,2678895.594238204,2843958.56883433,2.0,0.0,0.09815026221261416,181263.94883432984,165062.974596126
7118.0,2843930.39,2843958.56883433,2844073.56883433,0.0,0.0,0.24503334199847734,143.1788343298249,115.0
7068.0,2662871.16,2843958.56883433,2844214.049857018,1.0,1.0,708.8096287112934,181342.8898570179,255.48102268809453
7119.0,2844141.85,2844141.85,2844225.158774302,2.0,0.0,0.0,83.30877430178225,83.30877430178225
7120.0,2844488.14,2844488.14,2844575.14,0.0,0.0,0.0,87.0,87.0
7072.0,2666747.28,2844214.049857018,2844584.9552532877,1.0,0.0,478.4690965455961,177837.6752532879,370.90539626963437
7111.0,2758729.47,2844584.9552532877,2844757.4751691236,0.0,1.0,497.65550161140163,86028.00516912341,172.5199158359319
7125.0,2847487.38,2861730.5671388935,2861828.5671388935,0.0,0.0,145.33864427442492,14341.187138893642,98.0
7123.0,2845542.53,2861730.427763608,2861869.164837388,1.0,1.0,116.68040360483126,16326.634837388061,138.73707378003746
7126.0,2847569.83,2861828.5671388935,2861880.4575252137,0.0,1.0,274.785719476267,14310.62752521364,51.890386320184916
7128.0,2847706.6,2861869.164837388,2862985.493821769,0.0,0.0,12.686730377460146,15278.893821768928,1116.3289843811654
7127.0,2847593.11,2862985.493821769,2863079.2690215744,1.0,0.0,164.14130658973042,15486.159021574538,93.77519980538636
7124.0,2845785.03,2861730.475234892,2863112.1999042253,1.0,0.0,11.54024791537436,17327.169904225506,1381.7246693330817
7130.0,2848479.69,2861730.427763608,2863215.427763608,0.0,0.0,8.923055733069276,14735.737763607875,1485.0
7129.0,2848440.89,2863112.1999042253,2866712.1999042253,0.0,0.0,4.075363862284769,18271.30990422517,3600.0
7113.0,2817655.03,2844757.4751691236,2868066.0466503175,1.0,1.0,1.1627673189234682,50411.0166503177,23308.57148119388
7109.0,2743480.1,2757539.66272633,2873442.8770277244,0.0,0.0,0.12130433837468542,129962.77702772431,115903.2143013943
7080.0,2675209.56,2733616.487231155,2890090.201238545,0.0,0.0,0.373269897769515,214880.64123854507,156473.7140073902
6212.0,1252029.44,2651458.885585868,2902847.885585868,0.0,0.0,5.566788704302367,1650818.4455858679,251389.0
7156.0,2910411.28,2912282.8010811084,2912332.866852974,1.0,1.0,37.3812489325133,1921.5868529742584,50.06577186565846
7157.0,2910921.5,2912282.809512693,2912340.809124228,0.0,1.0,23.47101086821783,1419.3091242280789,57.99961153510958
7158.0,2911358.0,2912282.848070213,2912356.7646761406,0.0,1.0,12.512047308016706,998.7646761406213,73.91660592751577
7160.0,2914009.01,2914009.01,2914052.01,0.0,0.0,0.0,43.0,43.0
7163.0,2914299.04,2914299.04,2914357.04,0.0,0.0,0.0,58.0,58.0
7166.0,2914473.64,2914473.64,2914523.177273642,1.0,0.0,0.0,49.53727364167571,49.53727364167571
7167.0,2914637.57,2914637.57,2914685.57,0.0,0.0,0.0,48.0,48.0
7169.0,2915071.16,2915071.16,2915129.16,0.0,0.0,0.0,58.0,58.0
7175.0,2916133.31,2916133.31,2916183.31,0.0,0.0,0.0,50.0,50.0
7176.0,2916420.43,2916420.43,2916478.43,0.0,0.0,0.0,58.0,58.0
7181.0,2920553.6,2920553.6,2921451.7981465487,1.0,1.0,0.0,898.1981465485878,898.1981465485878
7143.0,2907002.7,2912282.8010811084,2924316.0416498356,1.0,0.0,0.4387929461686712,17313.341649835464,12033.240568727255
7188.0,2923077.54,2924316.0416498356,2924426.0416498356,0.0,0.0,11.259105907596478,1348.5016498356126,110.0
7178.0,2917127.56,2927079.0495199105,2927336.0495199105,0.0,0.0,38.72174910470981,10208.489519910421,257.0
7179.0,2917465.12,2927079.0900222533,2927336.0900222533,0.0,0.0,37.40844366635497,9870.970022253226,257.0
7142.0,2906955.17,2912282.8010811084,2928170.8010811084,0.0,0.0,0.3353242120536549,21215.63108110847,15888.0
7145.0,2907056.05,2924316.0416498356,2937156.3324679243,1.0,0.0,1.3442056643702274,30100.282467924524,12840.290818088688
7203.0,2930939.39,2937156.3324679243,2939773.3324679243,0.0,0.0,2.375598956027592,8833.942467924207,2617.0
7110.0,2745670.36,2824068.5845983275,2943868.4563997225,0.0,1.0,0.6544099206407896,198198.09639972262,119799.87180139497
7132.0,2855598.52,2943868.4563997225,2945241.292047241,0.0,0.0,64.29752648053018,89642.77204724075,1372.835647518281
7135.0,2902257.46,2945241.292047241,2946861.7289132765,0.0,0.0,26.52607636136947,44604.26891327649,1620.436866035685
7136.0,2904089.79,2946861.7289132765,2949126.1538920263,0.0,0.0,18.88865354986965,45036.363892026246,2264.4249787498266
7137.0,2905079.19,2949126.1538920263,2949260.670178472,0.0,0.0,327.44707020870663,44181.48017847212,134.5162864457816
7138.0,2905246.03,2949260.670178472,2949399.951678972,0.0,0.0,316.01210512821353,44153.92167897243,139.2815005001612
7139.0,2905381.83,2949399.951678972,2949738.3754290617,0.0,0.0,130.06806309348403,44356.54542906163,338.4237500894815
7140.0,2906321.76,2949738.3754290617,2951232.38997061,0.0,0.0,29.06037004437075,44910.62997061014,1494.0145415482111
7146.0,2907331.53,2951232.38997061,2952236.005815758,0.0,0.0,43.742693165766845,44904.47581575811,1003.615845147986
7154.0,2909818.61,2952236.005815758,2952435.1783559476,0.0,0.0,212.9680917628421,42616.56835594773,199.17254018969834
7185.0,2922581.87,2928170.8010811084,2955364.195002479,1.0,0.0,0.2055253234395314,32782.3250024789,27193.393921370618
7122.0,2845185.57,2873442.9069199106,2960883.616748498,0.0,1.0,0.3231599671972526,115698.04674849799,87440.70982858725
7206.0,2954091.35,2960883.66634543,2960988.1626110077,0.0,1.0,65.00056540666291,6896.812611007597,104.49626557761803
7162.0,2914294.19,2960883.616748498,2966789.3887010193,0.0,0.0,7.888795423027824,52495.1987010194,5905.771952521522
7168.0,2914971.25,2966789.3887010193,2966811.3887010193,0.0,0.0,2355.3699409554247,51840.13870101934,22.0
7170.0,2915287.47,2966789.3887010193,2966911.827185066,0.0,0.0,420.635056878147,51624.357185065746,122.43848404660821
7186.0,2922589.63,2937156.3324679243,2969576.1824104837,0.0,1.0,0.449314308787158,46986.552410483826,32419.849942559376
7204.0,2932389.54,2955364.195002479,2969606.7829764937,0.0,1.0,1.6130955304187526,37217.24297649367,14242.587974014692
7171.0,2915511.54,2966811.3887010193,2969899.4936563806,1.0,0.0,16.61208069109122,54387.95365638053,3088.1049553612247
7121.0,2844889.72,2969899.4936563806,2970204.0222508837,0.0,0.0,410.5025797670218,125314.30225088354,304.5285945031792
7117.0,2839772.97,2912282.8010811084,2977082.8010811084,0.0,0.0,1.1189788747084597,137309.8310811082,64800.0
7134.0,2901528.02,2977082.8010811084,2977898.373385795,0.0,1.0,92.64019958371216,76370.35338579491,815.5723046865314
7141.0,2906540.98,2977898.373385795,2978021.373385795,0.0,0.0,580.1414096406093,71480.39338579495,123.0
7144.0,2907033.74,2978021.373385795,2978194.0448274543,0.0,1.0,411.1139207712665,71160.30482745403,172.67144165933132
7147.0,2907993.07,2978194.0448274543,2979206.0448274543,0.0,0.0,69.36855220104192,71212.97482745443,1012.0
7151.0,2909198.78,2979206.0448274543,2979891.0448274543,0.0,0.0,102.20038660942258,70692.26482745446,685.0
7152.0,2909264.74,2979891.0448274543,2980077.5202365317,1.0,2.0,378.7432625934546,70812.78023653151,186.47540907748044
7116.0,2839565.39,2890090.201238545,2980398.7508424358,0.0,0.0,0.5594687486418042,140833.36084243562,90308.54960389063
7114.0,2833171.15,2868066.0466503175,2981308.795768797,0.0,1.0,0.30814243668536384,148137.64576879703,113242.74911847943
7174.0,2915936.4,2980398.7508424358,2981308.878508757,0.0,0.0,70.82781155637544,65372.47850875696,910.1276663211174
6111.0,1156122.63,2801535.2810811084,2982334.1069352305,0.0,1.0,9.100792791700497,1826211.4769352307,180798.82585412217
7193.0,2924945.76,2981308.878508757,2982437.256940899,0.0,0.0,49.950545759509865,57491.496940899175,1128.3784321420826
7194.0,2924957.4,2982437.256940899,2982558.045742153,0.0,0.0,475.8707458310988,57600.64574215328,120.78880125423893
7177.0,2917011.16,2981308.795768797,2985032.461912724,0.0,0.0,17.267293383338515,68021.30191272404,3723.6661439272575
7198.0,2925680.05,2985032.461912724,2985344.9192969636,0.0,0.0,189.95362217858911,59664.86929696379,312.45738423941657
7153.0,2909374.35,2986251.727958994,2986562.8061021725,1.0,1.0,247.13204590167703,77188.45610217238,311.07814317848533
7155.0,2910287.12,2986562.8061021725,2986702.8061021725,0.0,0.0,544.8263293012311,76415.68610217236,140.0
7159.0,2913904.25,2986702.8061021725,2986891.8061021725,0.0,0.0,385.17754551414004,72987.55610217247,189.0
7165.0,2914372.76,2986891.8061021725,2988627.3006659606,0.0,1.0,41.78581000212453,74254.54066596087,1735.4945637881756
7115.0,2833192.49,2873442.8770277244,2989158.900378756,0.0,0.0,0.3478376275135389,155966.410378756,115716.02335103182
7211.0,2989241.24,2989241.24,2989505.24,0.0,0.0,0.0,264.0,264.0
7180.0,2919814.46,2988627.3006659606,2990391.6414438123,0.0,1.0,39.00201226984676,70577.18144381233,1764.3407778516412
7207.0,2954255.28,2960988.1626110077,2992062.397265954,0.0,1.0,0.21667090712839765,37807.11726595415,31074.234654946253
7216.0,3003025.91,3003775.9469352304,3003860.2450130433,1.0,0.0,8.897438170477676,834.3350130431354,84.298077812884
7217.0,3003253.86,3003775.9706799886,3004027.946716389,1.0,0.0,2.0720648179369583,774.0867163892835,251.9760364005342
7164.0,2914334.93,2990391.6414438123,3005664.7697569984,1.0,0.0,4.979772963614027,91329.83975699823,15273.128313186113
7148.0,2908097.83,3005664.7697569984,3005788.7697569984,0.0,0.0,786.8301593306317,97690.93975699833,124.0
7149.0,2908250.12,3005788.7697569984,3006724.949978329,1.0,1.0,104.18789837109502,98474.82997832866,936.1802213303745
7220.0,3004722.44,3004722.44,3006954.3386040167,0.0,1.0,0.0,2231.898604016751,2231.898604016751
7226.0,3007930.23,3007930.23,3009033.23,0.0,0.0,0.0,1103.0,1103.0
7208.0,2954281.47,2966911.827185066,3009100.954511654,0.0,1.0,0.29937469640681397,54819.48451165389,42189.12732658815
7228.0,3010834.41,3010834.41,3010875.901481098,1.0,0.0,0.0,41.49148109788075,41.49148109788075
7229.0,3011004.16,3011004.16,3011062.16,0.0,0.0,0.0,58.0,58.0
7230.0,3011148.69,3011148.69,3011207.69,0.0,0.0,0.0,59.0,59.0
7210.0,2986396.23,2986562.8452574303,3016581.8452574303,0.0,0.0,0.005550326707430494,30185.615257430356,30019.0
7232.0,3011620.11,3016747.8768574307,3016805.8768574307,0.0,0.0,88.40977340397939,5185.7668574308045,58.0
7225.0,3007162.96,3016581.8452574303,3016916.58748202,0.0,1.0,28.13772678060604,9753.62748201983,334.7422245894559
7231.0,3011258.3,3016916.58748202,3018119.985196717,0.0,1.0,4.701926397993284,6861.68519671727,1203.3977146972902
6981.0,2578563.61,2682448.393250335,3021117.2662019357,53.0,42.0,0.30674440891171406,442553.65620193584,338668.8729516007
7209.0,2986251.7,2986251.7,3027712.486361904,0.0,2.0,0.0,41460.78636190388,41460.78636190388
6972.0,2570797.79,3021117.2662019357,3028513.2662019357,0.0,0.0,60.88689510572413,457715.4762019357,7396.0
7131.0,2848882.24,2982334.1069352305,3037477.0064776805,0.0,1.0,2.4201097157122966,188594.7664776803,55142.89954244997
7183.0,2921349.97,3037477.0064776805,3040600.0064776805,0.0,0.0,37.184449720678934,119250.03647768032,3123.0
7184.0,2922496.51,2927336.0900222533,3043959.458322854,1.0,0.0,0.04149751540171083,121462.948322854,116623.36830060044
7234.0,3015765.89,3021117.2662019357,3047908.5733865057,1.0,0.0,0.19974300488845173,32142.68338650558,26791.307184570003
7233.0,3015676.65,3018119.985196717,3048330.985196717,0.0,0.0,0.0808756809346654,32654.335196717177,30211.0
7172.0,2915727.85,2970204.0222508837,3060901.7604996813,0.0,0.0,0.6006342969815551,145173.91049968125,90697.7382487976
7161.0,2914237.93,2952435.1783559476,3065944.639638084,0.0,0.0,0.3365115817174506,151706.70963808382,113509.46128213638
7173.0,2915756.95,3006724.949978329,3066542.358576787,1.0,0.0,1.520761298587465,150785.40857678698,59817.408598458394
7150.0,2909190.05,2980077.5202365317,3066648.266030333,2.0,3.0,0.8188386225223866,157458.2160303332,86570.74579380127
7227.0,3009049.61,3009049.61,3068438.5154310656,0.0,1.0,0.0,59388.90543106571,59388.90543106571
7235.0,3033696.34,3037477.02137022,3069294.1053018435,2.0,0.0,0.11882551456774043,35597.76530184364,31817.083931623492
7182.0,2920599.19,3066542.358576787,3075535.9186263173,1.0,0.0,16.227519221869457,154936.72862631734,8993.560049530119
7112.0,2758883.7,2844584.9552532877,3089500.8014537687,0.0,0.0,0.34992123450899504,330617.10145376856,244915.84620048106
7254.0,3086224.75,3089501.612651097,3089547.855723572,1.0,0.0,70.86169831989278,3323.1057235719636,46.24307247484103
7266.0,3088514.92,3089502.1265745377,3089548.2133277827,3.0,0.0,21.420614493935467,1033.2933277827688,46.086753244977444
7249.0,3085824.14,3089501.4051570767,3089551.4051570767,0.0,0.0,73.54530314153061,3727.26515707653,50.0
7245.0,3084431.22,3089501.0636724387,3089556.018737156,2.0,1.0,92.25434813927909,5124.798737155739,54.955064717214555
7268.0,3089136.69,3089502.4389028475,3089562.578900893,0.0,1.0,6.08162478770436,425.8889008932747,60.13999804574996
7246.0,3084679.54,3089501.229306159,3089575.0172801893,0.0,1.0,65.34519167286889,4895.477280189283,73.7879740302451
7269.0,3089143.48,3089502.7608887134,3089677.0396551834,0.0,2.0,2.061529904018541,533.5596551834606,174.27876647002995
7243.0,3083150.82,3089500.8440480083,3089732.605487274,2.0,0.0,27.39896709361147,6581.785487274174,231.7614392656833
7244.0,3083777.44,3089500.9332004553,3089863.459804989,0.0,6.0,15.787788065424289,6086.019804988988,362.52660453366116
7259.0,3087121.03,3089501.861640745,3090727.2830219474,1.0,0.0,1.9428677165798247,3606.253021947574,1225.4213812025264
7278.0,3090649.89,3090727.2830219474,3090828.1512805703,1.0,0.0,0.7672683458980324,178.26128057017922,100.86825862294063
7275.0,3090210.48,3090210.48,3090920.71212277,0.0,1.0,0.0,710.232122770045,710.232122770045
7279.0,3090911.79,3090911.79,3091055.79,0.0,0.0,0.0,144.0,144.0
7281.0,3091044.68,3091055.79,3091112.943276094,0.0,1.0,0.19438955663086996,68.26327609363943,57.15327609376982
7282.0,3091144.59,3091144.59,3091202.59,0.0,0.0,0.0,58.0,58.0
7277.0,3090479.17,3091144.6016040486,3091704.6016040486,0.0,0.0,1.1882707215155408,1225.4316040487029,560.0
7267.0,3088905.83,3089548.2133277827,3091794.6321177874,0.0,0.0,0.2859588473177261,2888.8021177873015,2246.418790004682
7283.0,3091333.74,3091794.6321177874,3091840.820246566,1.0,0.0,9.978583891010258,507.0802465658635,46.18812877871096
7285.0,3091793.52,3091794.6696769306,3091869.6058475547,0.0,1.0,0.015342082749224382,76.08584755472839,74.9361706241034
7270.0,3089383.07,3089556.018737156,3091889.9764870056,0.0,0.0,0.07410105738514451,2506.9064870057628,2333.957749849651
7284.0,3091735.32,3091794.6321177874,3091961.779149301,0.0,0.0,0.3548499620392614,226.4591493010521,167.1470315135084
7286.0,3091892.46,3091961.779149301,3091998.2109611924,2.0,0.0,1.9027093548729594,105.75096119241789,36.43181189149618
7290.0,3092742.18,3092742.18,3092792.18,0.0,0.0,0.0,50.0,50.0
7293.0,3093345.52,3093345.52,3093404.52,0.0,0.0,0.0,59.0,59.0
7294.0,3094196.21,3094196.21,3094243.21,0.0,0.0,0.0,47.0,47.0
7262.0,3087685.57,3091704.6016040486,3094843.1818742445,0.0,0.0,1.2805253516100166,7157.6118742446415,3138.5802701958455
7287.0,3091924.47,3094843.213799081,3094978.8371889996,0.0,1.0,21.52094709347419,3054.3671889994293,135.6233899188228
7288.0,3092529.75,3094978.8371889996,3095084.3782013636,0.0,1.0,23.20507577237927,2554.6282013636082,105.541012363974
7296.0,3095051.75,3095051.75,3095110.75,0.0,0.0,0.0,59.0,59.0
7295.0,3094790.82,3095084.3782013636,3095140.3782013636,0.0,0.0,5.242110738638855,349.5582013637759,56.0
7272.0,3089730.33,3094843.1818742445,3095190.314536692,0.0,0.0,14.72881243209337,5459.984536692034,347.1326624476351
7289.0,3092545.27,3095190.314536692,3096132.6446010503,0.0,0.0,2.8069193977097613,3587.37460105028,942.3300643581897
7297.0,3095758.88,3096132.6446010503,3096180.6446010503,0.0,0.0,7.78676252188355,421.7646010504104,48.0
7298.0,3095849.09,3096132.6446010503,3096191.6446010503,0.0,0.0,4.8060101872957235,342.5546010504477,59.0
7300.0,3098913.32,3098913.32,3098960.32,0.0,0.0,0.0,47.0,47.0
7196.0,2925065.07,2982558.045742153,3113246.2917508767,0.0,0.0,0.43992461065179245,188181.22175087687,130688.24600872351
7248.0,3085811.53,3113246.2917508767,3113316.02178207,0.0,0.0,393.4425566919713,27504.491782070138,69.73003119323403
7299.0,3097572.78,3113246.322194245,3113573.322194245,0.0,0.0,47.93132169494001,16000.542194245383,327.0
7301.0,3114821.32,3114821.32,3114929.32,0.0,0.0,0.0,108.0,108.0
7261.0,3087684.6,3090210.566203271,3134880.4303805055,0.0,2.0,0.05654743415491015,47195.83038050542,44669.86417723447
7263.0,3087854.35,3091889.9764870056,3136409.315119897,0.0,0.0,0.09064884185013325,48554.96511989692,44519.33863289142
7190.0,2924785.71,3040600.0064776805,3140553.9124081205,0.0,1.0,1.1586770461804485,215768.2024081205,99953.90593043994
7238.0,3076262.85,3082000.4864776805,3147574.3257971923,2.0,0.0,0.08749886444384464,71311.4757971922,65573.83931951178
7303.0,3150717.14,3150717.14,3150764.14,0.0,0.0,0.0,47.0,47.0
7192.0,2924921.51,3066648.266030333,3155715.8679856486,1.0,0.0,1.5912268088393835,230794.3579856488,89067.60195531556
7313.0,3155510.88,3155715.8679856486,3155767.8679856486,0.0,0.0,3.9420766470900093,256.9879856486805,52.0
7312.0,3155243.16,3155715.8679856486,3155773.8679856486,0.0,0.0,8.150137683593444,530.7079856484197,58.0
7317.0,3156293.67,3156293.67,3156351.67,0.0,0.0,0.0,58.0,58.0
7315.0,3155907.61,3156293.716274121,3156352.716274121,0.0,0.0,6.544174137643649,445.1062741209753,59.0
7320.0,3156898.95,3156898.95,3156956.95,0.0,0.0,0.0,58.0,58.0
7316.0,3156013.34,3156898.9731307323,3156992.9731307323,0.0,0.0,9.421629050345299,979.6331307324581,94.0
7321.0,3157276.28,3157276.28,3157314.7605360853,2.0,0.0,0.0,38.48053608555347,38.48053608555347
7322.0,3157501.32,3157501.32,3157570.32,0.0,0.0,0.0,69.0,69.0
7323.0,3158005.72,3158005.72,3158062.6275664503,3.0,0.0,0.0,56.90756645007059,56.90756645007059
7199.0,2926192.21,3155715.8679856486,3158215.805478875,0.0,1.0,91.81175873698298,232023.5954788751,2499.937493226491
6213.0,1252037.2,2902847.885585868,3161987.885585868,0.0,0.0,6.370343002183637,1909950.6855858678,259140.0
6578.0,1586753.16,3161987.885585868,3161999.885585868,0.0,0.0,131269.560465489,1575246.725585868,12.0
7331.0,3159360.81,3161987.9759780453,3162023.832534152,1.0,0.0,73.26877601458176,2663.022534152027,35.85655610682443
7338.0,3161364.83,3161988.0674190344,3162036.0674190344,0.0,0.0,12.98411289654905,671.2374190343544,48.0
7324.0,3158330.67,3161987.9139009984,3162050.3469722015,1.0,0.0,58.57863197380238,3719.6769722015597,62.43307120306417
7325.0,3158458.71,3162050.3469722015,3162235.5542487395,0.0,0.0,19.39252625133401,3776.844248739537,185.2072765380144
7339.0,3161615.09,3162023.832534152,3162287.677614683,0.0,0.0,1.5491762564988045,672.5876146829687,263.8450805307366
6579.0,1586765.77,3161999.885585868,3162400.885585868,0.0,0.0,3928.264627396179,1575635.1155858678,401.0
6580.0,1586986.93,3162400.885585868,3163787.885585868,0.0,0.0,1135.8427942219666,1576800.9555858679,1387.0
7341.0,3161907.06,3162235.5542487395,3164209.799162794,0.0,0.0,0.1663898163803963,2302.7391627938487,1974.244914054405
6581.0,1587018.94,3163787.885585868,3165143.885585868,0.0,0.0,1162.8089569217314,1578124.9455858679,1356.0
6587.0,1588581.61,3165143.885585868,3165207.885585868,0.0,0.0,24633.785556029183,1576626.2755858677,64.0
7326.0,3158637.19,3165485.731235868,3165577.1416834574,1.0,0.0,74.92077127350163,6939.951683457475,91.41044758958742
6588.0,1588725.17,3165207.885585868,3165707.5072105764,0.0,1.0,3155.353246579764,1576982.3372105765,499.6216247086413
7327.0,3158863.2,3165577.1416834574,3165768.6069776346,0.0,1.0,35.066102774972265,6905.406977634411,191.4652941771783
7329.0,3158954.38,3165707.5072105764,3165803.828553633,0.0,1.0,70.11039294399055,6849.448553632945,96.32134305639192
7330.0,3159010.64,3165707.5855078273,3165947.5535306237,1.0,0.0,27.90765798621134,6936.91353062354,239.96802279632539
7073.0,2667207.06,3165707.5072105764,3166115.3145785546,0.0,1.0,1222.391958443682,498908.25457855454,407.8073679781519
7333.0,3159744.93,3165947.5535306237,3166355.055953988,0.0,0.0,15.221071520058022,6610.125953987706,407.5024233642034
7197.0,2925177.59,3075535.9186263173,3166514.5170133724,2.0,1.0,1.6526780066081035,241336.92701337254,90978.5983870551
7328.0,3158866.11,3166514.538992213,3166799.538992213,0.0,0.0,26.83659295513409,7933.428992213216,285.0
7237.0,3073851.43,3166514.5170133724,3170371.9011185495,0.0,0.0,24.022260808563463,96520.47111854935,3857.3841051771306
7365.0,3170137.51,3170371.9174229456,3170403.794643145,3.0,0.0,7.353446175018975,266.2846431452781,31.8772201994434
7195.0,2925009.78,3075535.9186263173,3171991.4007799192,0.0,1.0,1.560576291419185,246981.62077991944,96455.48215360194
7359.0,3167716.39,3171991.441784501,3173901.228317902,0.0,1.0,2.2384971878967437,6184.838317901827,1909.786533400882
7379.0,3173745.91,3173901.228317902,3173959.228317902,0.0,0.0,2.6779020327898064,213.31831790180877,58.0
7241.0,3079984.74,3170371.9011185495,3174262.117416617,0.0,0.0,23.234482145234566,94277.37741661677,3890.2162980674766
7372.0,3172466.48,3173901.228317902,3174319.228317902,0.0,0.0,3.4324122437846327,1852.7483179019764,418.0
7374.0,3172916.56,3174262.191003147,3174326.191003147,0.0,0.0,21.025484424171736,1409.6310031469911,64.0
7373.0,3172708.01,3174319.228317902,3174560.228317902,0.0,0.0,6.685553186316105,1852.2183179021813,241.0
7375.0,3173059.15,3174560.228317902,3174799.228317902,0.0,0.0,6.280662418000213,1740.078317902051,239.0
7377.0,3173272.55,3174799.228317902,3175018.0179664725,2.0,1.0,6.977836144791862,1745.46796647273,218.789648570586
7378.0,3173484.98,3175018.0179664725,3175446.0179664725,0.0,0.0,3.5818644076461736,1961.0379664725624,428.0
7380.0,3173845.82,3175446.0179664725,3175685.0179664725,0.0,0.0,6.69538898105737,1839.1979664727114,239.0
7381.0,3174212.48,3175685.0179664725,3175874.695522249,1.0,0.0,7.763374851826862,1662.2155222492293,189.67755577666685
7382.0,3174843.95,3175874.695522249,3176085.684554691,2.0,0.0,4.885303801436184,1241.7345546907745,210.98903244175017
7385.0,3175189.27,3176085.684554691,3176485.4427083447,1.0,0.0,2.24239217261213,1296.1727083446458,399.75815365370363
7387.0,3176461.91,3176485.4427083447,3176726.4427083447,0.0,0.0,0.09764609271583159,264.5327083445154,241.0
7388.0,3176878.04,3176878.04,3177122.04,0.0,0.0,0.0,244.0,244.0
7242.0,3082631.87,3174262.117416617,3177441.2368056476,0.0,0.0,28.822524795005247,94809.3668056475,3179.1193890306167
7370.0,3172334.56,3177441.2368056476,3177725.043668114,0.0,0.0,17.99349304406015,5390.483668114059,283.80686246650293
7389.0,3177924.67,3177924.67,3178152.67,0.0,0.0,0.0,228.0,228.0
7390.0,3178356.32,3178356.32,3178566.9188035056,2.0,1.0,0.0,210.59880350576714,210.59880350576714
7391.0,3178676.42,3178676.42,3178904.42,0.0,0.0,0.0,228.0,228.0
7393.0,3179335.05,3179335.05,3179528.4175437866,1.0,0.0,0.0,193.36754378676414,193.36754378676414
6395.0,1388717.96,2982334.1069352305,3183874.1069352305,0.0,0.0,7.9071953306303,1795156.1469352306,201540.0
7407.0,3183954.19,3184217.9347804543,3184295.9347804543,0.0,0.0,3.3813433391579357,341.74478045431897,78.0
6574.0,1583597.75,3183874.1069352305,3184861.354228294,0.0,1.0,1620.9478295651286,1601263.604228294,987.2472930634394
7075.0,2667872.48,3184861.354228294,3186178.53274125,0.0,0.0,392.49719695781107,518306.05274125,1317.1785129560158
7408.0,3185064.84,3186178.53274125,3186216.1581179034,2.0,0.0,29.599510763960843,1151.3181179035455,37.62537665339187
7409.0,3185136.62,3186178.573051141,3186592.573051141,0.0,0.0,2.5167948095193178,1455.9530511409976,414.0
7376.0,3173151.3,3186592.573051141,3186984.5669081267,0.0,0.0,34.289499214360106,13833.266908126883,391.9938569855876
7410.0,3186365.61,3186984.5669081267,3187160.5792435994,1.0,0.0,3.516554146414856,794.9692435995676,176.01233547274023
7239.0,3076634.36,3186178.53274125,3188196.53274125,0.0,0.0,54.283534559588766,111562.17274125014,2018.0
7191.0,2924837.12,3060901.7604996813,3188327.7604996813,0.0,0.0,1.0677933898865322,263490.64049968123,127426.0
7240.0,3078970.12,3188196.53274125,3189128.53274125,0.0,0.0,117.19572182537541,110158.4127412499,932.0
7247.0,3085093.73,3189128.53274125,3191524.4122107606,0.0,1.0,43.42238583583651,106430.68221076066,2395.8794695106335
7271.0,3089452.91,3191524.4122107606,3192437.4122107606,0.0,0.0,111.79792136994577,102984.50221076049,913.0
7352.0,3166419.5,3166419.5,3193389.3979626275,1.0,0.0,0.0,26969.897962627467,26969.897962627467
7280.0,3090933.13,3192437.4122107606,3194621.4122107606,0.0,0.0,46.476319693571774,103688.28221076075,2184.0
7274.0,3090170.71,3188327.7604996813,3203246.8524230267,1.0,0.0,6.579291219868788,113076.14242302673,14919.091923345346
7292.0,3093123.39,3203246.8524230267,3206438.179624353,0.0,1.0,34.507104873877275,113314.78962435294,3191.3272013263777
7353.0,3166427.26,3166514.5170133724,3208830.113208566,0.0,5.0,0.0020620532668407156,42402.853208566085,42315.59619519347
7358.0,3166751.24,3166799.538992213,3209697.756640485,0.0,2.0,0.0011258974116097665,42946.5166404848,42898.21764827194
7304.0,3152886.06,3206438.179624353,3211190.3239007946,0.0,1.0,11.269043301112365,58304.263900794555,4752.144276441541
7305.0,3153170.27,3211190.3239007946,3211336.3239007946,0.0,0.0,397.3976294574972,58166.05390079459,146.0
7306.0,3153311.89,3211336.3239007946,3211482.3239007946,0.0,0.0,397.42762945749644,58170.43390079448,146.0
7273.0,3090024.24,3184217.9347804543,3211507.135897936,0.0,0.0,3.45168385014075,121482.89589793561,27289.20111748157
7307.0,3153593.19,3211482.3239007946,3211659.3239007946,0.0,0.0,327.057253676806,58066.133900794666,177.0
7276.0,3090253.16,3184861.354228294,3211756.1179058305,0.0,0.0,3.517717997548871,121502.95790583035,26894.76367753651
7308.0,3153788.16,3211659.3239007946,3211816.3239007946,0.0,0.0,368.6061394955061,58028.16390079446,157.0
7309.0,3154057.82,3211816.3239007946,3211966.3239007946,0.0,0.0,385.0566926719652,57908.50390079478,150.0
7310.0,3154230.48,3211966.3239007946,3212125.3239007946,0.0,0.0,363.1185150993373,57894.84390079463,159.0
7311.0,3154848.37,3212125.3239007946,3212288.3239007946,0.0,0.0,351.39235521959813,57439.9539007945,163.0
7314.0,3155553.56,3212288.3239007946,3212476.774223511,0.0,1.0,301.05952106086795,56923.21422351105,188.45032271649688
7332.0,3159567.42,3212476.774223511,3212642.774223511,0.0,0.0,318.731049539224,53075.35422351118,166.0
7334.0,3160253.21,3212642.774223511,3212792.774223511,0.0,0.0,349.2637614900743,52539.564223511145,150.0
7335.0,3160823.57,3212792.774223511,3212958.774223511,0.0,0.0,313.0674953223571,52135.204223511275,166.0
7336.0,3160980.71,3212958.774223511,3213105.774223511,0.0,0.0,353.5922736293275,52125.064223511145,147.0
7337.0,3161204.78,3213105.774223511,3213252.774223511,0.0,0.0,353.0679879150429,52047.99422351131,147.0
7340.0,3161766.41,3213252.774223511,3213397.774223511,0.0,0.0,355.07837395524797,51631.36422351096,145.0
7342.0,3162058.38,3213397.774223511,3213543.774223511,0.0,0.0,351.6396864624056,51485.39422351122,146.0
7343.0,3162218.43,3213543.774223511,3213725.373581768,0.0,1.0,282.62954625038725,51506.943581767846,181.59935825690627
7344.0,3162499.73,3213725.373581768,3213872.373581768,0.0,0.0,348.47376586236754,51372.64358176803,147.0
7345.0,3162671.42,3213872.373581768,3214018.373581768,0.0,0.0,350.6914628888225,51346.95358176809,146.0
7346.0,3162900.34,3214018.373581768,3214152.373581768,0.0,0.0,381.4778625505087,51252.03358176816,134.0
7347.0,3163001.22,3214152.373581768,3214299.373581768,0.0,0.0,347.9670311684885,51298.15358176781,147.0
7349.0,3163152.54,3214299.373581768,3214439.373581768,0.0,0.0,365.33452558405696,51286.833581767976,140.0
7046.0,2603418.89,3028513.2662019357,3218575.3161974787,54.0,53.0,2.2366083929532707,615156.4261974785,190062.04999554297
7360.0,3169583.64,3218575.3161974787,3218590.8254735963,0.0,0.0,3158.862852514498,49007.18547359621,15.50927611766383
7213.0,3001835.72,3218575.3161974787,3218775.7399635944,1.0,0.0,1081.4066634811213,216940.01996359415,200.42376611568034
7364.0,3169860.09,3218590.8254735963,3218801.6861517294,0.0,0.0,231.103949323539,48941.59615172958,210.8606781330891
7367.0,3170245.18,3218775.7399635944,3218991.91692703,0.0,0.0,224.49459550336059,48746.73692702968,216.17696343548596
7318.0,3156413.95,3218775.7399635944,3219005.7399635944,0.0,0.0,271.13821723301817,62591.78996359417,230.0
7369.0,3172286.06,3218801.6861517294,3219010.216846796,0.0,0.0,223.06368919372542,46724.15684679616,208.5306950667873
7386.0,3175492.88,3219010.216846796,3219025.537566683,0.0,0.0,2840.423763960328,43532.6575666829,15.320719886571169
7394.0,3179526.14,3219025.537566683,3219232.220595788,0.0,0.0,191.11098641067196,39706.08059578808,206.68302910542116
7384.0,3175034.07,3218991.91692703,3224100.4484161795,0.0,0.0,8.604791224326377,49066.37841617968,5108.531489149667
7236.0,3035350.19,3140553.9124081205,3231758.610095348,0.0,0.0,1.153490171842905,196408.42009534827,91204.69768722774
7402.0,3181378.84,3231758.610095348,3231774.2340751975,0.0,0.0,3224.5158135995343,50395.39407519763,15.623979849275202
7412.0,3231735.42,3231758.610095348,3231791.8060002383,2.0,0.0,0.6985830157386931,56.386000238358974,33.195904890075326
7403.0,3181474.87,3231774.2340751975,3231792.380633907,0.0,0.0,2771.840373735652,50317.510633906815,18.146558709442616
7404.0,3181671.78,3231792.380633907,3231809.300512629,0.0,0.0,2962.231671805004,50137.5205126293,16.919878722168505
7356.0,3166500.98,3214439.373581768,3231864.373581768,0.0,0.0,2.7511273217657406,65363.39358176803,17425.0
7405.0,3181729.01,3231809.300512629,3232010.3276706845,0.0,0.0,249.12201414504594,50281.31767068477,201.0271580554545
7413.0,3231792.65,3231809.307954438,3232494.307954438,0.0,0.0,0.024318181661494673,701.6579544381239,685.0
7354.0,3166488.37,3211190.3239007946,3235404.8811761765,0.0,0.0,1.846077687583472,68916.51117617637,24214.55727538187
7355.0,3166494.19,3211507.135897936,3235869.2937148865,0.0,0.0,1.8476584149954398,69375.10371488659,24362.157816950697
7350.0,3165007.18,3235869.2937148865,3236682.5990064656,0.0,0.0,87.12855362996746,71675.41900646547,813.305291579105
7361.0,3169782.49,3236682.5990064656,3236708.951596926,1.0,1.0,2538.6539933208155,66926.46159692574,26.352590460330248
7348.0,3163104.04,3236708.951596926,3237222.951596926,0.0,0.0,143.20021711464187,74118.91159692593,514.0
7366.0,3170161.76,3237222.951596926,3237382.5255371453,1.0,0.0,420.2515241820865,67220.76553714555,159.5739402193576
7250.0,3085863.91,3113316.02178207,3237973.7458569426,0.0,0.0,0.22021990202212685,152109.83585694246,124657.72407487268
7252.0,3085954.12,3166115.3145785546,3238163.052717976,1.0,0.0,1.1126122297334684,152208.9327179757,72047.73813942121
7396.0,3180982.11,3238163.1005095444,3238174.1005095444,0.0,0.0,5198.271864504045,57191.9905095445,11.0
7368.0,3171727.34,3238163.052717976,3238322.052717976,0.0,0.0,417.8346711822387,66594.71271797596,159.0
7415.0,3237830.9,3237973.7458569426,3238400.7458569426,0.0,0.0,0.3345336228166325,569.8458569427021,427.0
7371.0,3172457.75,3238322.052717976,3238473.052717976,0.0,0.0,436.1874352183828,66015.3027179758,151.0
7406.0,3182141.26,3183874.1141091553,3240593.6951977364,0.0,1.0,0.03055125013087131,58452.4351977366,56719.58108858112
7212.0,2996146.67,3186178.53274125,3241261.24126392,0.0,1.0,3.44993679210673,245114.57126392005,55082.70852266997
7392.0,3179277.82,3241261.24126392,3241410.24126392,0.0,0.0,415.9961158652359,62132.42126392014,149.0
7418.0,3239976.54,3240593.6951977364,3241725.212233057,2.0,0.0,0.5454228071445583,1748.6722330567427,1131.5170353204012
7416.0,3238479.83,3240593.6951977364,3241748.302686375,2.0,0.0,1.830808494260283,3268.4726863750257,1154.6074886387214
7383.0,3174960.35,3238473.052717976,3242073.052717976,0.0,0.0,17.64241742165992,67112.70271797571,3600.0
7414.0,3231830.48,3242073.052717976,3242088.5407939483,0.0,0.0,661.3198912595188,10258.06079394836,15.488075972534716
7421.0,3242164.86,3242164.86,3242339.88398528,1.0,0.0,0.0,175.02398528018966,175.02398528018966
7423.0,3242238.58,3242339.88398528,3242658.954476509,0.0,1.0,0.3174971928299297,420.3744765087031,319.0704912287183
7422.0,3242189.11,3242339.88398528,3242781.88398528,0.0,0.0,0.34111761375608524,592.7739852801897,442.0
7420.0,3241597.41,3241725.212233057,3242899.9184123403,1.0,0.0,0.10879506323408986,1302.5084123401903,1174.7061792835593
7424.0,3242258.95,3242339.88398528,3243138.88398528,0.0,0.0,0.1012940992238711,879.933985279873,799.0
7419.0,3241513.99,3241725.212233057,3243209.212233057,0.0,0.0,0.1423330411432321,1695.2222330565564,1484.0
7425.0,3243023.31,3243023.31,3243261.31,0.0,0.0,0.0,238.0,238.0
7426.0,3243311.4,3243311.4,3243452.4,0.0,0.0,0.0,141.0,141.0
7427.0,3243517.04,3243517.04,3243753.04,0.0,0.0,0.0,236.0,236.0
7428.0,3243945.78,3243945.78,3244180.78,0.0,0.0,0.0,235.0,235.0
7429.0,3245895.48,3245895.48,3245938.0935737803,1.0,0.0,0.0,42.61357378028333,42.61357378028333
7430.0,3246184.54,3246280.59202941,3246697.390421571,1.0,1.0,0.23045201521014624,512.8504215711728,416.7983921612613
7431.0,3246280.57,3246280.57,3246774.627200284,0.0,1.0,0.0,494.0572002842091,494.0572002842091
7432.0,3246771.39,3246771.39,3247041.39,0.0,0.0,0.0,270.0,270.0
7253.0,3086017.17,3177441.2368056476,3263463.7148380815,1.0,1.0,1.0627927594829014,177446.54483808158,86022.4780324339
7435.0,3249145.95,3263463.7148380815,3263486.0885151834,0.0,0.0,639.9379401454845,14340.138515183236,22.373677101917565
7439.0,3249671.69,3263486.0885151834,3263508.632190686,0.0,0.0,612.7837722598007,13836.94219068624,22.5436755027622
7453.0,3252015.21,3263463.8411655193,3263519.8411655193,0.0,0.0,204.4398422414171,11504.631165519357,56.0
7450.0,3251592.29,3263463.7575468495,3263537.0007394217,0.0,1.0,162.08287937688917,11944.710739421658,73.24319257214665
7451.0,3251721.3,3263486.1028103586,3263538.885163999,1.0,0.0,222.8927283250985,11817.585163999349,52.782353640533984
7455.0,3253291.73,3263508.6768416404,3263551.2824445893,1.0,0.0,239.80289291734698,10259.552444589324,42.60560294892639
7457.0,3253658.39,3263519.8411655193,3263559.3044533427,3.0,0.0,249.8892441414831,9900.914453342557,39.463287823367864
7442.0,3250523.35,3263463.7148380815,3263678.178727948,1.0,0.0,60.3381988740875,13154.828727948014,214.46388986660168
7470.0,3257687.77,3263559.3044533427,3263712.3009419707,0.0,0.0,38.37692293461546,6024.530941970646,152.99648862797767
7433.0,3247741.39,3263463.7148380815,3263759.7148380815,0.0,0.0,53.11596229081545,16018.324838081375,296.0
7463.0,3254338.36,3263759.7148380815,3263813.7148380815,0.0,0.0,174.4695340385488,9475.354838081636,54.0
7456.0,3253612.8,3263712.3009419707,3263817.182665194,1.0,0.0,96.29419341702443,10204.382665194105,104.88172322325408
7458.0,3253966.85,3263759.7148380815,3263866.7148380815,0.0,0.0,91.52210129048049,9899.864838081412,107.0
7460.0,3254018.26,3263537.0007394217,3263999.1279563764,0.0,0.0,20.597663132995418,9980.867956376635,462.12721695471555
7464.0,3254340.3,3263813.7148380815,3264056.056255451,1.0,0.0,39.0911918437785,9715.756255451124,242.34141736943275
7465.0,3254371.34,3263817.182665194,3264271.31839556,0.0,0.0,20.799602483549982,9899.97839556029,454.13573036622256
7471.0,3257779.92,3263866.7148380815,3265008.8249576,1.0,0.0,5.329429040212388,7228.904957599938,1142.1101195183583
7434.0,3248013.96,3248013.96,3266747.474058509,0.0,0.0,0.0,18733.51405850891,18733.51405850891
7478.0,3267663.25,3267663.25,3267678.599521678,0.0,0.0,0.0,15.349521677941084,15.349521677941084
7258.0,3086658.34,3184861.354228294,3274348.354228294,0.0,0.0,1.0973997812899543,187690.01422829414,89487.0
7475.0,3260938.24,3265008.8249576,3280547.4593454907,1.0,2.0,0.26196542475906565,19609.219345490448,15538.634387890808
7445.0,3251092.74,3288125.7399635944,3288142.6780576864,0.0,0.0,2186.3734941074576,37049.9380576862,16.93809409206733
7448.0,3251334.27,3288142.6780576864,3288164.884969072,0.0,0.0,1657.5203736652447,36830.61496907193,22.206911385525018
7449.0,3251439.03,3288164.884969072,3288180.508684915,0.0,0.0,2350.6479084713183,36741.47868491523,15.623715843074024
7260.0,3087283.02,3089732.605487274,3290678.075819526,0.0,1.0,0.01219029960328908,203395.05581952585,200945.47033225186
7255.0,3086412.93,3166799.538992213,3290959.1574844117,0.0,0.0,0.6474456829719066,204546.22748441156,124159.61849219864
7467.0,3255022.21,3290959.1574844117,3291091.510541315,0.0,0.0,271.52336580048814,36069.30054131523,132.35305690346286
7417.0,3238491.47,3240593.6951977364,3291282.625296172,0.0,1.0,0.04147306312549383,52791.155296172015,50688.93009843584
7459.0,3254006.62,3263538.885163999,3292900.4148468426,2.0,0.0,0.32465151737543635,38893.79484684253,29361.52968284348
7256.0,3086503.14,3171991.4007799192,3295069.590268964,0.0,0.0,0.6945849718363665,208566.45026896382,123078.18948904471
7436.0,3249206.09,3274348.354228294,3301016.354228294,0.0,0.0,0.9427877691725716,51810.26422829414,26668.0
7437.0,3249412.7,3301016.354228294,3301032.354228294,0.0,0.0,3225.2283892683627,51619.6542282938,16.0
7438.0,3249501.94,3301032.354228294,3301043.354228294,0.0,0.0,4684.583111663095,51541.414228294045,11.0
7441.0,3250242.05,3263463.7148380815,3305645.4654007964,0.0,2.0,0.31344514302278703,55403.41540079657,42181.75056271488
7257.0,3086619.54,3184217.9347804543,3307248.216112307,0.0,4.0,0.7932875851693757,220628.67611230677,123030.28133185254
7447.0,3251116.02,3307248.216112307,3307307.216112307,0.0,0.0,951.3931544458778,56191.19611230679,59.0
7443.0,3250547.6,3263508.632190686,3307864.8377590966,0.0,3.0,0.29220335744671233,57317.23775909655,44356.205568410456
7399.0,3181019.94,3241410.24126392,3308135.7475859383,1.0,0.0,0.9050557214579309,127115.80758593837,66725.50632201834
7189.0,2923434.5,3066542.358576787,3308692.2254034705,0.0,0.0,0.590988797360006,385257.72540347045,242149.86682668328
7397.0,3180991.81,3238174.1005095444,3309635.1005095444,0.0,0.0,0.8001887814268526,128643.29050954431,71461.0
7200.0,2927210.71,3165485.731235868,3310649.20128741,1.0,1.0,1.6414254987929462,383438.49128741026,145163.4700515424
7466.0,3254434.39,3264056.056255451,3310670.6939028306,1.0,0.0,0.20640868922407402,56236.30390283046,46614.637647379655
7472.0,3259210.67,3310649.20128741,3310695.995224527,0.0,1.0,1099.2563237188126,51485.32522452716,46.79393711686134
7473.0,3259371.69,3310695.995224527,3310706.995224527,0.0,0.0,4665.845929502467,51335.30522452714,11.0
7474.0,3259602.55,3310706.995224527,3310717.995224527,0.0,0.0,4645.858656775206,51115.44522452727,11.0
7476.0,3265731.98,3310717.995224527,3310733.309580573,0.0,0.0,2937.5061602327096,45001.3295805729,15.314356045797467
7398.0,3181002.48,3211756.1179058305,3312510.293126528,0.0,0.0,0.30523437702175626,131507.81312652817,100754.17522069765
7477.0,3267250.03,3312510.293126528,3312546.5953257293,1.0,0.0,1246.7636705888974,45296.56532572955,36.30219920119271
7351.0,3165833.62,3312546.5953257293,3313313.495053468,0.0,1.0,191.30659461619095,147479.8750534677,766.8997277384624
7357.0,3166505.83,3313313.495053468,3314749.295094287,0.0,0.0,102.24798779759367,148243.46509428695,1435.8000408192165
7108.0,2740221.87,3166115.3145785546,3315208.736262619,0.0,1.0,2.856554231353289,574986.8662626189,149093.42168406444
7446.0,3251105.35,3301043.354228294,3319162.79063076,1.0,1.0,2.756046221255374,68057.44063076004,18119.436402466148
7400.0,3181029.64,3219232.220595788,3319231.4810097744,0.0,0.0,0.3820286313882074,138201.84100977425,99999.26041398617
7454.0,3253018.19,3307864.8377590966,3323022.6361592114,1.0,0.0,3.6183782308835473,70004.44615921145,15157.798400114756
7251.0,3085909.5,3158215.805478875,3323687.192052202,0.0,1.0,0.43697165398945476,237777.69205220183,165471.38657332677
7133.0,2872246.63,3186178.53274125,3323966.53274125,0.0,0.0,2.2783689634892017,451719.9027412501,137788.0
7401.0,3181047.1,3224100.4484161795,3324062.1952894167,0.0,0.0,0.4306982397053939,143015.0952894166,99961.74687323719
7480.0,3271774.11,3308692.2659686757,3324334.4428489655,2.0,0.0,2.360167401967895,52560.332848965656,15642.1768802898
7481.0,3271790.6,3309635.1005095444,3326048.875547047,1.0,0.0,2.305654879701755,54258.27554704668,16413.775037502404
7264.0,3087909.64,3326048.875547047,3326184.027412193,0.0,0.0,1762.012202270212,238274.38741219277,135.15186514612287
7483.0,3281930.01,3295069.590268964,3332954.1264484436,0.0,0.0,0.3468322855192109,51024.11644844385,37884.53617947968
7395.0,3180972.41,3231864.373581768,3338757.373581768,0.0,0.0,0.47610192979678617,157784.96358176786,106893.0
7461.0,3254263.67,3308135.7475859383,3355657.5825687097,2.0,0.0,1.133627891378125,101393.91256870981,47521.83498277143
7202.0,2929196.3,3165947.581292928,3359484.2030665074,1.0,0.0,1.2232893140498575,430287.90306650754,193536.62177357916
7440.0,3250079.09,3359484.2030665074,3359499.5893948697,0.0,0.0,7110.540636446159,109420.4993948699,15.386328362394124
7444.0,3250549.54,3359499.5893948697,3359515.135424721,0.0,0.0,7008.223349430617,108965.59542472102,15.54602985130623
7484.0,3359312.73,3359312.73,3360146.73,0.0,0.0,0.0,834.0,834.0
7485.0,3360847.27,3360847.27,3362387.27,0.0,0.0,0.0,1540.0,1540.0
7488.0,3362581.63,3362581.63,3364121.040872227,1.0,1.0,0.0,1539.4108722270466,1539.4108722270466
7490.0,3364962.98,3364962.98,3365978.379921023,1.0,0.0,0.0,1015.3999210228212,1015.3999210228212
7291.0,3092753.82,3194621.4122107606,3367421.4122107606,0.0,0.0,0.5895115289974584,274667.5922107608,172800.0
7489.0,3363963.88,3367421.4122107606,3368701.240831198,1.0,0.0,2.7015587521231788,4737.3608311982825,1279.8286204375327
7486.0,3362230.49,3367421.4122107606,3368724.485584784,1.0,0.0,3.9835993231398907,6493.99558478361,1303.0733740231954
7492.0,3368204.72,3368701.240831198,3370407.2482459196,0.0,0.0,0.2910425985921316,2202.528245919384,1706.0074147214182
7491.0,3367646.97,3368701.240831198,3371397.240831198,0.0,0.0,0.3910500115719458,3750.270831197966,2696.0
7187.0,2922893.24,3315208.736262619,3384199.555651008,1.0,0.0,5.686488430497521,461306.3156510079,68990.81938838912
7479.0,3268610.94,3384199.555651008,3384290.555651008,0.0,0.0,1270.2045675934967,115679.61565100821,91.0
7487.0,3362326.52,3384199.555651008,3384320.9820347577,1.0,0.0,180.13412716067526,21994.462034757715,121.42638374958187
7462.0,3254281.13,3290678.075819526,3391538.1334113902,0.0,0.0,0.3608658044476652,137257.00341139035,100860.05759186437
7468.0,3255043.55,3308692.2254034705,3394521.2742856694,2.0,1.0,0.6250643121666634,139477.72428566962,85829.04888219899
7214.0,3002247.97,3394521.2742856694,3395446.9789623087,0.0,0.0,423.7564248997772,393199.0089623085,925.7046766392887
7218.0,3003624.4,3395446.9789623087,3397304.4279730828,0.0,0.0,210.94661371028985,393680.02797308285,1857.4490107740276
7219.0,3004419.8,3397304.4279730828,3399117.466275943,0.0,0.0,216.6995740538266,394697.66627594316,1813.0383028602228
7493.0,3369905.13,3369905.13,3401042.93249029,1.0,0.0,0.0,31137.802490290254,31137.802490290254
7452.0,3251854.19,3263508.632190686,3407585.581542277,0.0,0.0,0.08089040088047629,155731.39154227683,144076.9493515906
7319.0,3156885.37,3219005.7399635944,3408501.0812083054,0.0,1.0,0.3278200379785224,251615.71120830532,189495.34124471107
7469.0,3255549.89,3291091.510541315,3417161.473846839,0.0,0.0,0.2819198134862774,161611.58384683868,126069.96330552362
7496.0,3413469.77,3417161.5303333118,3417259.5303333118,0.0,0.0,37.67102380930351,3789.760333311744,98.0
7500.0,3416351.64,3417161.714057454,3417296.714057454,0.0,0.0,6.000548573731686,945.0740574537776,135.0
7499.0,3416203.23,3417161.601325692,3417298.601325692,0.0,0.0,6.995411136439138,1095.371325692162,137.0
7502.0,3416952.07,3417298.601325692,3417314.207675412,0.0,0.0,22.204508544053834,362.1376754119992,15.606349719688296
7497.0,3413597.81,3417259.5303333118,3417402.339080802,1.0,0.0,25.640728580423957,3804.529080802109,142.8087474904023
7503.0,3417078.17,3417402.339080802,3417429.6565147345,1.0,0.0,11.86674713317718,351.48651473456994,27.31743393233046
7501.0,3416502.96,3417296.714057454,3417434.714057454,0.0,0.0,5.751840996043081,931.7540574539453,138.0
7498.0,3413927.61,3417161.473846839,3420098.070258441,2.0,0.0,1.1012285631291958,6170.460258441046,2936.596411602106
7265.0,3088423.74,3326184.027412193,3425974.9972146256,9.0,8.0,2.3825831924763654,337551.25721462537,99790.9698024327
7506.0,3420647.77,3425975.027113929,3426069.027113929,0.0,0.0,56.67294802052028,5421.257113928907,94.0
7505.0,3420296.63,3425974.9972146256,3426069.9972146256,0.0,0.0,59.77228646974422,5773.367214625701,95.0
7507.0,3438306.62,3438306.62,3438480.62,0.0,0.0,0.0,174.0,174.0
7508.0,3438421.08,3438480.62,3439368.9103488815,1.0,0.0,0.0670276335603725,947.8303488814272,888.29034888139
7510.0,3438719.84,3439368.9103488815,3439491.9103488815,0.0,0.0,5.276994706354884,772.0703488816507,123.0
7512.0,3439393.99,3439527.8571934127,3439552.8782182876,1.0,0.0,5.350188254954862,158.88821828737855,25.021024874877185
7515.0,3439781.99,3439781.99,3439953.8777965414,1.0,0.0,0.0,171.88779654121026,171.88779654121026
7509.0,3438619.93,3439368.9103488815,3440330.906920465,0.0,1.0,0.778568625923828,1710.9769204650074,961.9965715836734
7513.0,3439464.8,3439527.89641081,3441300.779243695,2.0,0.0,0.035589724058262044,1835.9792436952703,1772.8828328852542
7511.0,3439094.26,3439368.9156758324,3441406.6175443865,1.0,1.0,0.13478697746277024,2312.3575443867594,2037.7018685541116
7514.0,3439527.85,3439527.85,3445423.85,0.0,0.0,0.0,5896.0,5896.0
7205.0,2939739.23,3089500.8014537687,3447482.2150705596,0.0,0.0,0.41835013147940786,507742.98507055966,357981.4136167909
7516.0,3449764.26,3449764.26,3449916.26,0.0,0.0,0.0,152.0,152.0
7495.0,3410010.75,3410010.75,3458372.9753761985,0.0,1.0,0.0,48362.225376198534,48362.225376198534
7504.0,3419225.75,3419225.75,3459118.8202599203,0.0,1.0,0.0,39893.07025992032,39893.07025992032
7222.0,3005859.28,3323966.53274125,3461688.53274125,0.0,0.0,2.3097780510103703,455829.2527412502,137722.0
7411.0,3186416.05,3242164.8819150417,3464930.6020700037,1.0,0.0,0.25025767822922423,278514.55207000393,222765.72015496204
7302.0,3139405.0,3360847.3262702026,3467518.2665637354,3.0,0.0,2.0759386357788405,328113.26656373544,106670.9402935328
7519.0,3452325.06,3458373.0009132656,3470480.0009132656,0.0,0.0,0.4995408369757637,18154.94091326557,12107.0
7494.0,3370346.48,3370407.2482459196,3476993.627400233,0.0,1.0,0.0005701314408253674,106647.14740023296,106586.37915431336
7362.0,3169822.26,3323966.543281737,3477821.0033281804,1.0,0.0,1.0018837493252122,307998.74332818063,153854.46004644362
7518.0,3450625.62,3458372.9753761985,3487385.4526898926,2.0,1.0,0.2670352928648951,36759.8326898925,29012.47731369408
7523.0,3493036.93,3493036.93,3493052.2436059937,0.0,0.0,0.0,15.313605993520468,15.313605993520468
7521.0,3492308.46,3493036.9408892286,3493112.482550881,3.0,0.0,9.643432157766693,804.022550880909,75.5416616522707
7201.0,2928965.44,3165707.5072105764,3499292.468525344,45.0,35.0,0.7096904676922439,570327.0285253441,333584.9613147676
7524.0,3499819.17,3499819.17,3501006.17,0.0,0.0,0.0,1187.0,1187.0
7520.0,3484035.33,3484035.33,3512681.528129193,2.0,0.0,0.0,28646.198129192926,28646.198129192926
7529.0,3504903.91,3512681.528129193,3512796.528129193,0.0,0.0,67.63146199298131,7892.6181291928515,115.0
7531.0,3507068.95,3512681.528129193,3512817.528129193,0.0,0.0,41.268956832300105,5748.578129192814,136.0
7528.0,3504372.35,3512681.528129193,3512832.528129193,0.0,0.0,55.02766972975435,8460.178129192907,151.0
7527.0,3504366.53,3512681.528129193,3512855.528129193,0.0,0.0,47.78734557007589,8488.998129193205,174.0
7526.0,3504330.64,3512681.528129193,3512897.528129193,0.0,0.0,38.661519116633656,8566.88812919287,216.0
7525.0,3502267.45,3512681.528129193,3512911.340907251,3.0,0.0,45.31548775135858,10643.89090725081,229.81277805799618
7530.0,3506829.36,3512681.528129193,3512911.7783544892,0.0,1.0,25.416557667483833,6082.418354489375,230.25022529624403
7549.0,3509074.91,3512681.528129193,3512944.6660819394,1.0,0.0,13.706187539846521,3869.7560819392093,263.13795274635777
7540.0,3508745.11,3512817.528129193,3513005.7546998966,0.0,0.0,21.635723978666835,4260.644699896686,188.2265707035549
7541.0,3508745.11,3512944.6660819394,3513123.814367233,0.0,1.0,23.441787762911897,4378.704367232975,179.14828529348597
7553.0,3511198.24,3513005.7546998966,3513164.24115791,0.0,0.0,11.404852645168264,1966.0011579096317,158.48645801329985
7532.0,3507069.92,3513164.24115791,3513277.24115791,0.0,0.0,53.93204564522062,6207.32115790993,113.0
7554.0,3511319.49,3513277.24115791,3516877.24115791,0.0,0.0,0.5438197660860088,5557.751157909632,3600.0
7517.0,3449975.72,3449975.72,3517696.5444680788,2.0,0.0,0.0,67720.82446807856,67720.82446807856
7533.0,3507069.92,3517696.5444680788,3517820.5444680788,0.0,0.0,85.69858441999062,10750.624468078837,124.0
7534.0,3507070.89,3517696.5444680788,3517820.5444680788,0.0,0.0,85.6907618393438,10749.654468078632,124.0
7535.0,3507070.89,3517820.5444680788,3517837.3621390965,0.0,0.0,639.1880574159997,10766.472139096353,16.817671017721295
7544.0,3508746.08,3517820.5444680788,3517953.5444680788,0.0,0.0,68.22905615096758,9207.464468078688,133.0
7551.0,3510078.86,3517953.5444680788,3517968.9935277277,0.0,0.0,509.71933871956156,7890.133527727798,15.44905964890495
7539.0,3508173.78,3517837.3621390965,3517997.7585869147,0.0,0.0,60.24810568153068,9823.97858691495,160.39644781826064
7542.0,3508746.08,3517997.7585869147,3518014.6830963176,0.0,0.0,546.6438268141222,9268.6030963175,16.924509402830154
7548.0,3508939.11,3518014.6830963176,3518192.0837826827,0.0,0.0,51.158613206492234,9252.973782682791,177.40068636508659
7221.0,3004882.49,3399117.466275943,3520846.089268075,19.0,23.0,3.2386382642431175,515963.5992680746,121728.62299213186
7537.0,3507071.86,3520846.089268075,3520959.089268075,0.0,0.0,121.89583423075192,13887.229268074967,113.0
7543.0,3508746.08,3520846.089268075,3521013.7727392493,1.0,1.0,72.15982102068273,12267.692739249207,167.683471174445
7550.0,3510037.15,3521013.7727392493,3521024.7727392493,0.0,0.0,997.8747944772159,10987.622739249375,11.0
7536.0,3507071.86,3520846.089268075,3521027.085584228,0.0,1.0,76.10226307824098,13955.225584228057,180.99631615309045
7555.0,3511591.09,3521027.085584228,3521038.085584228,0.0,0.0,857.8177803843705,9446.995584228076,11.0
7538.0,3507071.86,3520959.089268075,3521093.2482623416,1.0,0.0,103.51321835688061,14021.38826234173,134.15899426676333
7545.0,3508747.05,3521093.2482623416,3521267.020476371,0.0,1.0,71.04817263966851,12519.970476371236,173.77221402944997
7546.0,3508747.05,3521093.2482623416,3521276.309183867,0.0,1.0,67.44311215879252,12529.259183867369,183.06092152558267
7547.0,3508747.05,3521276.309183867,3521398.309183867,0.0,0.0,102.69884576940466,12651.259183867369,122.0
7552.0,3510107.96,3521024.7727392493,3522140.9095948013,3.0,0.0,9.780890833365172,12032.949594801292,1116.136855551973
6589.0,1588870.67,3520846.089268075,3532776.72684025,1.0,1.0,161.93396267219026,1943906.0568402503,11930.637572175357
6592.0,1591299.55,3532776.72684025,3532824.72684025,0.0,0.0,40447.441184171876,1941525.1768402501,48.0
6593.0,1591442.14,3532824.72684025,3533139.72684025,0.0,0.0,6163.119323302382,1941697.5868402503,315.0
7557.0,3528211.07,3528211.07,3536202.5119143827,1.0,0.0,0.0,7991.441914382856,7991.441914382856
7556.0,3517424.67,3517968.9935277277,3544470.220864153,3.0,0.0,0.020539559199191558,27045.550864153076,26501.227336425334
6600.0,1598932.48,3533139.72684025,3546613.72684025,0.0,0.0,143.55107962299616,1947681.2468402502,13474.0
6602.0,1603076.32,3546613.72684025,3546625.72684025,0.0,0.0,161961.45057002085,1943549.4068402501,12.0
6605.0,1643978.31,3546625.72684025,3546638.72684025,0.0,0.0,146357.49360309617,1902660.4168402501,13.0
6607.0,1644021.96,3546638.72684025,3546854.0282762037,0.0,1.0,8836.9906053549,1902832.0682762037,215.3014359534718
6608.0,1644494.35,3546854.0282762037,3546867.0282762037,0.0,0.0,146335.3598674003,1902372.6782762036,13.0
7363.0,3169830.02,3237382.5255371453,3552157.516593484,8.0,3.0,0.21460569440554653,382327.4965934842,314774.9910563389
7522.0,3492952.54,3493036.9940141467,3560253.4852224067,2.0,0.0,0.0012564478244636833,67300.94522240665,67216.49120825995
7558.0,3591454.1,3591454.1,3591526.233172875,1.0,0.0,0.0,72.13317287480459,72.13317287480459
7560.0,3596715.38,3596715.38,3600628.979990492,3.0,0.0,0.0,3913.599990492221,3913.599990492221
7559.0,3594965.5,3610865.685222407,3616239.2791595277,0.0,0.0,2.958948035237303,21273.779159527738,5373.593937120866
6575.0,1584026.49,3467518.2665637354,3657544.2665637354,0.0,0.0,9.911758267625142,2073517.7765637354,190026.0
6611.0,1645969.72,3546867.0282762037,3678695.0282762037,0.0,0.0,14.41952626358743,2032725.3082762037,131828.0
6612.0,1646188.94,3560253.4852224067,3702633.2528812937,0.0,1.0,13.443374551699769,2056444.3128812937,142379.76765888697
7567.0,3700817.72,3702633.2528812937,3703520.708727861,0.0,1.0,2.0457726300595462,2702.9887278606184,887.4558465671726
6874.0,2405502.03,3678695.0282762037,3703657.5656440402,2.0,0.0,51.004149919337614,1298155.5356440404,24962.537367836572
7569.0,3702816.89,3703520.708727861,3704258.708727861,0.0,0.0,0.9536839130903698,1441.818727860693,738.0
7562.0,3697992.11,3702633.2528812937,3705618.309498669,1.0,2.0,1.5547922455736838,7626.199498669244,2985.0566173754632
7563.0,3698013.45,3702633.2528812937,3709927.6600351273,1.0,0.0,0.6333349350900265,11914.210035127122,7294.4071538336575
7561.0,3694958.92,3694958.92,3710197.9268924296,1.0,3.0,0.0,15239.006892429665,15239.006892429665
7568.0,3701603.42,3702633.2528812937,3712068.667142612,1.0,0.0,0.10914548664976594,10465.247142612003,9435.414261318278
7565.0,3698041.58,3702633.2528812937,3713821.643554112,0.0,2.0,0.4103961879387038,15780.063554111868,11188.390672818292
7570.0,3703507.53,3703520.7959155426,3719167.063959599,1.0,0.0,0.0008478645198642337,15659.533959599212,15646.26804405637
6852.0,2329355.09,3703657.5656440402,3719425.309300363,1.0,0.0,87.15910821476024,1390070.2193003632,15767.743656322826
6637.0,1766691.07,3719425.309300363,3720009.309300363,0.0,0.0,3343.7230125006217,1953318.239300363,584.0
7074.0,2667500.97,3720009.309300363,3720300.309300363,0.0,0.0,3616.867145362072,1052799.3393003629,291.0
7215.0,3002870.71,3720300.309300363,3722251.915357793,0.0,1.0,367.60984450164324,719381.2053577933,1951.6060574301518
7564.0,3698026.06,3702633.2528812937,3726814.2661018083,1.0,0.0,0.1905293562051798,28788.20610180823,24181.013220514636
7566.0,3698048.37,3702633.2528812937,3729251.9249064755,1.0,1.0,0.17224311103709997,31203.554906475358,26618.67202518182
7571.0,3704130.27,3705618.309498669,3731071.5768309073,2.0,1.0,0.05846163006288787,26941.30683090724,25453.267332238145
7584.0,3742463.7,3742463.7,3742561.81388799,1.0,1.0,0.0,98.11388798989356,98.11388798989356
7585.0,3742583.01,3742583.01,3742697.898454819,2.0,0.0,0.0,114.88845481909811,114.88845481909811
7586.0,3742730.45,3742730.45,3742849.45,0.0,0.0,0.0,119.0,119.0
7587.0,3742933.18,3742933.18,3743037.18,0.0,0.0,0.0,104.0,104.0
7588.0,3743212.54,3743212.54,3743335.7481903373,1.0,1.0,0.0,123.20819033728912,123.20819033728912
7589.0,3743383.26,3743383.26,3743490.3504744424,1.0,0.0,0.0,107.09047444257885,107.09047444257885
7590.0,3743580.17,3743580.17,3743720.6435773172,0.0,1.0,0.0,140.47357731731609,140.47357731731609
7591.0,3743726.64,3743726.64,3743849.3984924634,1.0,1.0,0.0,122.75849246326834,122.75849246326834
7593.0,3743909.0,3743909.0,3744032.0,0.0,0.0,0.0,123.0,123.0
7594.0,3744166.05,3744166.05,3744394.05,0.0,0.0,0.0,228.0,228.0
7596.0,3744206.79,3744394.05,3744610.05,0.0,0.0,0.8669444444434097,403.2599999997765,216.0
7595.0,3744180.6,3744394.0636467924,3744636.0636467924,0.0,0.0,0.8820811850923183,455.463646792341,242.0
7597.0,3744212.61,3744636.0636467924,3744722.671900266,1.0,0.0,4.889298996458136,510.0619002659805,86.60825347341597
7599.0,3744420.19,3744722.671900266,3744846.671900266,0.0,0.0,2.439370163434726,426.481900265906,124.0
7575.0,3735792.04,3735792.04,3747012.3035691185,2.0,0.0,0.0,11220.263569118455,11220.263569118455
7608.0,3745641.42,3747012.310607654,3747215.586013577,1.0,0.0,6.74400624822291,1574.1660135770217,203.2754059229046
7612.0,3747167.23,3747215.586013577,3747478.721494022,1.0,0.0,0.18376850394789465,311.4914940218441,263.13548044487834
7577.0,3739077.43,3739172.58280503,3748059.0504992036,0.0,1.0,0.010707607151069418,8981.620499203447,8886.467694173567
7613.0,3747730.8,3747730.8,3748078.8,0.0,0.0,0.0,348.0,348.0
7609.0,3746029.42,3748059.0504992036,3748193.0504992036,0.0,0.0,15.1464962627141,2163.6304992036894,134.0
7610.0,3746169.1,3748193.0504992036,3748339.0504992036,0.0,0.0,13.862674652078915,2169.9504992035218,146.0
7572.0,3724374.17,3724374.17,3748607.4386759475,0.0,1.0,0.0,24233.268675947562,24233.268675947562
7581.0,3741865.21,3748059.0504992036,3750537.0504992036,0.0,0.0,2.499532082003088,8671.840499203652,2478.0
7598.0,3744279.54,3750537.0504992036,3752670.1045916975,0.0,1.0,2.933592036518713,8390.564591697417,2133.0540924938396
7574.0,3735784.28,3735784.28,3754041.0784289683,8.0,11.0,0.0,18256.798428968526,18256.798428968526
7617.0,3754025.13,3754041.105696466,3754137.7501447834,1.0,0.0,0.16530381976451897,112.62014478351921,96.64444831758738
7618.0,3754443.2,3754443.2,3756205.2,0.0,0.0,0.0,1762.0,1762.0
7579.0,3741848.72,3747012.3035691185,3762250.3035691185,0.0,0.0,0.3388622896126977,20401.583569118287,15238.0
7607.0,3745479.43,3762250.3035691185,3762331.9608203694,0.0,1.0,205.38131411724802,16852.530820369255,81.65725125093013
7580.0,3741857.45,3747012.3035691185,3763123.3035691185,0.0,0.0,0.31995863503930894,21265.853569118306,16111.0
7582.0,3741872.97,3748059.0504992036,3763818.0504992036,0.0,0.0,0.3925427057048931,21945.08049920341,15759.0
7606.0,3745476.52,3754041.0784289683,3764732.008704743,0.0,0.0,0.8011050683190241,19255.488704742864,10690.93027577456
7573.0,3735773.61,3735773.61,3765088.0539077213,9.0,7.0,0.0,29314.443907721434,29314.443907721434
7620.0,3758994.44,3762250.3291111146,3767757.444054424,1.0,0.0,0.5912150272204423,8763.004054423887,5507.114943309221
7621.0,3759061.37,3763818.0504992036,3770245.774309048,1.0,0.0,0.7400256513695304,11184.404309047852,6427.723809844349
7629.0,3767291.82,3770245.774309048,3770370.774309048,0.0,0.0,23.63163447238505,3078.954309048131,125.0
7622.0,3759104.05,3763818.0504992036,3770923.4778058752,1.0,1.0,0.6634365951190014,11819.427805875428,7105.427306671627
7583.0,3741876.85,3748607.4386759475,3770994.2842378467,0.0,0.0,0.30064926554022237,29117.43423784664,22386.845561899245
7616.0,3753016.33,3763123.3035691185,3772103.3913109656,0.0,1.0,1.1254871733624592,19087.061310965568,8980.08774184715
7623.0,3759143.82,3763818.0865450148,3772340.711936243,0.0,2.0,0.5484538308847753,13196.891936243046,8522.625391228124
7624.0,3759188.44,3764732.008704743,3774344.7885336913,0.0,1.0,0.57668736862658,15156.348533691373,9612.779828948434
7632.0,3767312.19,3770994.2842378467,3775628.270993229,3.0,0.0,0.7945845407456376,8316.080993229058,4633.98675538227
7630.0,3767299.58,3770370.774309048,3775716.3861263003,1.0,0.0,0.5745262495746432,8416.806126300246,5345.611817252357
7634.0,3767322.86,3772103.3913109656,3776754.843042404,1.0,0.0,1.0277503856817571,9431.983042404056,4651.451731438283
7578.0,3739172.49,3739172.49,3776812.49,0.0,0.0,0.0,37640.0,37640.0
7633.0,3767317.04,3770994.3134419187,3778494.5495100515,0.0,1.0,0.49028769341577877,11177.509510051459,7500.236068132799
7631.0,3767307.34,3770923.4778058752,3779266.789493025,0.0,1.0,0.4334175614516465,11959.449493024964,8343.311687149573
7636.0,3781634.24,3781634.24,3783148.24,0.0,0.0,0.0,1514.0,1514.0
7635.0,3771301.8,3781634.2806447675,3784188.2806447675,0.0,0.0,4.045607143605183,12886.480644767638,2554.0
7639.0,3783877.85,3784188.2806447675,3784314.05821395,0.0,0.0,2.4680922582983054,436.2082139500417,125.77756918268278
7637.0,3782064.92,3784188.2806447675,3784323.2806447675,0.0,0.0,15.728597368648344,2258.3606447675265,135.0
7638.0,3782639.16,3783148.24,3784823.914017391,0.0,1.0,0.30380610710476685,2184.7540173907764,1675.674017390702
7640.0,3784020.44,3784323.2806447675,3785861.5321786627,1.0,0.0,0.1968732928876945,1841.0921786627732,1538.2515338952653
7641.0,3784230.93,3784323.3903978528,3786046.0447749305,0.0,1.0,0.05367321447813207,1815.1147749302909,1722.6543770777062
7642.0,3786129.22,3786129.22,3786194.22,0.0,0.0,0.0,65.0,65.0
7643.0,3786180.63,3786194.22,3786315.22,0.0,0.0,0.1123140495893938,134.59000000031665,121.0
7604.0,3745049.72,3776812.49,3786606.6471375003,2.0,1.0,3.243032509493431,41556.92713750014,9794.157137500122
7626.0,3760902.43,3786606.6471375003,3786820.1192860804,0.0,0.0,120.41016736132228,25917.68928608019,213.47214858001098
7644.0,3786369.78,3786369.78,3786915.78,0.0,0.0,0.0,546.0,546.0
7615.0,3749434.12,3762331.9608203694,3787301.505363006,0.0,0.0,0.5165428948191512,37867.38536300603,24969.544542636722
7627.0,3760947.05,3786820.1192860804,3788339.134463116,0.0,0.0,17.032791822772158,27392.084463116247,1519.0151770357043
7645.0,3787187.49,3787187.49,3788640.49,0.0,0.0,0.0,1453.0,1453.0
7628.0,3765643.79,3767757.444054424,3796891.740613289,0.0,0.0,0.07254865584803781,31247.95061328914,29134.296558865346
7592.0,3743747.98,3775716.3861263003,3802513.3861263003,0.0,0.0,1.192984517905002,58765.40612630034,26797.0
7646.0,3790009.22,3790009.22,3814513.7669014796,2.0,0.0,0.0,24504.546901479363,24504.546901479363
7649.0,3819925.96,3819925.96,3824148.021332812,1.0,0.0,0.0,4222.061332812067,4222.061332812067
7625.0,3760305.88,3765088.0539077213,3825705.1057847585,1.0,1.0,0.07889156202156031,65399.22578475857,60617.05187703716
7654.0,3823641.06,3825705.1057847585,3827139.1057847585,0.0,0.0,1.4393624719375202,3498.045784758404,1434.0
7656.0,3826467.64,3827139.1057847585,3827308.1521548224,0.0,0.0,3.9720804682435955,840.5121548222378,169.0463700639084
7658.0,3827799.45,3827799.45,3827888.45,0.0,0.0,0.0,89.0,89.0
7657.0,3827036.06,3827799.456308954,3827919.456308954,0.0,0.0,6.361635907948949,883.3963089538738,120.0
7655.0,3824005.78,3827139.5331232585,3828981.561544506,0.0,1.0,1.7012512332120278,4975.781544506084,1842.028421247378
7659.0,3827911.0,3827911.0,3829201.0,0.0,0.0,0.0,1290.0,1290.0
7660.0,3828648.2,3828648.2,3830396.2,0.0,0.0,0.0,1748.0,1748.0
7652.0,3823159.94,3827139.361078995,3830807.682574401,0.0,1.0,1.084807066114057,7647.7425744012,3668.3214954063296
7664.0,3830129.39,3830807.772297866,3831942.4973420138,1.0,0.0,0.5978384819872004,1813.1073420136236,1134.7250441475771
7673.0,3831726.01,3831942.792584749,3832000.582713386,2.0,0.0,3.751204398772923,274.5727133862674,57.79012863710523
7670.0,3831726.01,3831942.5383493444,3832002.6781578464,1.0,1.0,3.6004163421512065,276.6681578466669,60.139808502048254
7672.0,3831726.01,3831942.664520842,3832007.491171566,0.0,1.0,3.342059452759229,281.4811715660617,64.82665072381496
7669.0,3831726.01,3831942.4973420138,3832007.9943740848,0.0,1.0,3.30530002915716,281.98437408497557,65.4970320709981
7671.0,3831726.01,3831942.584815569,3832022.85614066,0.0,2.0,2.69803463844896,296.84614066034555,80.27132509090006
7661.0,3830122.6,3830122.6,3832086.406381396,0.0,1.0,0.0,1963.806381396018,1963.806381396018
7674.0,3831726.01,3831942.9972247314,3832435.061704992,0.0,2.0,0.4409731517640321,709.0517049920745,492.0644802604802
7665.0,3830129.39,3830807.8956786753,3832466.390612302,0.0,1.0,0.4091092863283313,2337.000612301752,1658.4949336266145
7663.0,3830128.42,3830807.682574401,3832468.3000584547,0.0,2.0,0.40904216709987085,2339.8800584548153,1660.6174840535969
7662.0,3830128.42,3830807.682574401,3832755.3653462958,0.0,1.0,0.3487542140861386,2626.9453462958336,1947.6827718946151
7666.0,3830129.39,3830808.0645323084,3832786.198770113,0.0,1.0,0.3430882087463945,2656.8087701126933,1978.13423780445
7650.0,3822019.22,3825705.1057847585,3835143.8366845385,0.0,1.0,0.3905065017632979,13124.616684538312,9438.730899780057
7651.0,3823110.47,3827139.2178708278,3844579.5092068384,0.0,2.0,0.2310023263492743,21469.039206838235,17440.291336010676
7690.0,3841748.05,3844579.5092068384,3844668.5092068384,0.0,0.0,31.81414839144524,2920.4592068386264,89.0
7601.0,3744782.0,3744846.671900266,3850069.0494392547,0.0,3.0,0.0006146211649882817,105287.04943925468,105222.37753898883
7611.0,3746468.83,3747012.347170207,3852290.120634926,1.0,1.0,0.005162696287353144,105821.29063492594,105277.77346471883
7653.0,3823210.38,3830807.682574401,3854620.418307447,0.0,0.0,0.3190436688825394,31410.038307446986,23812.73573304573
7710.0,3849730.18,3854620.4242283455,3854743.4242283455,0.0,0.0,39.7580831572792,5013.244228345342,123.0
7711.0,3849962.98,3854743.4242283455,3854862.255702896,1.0,1.0,40.228771429682176,4899.275702896062,118.83147455053404
7712.0,3850272.41,3854862.255702896,3854961.3199384487,1.0,0.0,46.33201555828022,4688.909938448574,99.06423555267975
7713.0,3850495.51,3854961.3199384487,3855092.3199384487,0.0,0.0,34.09015220190036,4596.809938448947,131.0
7714.0,3850582.81,3855092.3199384487,3856559.3199384487,0.0,0.0,3.0739672382063175,5976.5099384486675,1467.0
7715.0,3850583.78,3856559.3199384487,3856694.3199384487,0.0,0.0,44.26325880332539,6110.539938448928,135.0
7717.0,3854386.18,3856694.3199384487,3856802.127127625,1.0,0.0,21.4098888588354,2415.9471276248805,107.80718917632475
7718.0,3854547.2,3856802.127127625,3856922.127127625,0.0,0.0,18.791059396873848,2374.927127624862,120.0
7719.0,3854548.17,3856922.127127625,3857990.127127625,0.0,0.0,2.2228062992744593,3441.9571276251227,1068.0
7721.0,3855636.51,3857990.127127625,3858227.127127625,0.0,0.0,9.930873956224776,2590.6171276252717,237.0
7723.0,3856887.81,3858227.127127625,3858453.127127625,0.0,0.0,5.926181980641559,1565.3171276249923,226.0
7725.0,3860380.78,3860380.78,3860473.78,0.0,0.0,0.0,93.0,93.0
7680.0,3831807.49,3832086.406381396,3861692.683600926,1.0,0.0,0.009420852859267996,29885.193600925617,29606.27721952973
7738.0,3863873.75,3863873.75,3863994.75,0.0,0.0,0.0,121.0,121.0
7740.0,3867363.81,3867363.81,3867483.81,0.0,0.0,0.0,120.0,120.0
7605.0,3745170.97,3825705.144313803,3868468.5748631787,9.0,15.0,1.8832486841956235,123297.60486317845,42763.43054937571
7686.0,3835355.75,3868468.5748631787,3873339.2701701648,1.0,0.0,6.798377392994483,37983.52017016476,4870.695306986105
7687.0,3836210.32,3868468.5748631787,3874968.5748631787,0.0,0.0,4.96280844048905,38758.25486317882,6500.0
6641.0,1808049.93,3657544.2665637354,3874991.150984892,1.0,0.0,8.505499361313392,2066941.2209848922,217446.88442115672
7741.0,3870857.75,3874968.5748631787,3875089.5748631787,0.0,0.0,33.9737591998236,4231.8248631786555,121.0
7746.0,3874349.75,3874968.5748631787,3875303.5419747443,0.0,0.0,1.8474197669325334,953.7919747442938,334.96711156563833
7695.0,3843579.41,3874991.150984892,3875688.4577548937,2.0,0.0,45.04723363695827,32109.047754893545,697.3067700015381
7699.0,3843639.55,3875688.4577548937,3875949.485071285,1.0,0.0,122.77989981259077,32309.93507128535,261.02731639146805
7696.0,3843599.78,3873339.2701701648,3876557.3945541023,0.0,0.0,9.241249442874834,32957.61455410253,3218.1243839375675
7704.0,3844461.14,3876557.3945541023,3881793.1023600455,0.0,0.0,6.1302608441343445,37331.96236004541,5235.70780594321
7694.0,3843564.86,3874991.150984892,3882871.998862562,1.0,0.0,3.9876789239821133,39307.1388625619,7880.847877669614
7751.0,3877840.78,3882871.998862562,3883071.2091944623,1.0,0.0,25.25581286152694,5230.429194462486,199.21033190051094
7752.0,3881332.78,3882871.998862562,3883176.5257487325,0.0,0.0,5.054459663371158,1843.7457487327047,304.52688617073
7600.0,3744501.67,3744610.05,3885436.5760971536,1.0,0.0,0.0007695993290718451,140934.90609715367,140826.52609715378
7701.0,3843665.74,3882871.998862562,3886550.928915676,1.0,0.0,10.656973167883743,42885.18891567597,3678.9300531144254
7727.0,3861414.8,3886550.928915676,3886808.027256516,0.0,0.0,97.76853803719084,25393.227256515995,257.09834083961323
7734.0,3862596.26,3886808.027256516,3887083.5384292086,0.0,0.0,87.87943886223579,24487.27842920879,275.5111726927571
7603.0,3744895.49,3752670.1045916975,3887719.762671037,11.0,11.0,0.05756856183323145,142824.2726710369,135049.65807933966
7735.0,3863066.71,3887083.5384292086,3887942.1614372353,0.0,0.0,27.97133107858741,24875.451437235344,858.6230080267414
7737.0,3863711.76,3887942.1614372353,3888107.3845241503,0.0,0.0,146.65263728975174,24395.62452415051,165.22308691497892
7700.0,3843652.16,3875949.485071285,3888877.485071285,0.0,0.0,2.4982460605882593,45225.32507128501,12928.0
7707.0,3848560.36,3888107.3845241503,3889019.3251122665,0.0,0.0,43.36579053449496,40458.9651122666,911.9405881161802
7753.0,3884824.78,3889019.3505577804,3889227.6658351296,1.0,0.0,20.135683811365915,4402.885835129768,208.31527734920382
7754.0,3888317.75,3889019.458460476,3889278.111755131,0.0,1.0,2.712930687434958,960.3617551308125,258.65329465502873
7693.0,3843555.16,3874968.5748631787,3890991.5748631787,0.0,0.0,1.9605201811881987,47436.41486317851,16023.0
7702.0,3843679.32,3875688.4577548937,3891590.4470785675,0.0,0.0,2.0129014743608775,47911.12707856763,15901.98932367377
7697.0,3843609.48,3874991.150984892,3897201.9897307637,0.0,2.0,1.4128989609059786,53592.50973076373,22210.83874587156
7724.0,3857017.79,3889019.3251122665,3897220.6687115068,0.0,0.0,3.901986878739087,40202.878711506724,8201.343599240296
7698.0,3843626.94,3874991.150984892,3899883.444995183,0.0,5.0,1.2599968075230727,56256.50499518309,24892.294010290876
7703.0,3843881.08,3886550.928915676,3901618.2382088103,1.0,0.0,2.831948829451579,57737.15820881026,15067.309293134138
7755.0,3891808.78,3901618.2382088103,3901846.2382088103,0.0,0.0,43.02393951232692,10037.458208810538,228.0
7756.0,3895300.78,3901618.2382088103,3901945.603700912,0.0,0.0,19.29787458125492,6644.823700912297,327.3654921017587
7757.0,3898791.81,3901846.2382088103,3902064.2382088103,0.0,0.0,14.011138572524208,3272.4282088102773,218.0
7720.0,3855064.21,3901618.2382088103,3903201.118636684,1.0,0.0,29.410957005354526,48136.908636684064,1582.8804278736934
7759.0,3902284.78,3903201.118636684,3903381.464481497,2.0,0.0,5.081007758363287,1096.6844814973883,180.34584481315687
7705.0,3845854.06,3881793.1023600455,3903992.907205423,0.0,0.0,1.618890013239421,58138.84720542282,22199.804845377337
7716.0,3854161.14,3890991.5748631787,3905412.7891952833,0.0,1.0,2.5539066277647797,51251.649195283186,14421.21433210466
7728.0,3861855.18,3905412.7891952833,3905639.79453025,0.0,1.0,191.8792313918546,43784.614530249964,227.005334966816
7729.0,3862313.02,3905639.79453025,3905895.79453025,0.0,0.0,169.2452130087895,43582.77453025011,256.0
7736.0,3863361.59,3905895.79453025,3906012.79453025,0.0,0.0,363.5402096602588,42651.20453025028,117.0
7760.0,3905776.78,3906012.8261443325,3906231.8261443325,0.0,0.0,1.0778362754919486,455.04614433273673,219.0
7688.0,3839803.2,3874968.5748631787,3907234.5748631787,0.0,0.0,1.089858515563704,67431.37486317847,32266.0
7722.0,3856648.22,3903201.118636684,3908016.2196620437,1.0,0.0,9.668104239454903,51367.99966204353,4815.101025359705
7726.0,3861240.2,3903992.907205423,3908893.467667909,0.0,0.0,8.724044429753802,47653.26766790869,4900.560462485999
7730.0,3862442.03,3891590.4470785675,3909077.0179945026,0.0,0.0,1.6669029747853772,46634.987994502764,17486.570915935095
7742.0,3872081.89,3906012.79453025,3909128.731459459,0.0,0.0,10.889470904299378,37046.841459458694,3115.936929208692
7761.0,3909268.78,3909268.78,3909450.4073785325,2.0,0.0,0.0,181.627378532663,181.627378532663
7706.0,3848525.44,3887719.762671037,3909741.8227465707,0.0,0.0,1.7797754858811736,61216.38274657074,22022.060075533576
7745.0,3874302.22,3908893.467667909,3909934.233720415,0.0,0.0,33.23633354933191,35632.0137204146,1040.7660525059327
7743.0,3872089.65,3908016.2196620437,3910169.408050442,0.0,1.0,16.685288596028176,38079.75805044221,2153.188388398383
7708.0,3849147.21,3888877.485071285,3910310.4290272617,0.0,2.0,1.853701253215218,61163.219027261715,21432.943955976516
7749.0,3876705.88,3910169.408050442,3910578.773874026,0.0,1.0,81.74480164830378,33872.893874025904,409.3658235836774
7733.0,3862576.86,3897220.6687115068,3910811.498779728,0.0,0.0,2.549057602634043,48234.63877972821,13590.830068221316
7750.0,3877034.71,3910169.419212263,3912518.659236248,1.0,1.0,14.104437551705072,35483.949236248154,2349.2400239850394
7675.0,3831806.52,3832000.582713386,3916082.4097610274,2.0,0.0,0.0023080220803963726,84275.88976102741,84081.82704764139
7676.0,3831806.52,3832002.6781578464,3917490.281087149,3.0,0.0,0.0022945801627944325,85683.76108714892,85487.60292930249
7762.0,3912760.78,3917490.3175083366,3917670.650214068,1.0,0.0,26.22673180193175,4909.870214068331,180.33270573150367
7765.0,3916252.78,3917490.281087149,3917809.7698328495,0.0,0.0,3.8733792779948293,1556.9898328497075,319.48874570056796
7677.0,3831806.52,3832007.491171566,3918343.1150846654,1.0,0.0,0.002327789647621074,86536.59508466534,86335.62391309952
7744.0,3874090.76,3908893.532587937,3924528.9294060394,1.0,0.0,2.225896342307307,50438.16940603964,15635.396818102337
7767.0,3923235.81,3924528.935510083,3924767.156161262,1.0,0.0,5.428267883924626,1531.3461612621322,238.22065117908642
7766.0,3919743.81,3924528.9294060394,3924805.9294060394,0.0,0.0,17.274799299781087,5062.119406039361,277.0
7614.0,3748837.57,3750537.096861509,3929575.8354168157,2.0,0.0,0.009492509136419715,180738.26541681588,179038.73855530657
7764.0,3914103.26,3924528.9294060394,3929630.9294060394,0.0,0.0,2.0434475511641788,15527.66940603964,5102.0
7748.0,3874977.34,3909077.0179945026,3931581.348039621,0.0,0.0,1.51524963978652,56604.00803962117,22504.330045118462
7769.0,3926728.78,3931581.348039621,3931818.831085917,3.0,0.0,20.43332404272719,5090.051085917279,237.48304629605263
7770.0,3930220.78,3931581.348039621,3931853.348039621,0.0,0.0,5.002088380960392,1632.5680396212265,272.0
7732.0,3862540.0,3897201.9897307637,3932308.569840303,0.0,0.0,0.9873359815342732,69768.56984030316,35106.58010953944
7771.0,3933711.81,3933711.81,3934037.270185355,2.0,0.0,0.0,325.4601853550412,325.4601853550412
7685.0,3835277.18,3868468.5748631787,3935539.847507822,0.0,2.0,0.4948675275483891,100262.6675078217,67071.2726446432
7747.0,3874525.32,3909741.8227465707,3935747.514084728,2.0,0.0,1.354184447113654,61222.19408472814,26005.69133815728
7772.0,3937204.78,3937204.78,3937373.836060425,2.0,0.0,0.0,169.05606042500585,169.05606042500585
7731.0,3862454.64,3907234.5748631787,3939302.5748631787,0.0,0.0,1.39640560256887,76847.93486317853,32068.0
7773.0,3940697.75,3940697.75,3940943.75,0.0,0.0,0.0,246.0,246.0
7774.0,3944188.78,3944188.78,3944392.78,0.0,0.0,0.0,204.0,204.0
7775.0,3947680.78,3947680.78,3947893.78,0.0,0.0,0.0,213.0,213.0
7739.0,3864091.03,3899883.444995183,3950452.251950699,0.0,0.0,0.7077963106123689,86361.22195069911,50568.80695551587
7776.0,3951172.78,3951172.78,3951491.78,0.0,0.0,0.0,319.0,319.0
7619.0,3755227.93,3784188.2806447675,3952116.592254367,31.0,30.0,0.1724566296604851,196888.66225436702,167928.31160959974
7768.0,3925084.63,3929630.9294060394,3954287.11040561,3.0,6.0,0.18438781764778245,29202.480405610055,24656.180999570526
7777.0,3954664.78,3954664.78,3954849.331023075,2.0,0.0,0.0,184.55102307535708,184.55102307535708
7778.0,3958156.78,3958156.78,3958292.6076957704,1.0,0.0,0.0,135.82769577065483,135.82769577065483
7779.0,3961648.78,3961648.78,3961847.3960401975,1.0,0.0,0.0,198.61604019766673,198.61604019766673
7683.0,3835189.88,3844579.558375436,3963596.598743529,1.0,3.0,0.0788935630258979,128406.71874352917,119017.04036809318
7682.0,3835147.2,3835147.2,3964596.315429124,2.0,1.0,0.0,129449.11542912386,129449.11542912386
7679.0,3831806.52,3832007.9943740848,3965035.6687152996,1.0,2.0,0.001514529777976524,133229.14871529955,133027.67434121482
7780.0,3965140.78,3965140.78,3965412.9276090087,0.0,1.0,0.0,272.1476090089418,272.1476090089418
7781.0,3965412.38,3965412.38,3965531.2232337412,1.0,0.0,0.0,118.8432337413542,118.8432337413542
7783.0,3965607.35,3965607.35,3965710.1688830173,1.0,0.0,0.0,102.81888301717117,102.81888301717117
7678.0,3831806.52,3832000.582713386,3966170.1942882827,1.0,0.0,0.0014463984139783765,134363.67428828264,134169.6115748966
7709.0,3849659.37,3912518.659236248,3966565.744759259,0.0,1.0,1.1630467883321014,116906.3747592587,54047.0855230107
7223.0,3006236.61,3722251.915357793,3968724.915357793,0.0,0.0,2.9050456048240307,962488.3053577933,246473.0
7785.0,3968632.78,3968632.78,3968787.78,0.0,0.0,0.0,155.0,155.0
7758.0,3899152.65,3910352.4136313526,3970765.930496818,1.0,0.0,0.18538506301981075,71613.28049681801,60413.516865465324
7784.0,3965689.8,3965689.8,3971169.015832666,2.0,1.0,0.0,5479.215832666028,5479.215832666028
7786.0,3972124.78,3972124.78,3972352.78,0.0,0.0,0.0,228.0,228.0
7602.0,3744796.55,3747012.3035691185,3974483.7397383587,1.0,1.0,0.009740799136952492,229687.18973835884,227471.43616924016
7787.0,3975616.78,3975616.78,3975868.3297966644,2.0,1.0,0.0,251.54979666462168,251.54979666462168
7782.0,3965477.37,3965477.37,3976291.5880396888,1.0,0.0,0.0,10814.218039688654,10814.218039688654
7788.0,3979108.78,3979108.78,3979325.78,0.0,0.0,0.0,217.0,217.0
7789.0,3982600.78,3982600.78,3982813.7891972247,2.0,0.0,0.0,213.00919722486287,213.00919722486287
7790.0,3986093.75,3986093.75,3986186.75,0.0,0.0,0.0,93.0,93.0
7791.0,3989584.78,3989584.78,3989691.4616344385,1.0,0.0,0.0,106.6816344386898,106.6816344386898
7792.0,3993076.78,3993076.78,3993173.1019617952,2.0,0.0,0.0,96.32196179544553,96.32196179544553
7793.0,3996567.81,3996567.81,3996660.81,0.0,0.0,0.0,93.0,93.0
7795.0,4000060.78,4000060.78,4000245.45759783,2.0,1.0,0.0,184.67759783007205,184.67759783007205
7798.0,4003552.78,4003552.78,4003804.78,0.0,0.0,0.0,252.0,252.0
7684.0,3835235.47,3854620.418307447,4007174.364305132,0.0,1.0,0.12706946503855635,171938.89430513186,152553.9459976852
7800.0,4007044.78,4007044.78,4007242.78,0.0,0.0,0.0,198.0,198.0
7801.0,4010536.78,4010536.78,4010737.78,0.0,0.0,0.0,201.0,201.0
7803.0,4014029.75,4014029.75,4014201.254092049,2.0,1.0,0.0,171.50409204885364,171.50409204885364
7797.0,4000700.01,4003552.7905368074,4014924.7905368074,0.0,0.0,0.2508600542391495,14224.780536807608,11372.0
7796.0,4000627.26,4014924.7905368074,4019737.81678489,0.0,1.0,2.9705906013921406,19110.556784890126,4813.026248082519
7794.0,3998325.45,4000060.820154395,4025426.602575708,1.0,0.0,0.0684138232194505,27101.152575707994,25365.782421313226
7806.0,4021013.75,4025426.602575708,4025622.602575708,0.0,0.0,22.5145539576948,4608.852575708181,196.0
7809.0,4024504.78,4025426.646669953,4025623.646669953,0.0,0.0,4.6795262434179445,1118.866669953335,197.0
7804.0,4017521.75,4025426.602575708,4025628.602575708,0.0,0.0,39.13293354310981,8106.852575708181,202.0
7576.0,3737418.73,3976291.5880396888,4029487.0916134864,7.0,11.0,4.490470847941173,292068.3616134864,53195.50357379764
7807.0,4021361.01,4025628.602575708,4029518.602575708,0.0,0.0,1.097067500182109,8157.592575708404,3890.0
7813.0,4027996.78,4029487.1269839355,4029642.2489040415,1.0,0.0,9.607584685112641,1645.4689040416852,155.1219201060012
7763.0,3913701.68,3918343.1150846654,4030150.352067992,0.0,1.0,0.041512832352322136,116448.67206799192,111807.23698332673
7689.0,3839862.37,4029487.0916134864,4032541.9948480343,2.0,1.0,62.07225141176917,192679.62484803423,3054.9032345479354
7822.0,4031488.78,4032541.9948480343,4032923.714895146,0.0,0.0,2.7591289899599305,1434.9348951461725,381.720047111623
7799.0,4006774.15,4019737.81678489,4034032.908806039,0.0,3.0,0.9068613735197142,27258.758806039114,14295.092021149117
7810.0,4025127.52,4034032.908806039,4035478.428060381,1.0,0.0,6.160685012868666,10350.908060381189,1445.5192543421872
7802.0,4011693.02,4025426.602575708,4036754.602575708,0.0,0.0,1.2123572189007912,25061.582575708162,11328.0
7811.0,4025306.97,4035478.428060381,4038274.7212990946,1.0,1.0,3.6374790453167787,12967.751299094409,2796.293238713406
7812.0,4026881.28,4036754.602575708,4038298.602575708,0.0,0.0,6.394638973904395,11417.322575708386,1544.0
7814.0,4028352.77,4038274.7212990946,4045381.516145374,0.0,0.0,1.396121812111799,17028.74614537414,7106.794846279547
7808.0,4022637.53,4029518.602575708,4045575.8591225194,0.0,0.0,0.42853351415593427,22938.329122519586,16057.2565468112
7815.0,4028364.41,4045381.516145374,4045829.637303426,0.0,0.0,37.97434207158786,17465.22730342578,448.1211580517702
7805.0,4018668.29,4030150.352067992,4047552.044575883,0.0,0.0,0.6598244430985888,28883.75457588304,17401.692507890984
7817.0,4028732.04,4047552.044575883,4047986.5135081974,0.0,0.0,43.31726200912331,19254.47350819735,434.4689323143102
7816.0,4028657.35,4045829.637303426,4048087.637303426,0.0,0.0,7.605087379728006,19430.287303425837,2258.0
7820.0,4030651.67,4048087.637303426,4049441.637303426,0.0,0.0,12.877376147286562,18789.967303426005,1354.0
7818.0,4028999.76,4047986.5135081974,4053512.7422175007,0.0,0.0,3.435752392265949,24512.982217500918,5526.228709303308
7833.0,4042122.89,4053512.7422175007,4054025.9162907507,0.0,0.0,22.194909702601255,11903.026290750597,513.174073250033
7826.0,4033621.81,4038298.602575708,4054158.414908272,0.0,0.0,0.2948832229310518,20536.60490827216,15859.812332564034
7835.0,4044578.93,4045829.6730282935,4057205.6730282935,0.0,0.0,0.10994576549695532,12626.743028293364,11376.0
7825.0,4033292.01,4049441.637303426,4058641.8127787714,1.0,1.0,1.7553607914005303,25349.802778771613,9200.175475345459
7692.0,3843366.01,4032541.9948480343,4058838.0292422962,8.0,4.0,7.1940879758400005,215472.01924229646,26296.034394261893
7824.0,4033212.47,4058838.0292422962,4059652.1235209983,2.0,0.0,31.477385252175225,26439.65352099808,814.0942787020467
7836.0,4048663.6,4059652.1235209983,4060876.1235209983,0.0,0.0,8.977551896240351,12212.523520998191,1224.0
7823.0,4031934.98,4058838.0292422962,4060958.4528873595,1.0,0.0,12.68758217487859,29023.47288735956,2120.4236450633034
7831.0,4036716.11,4058838.0292422962,4061954.7205624226,2.0,0.0,7.097885857172124,25238.61056242278,3116.6913201264106
7828.0,4034378.41,4058838.0292422962,4062079.481349553,0.0,2.0,7.5458832748253615,27701.071349552833,3241.452107256744
7821.0,4030943.64,4058838.0292422962,4062685.7999115144,2.0,1.0,7.249493704354294,31742.15991151426,3847.7706692181528
7819.0,4030557.58,4058641.8127787714,4064595.61995992,1.0,2.0,4.717020878286564,34038.039959920105,5953.80718114879
7832.0,4041860.02,4061132.045357793,4073212.045357793,0.0,0.0,1.5953663375656528,31352.025357793085,12080.0
7830.0,4036621.05,4058838.0292422962,4075558.7952333707,1.0,2.0,1.3287058292757514,38937.74523337092,16720.7659910745
7837.0,4055537.02,4055537.02,4078833.452214552,1.0,0.0,0.0,23296.43221455207,23296.43221455207
7840.0,4082081.07,4082081.07,4083305.2039302257,0.0,1.0,0.0,1224.1339302258566,1224.1339302258566
7844.0,4082886.17,4082886.290839113,4083342.318618025,2.0,0.0,0.00026498191226888453,456.14861802523956,456.02777891233563
7841.0,4082885.2,4082885.2,4083366.5140482807,1.0,0.0,0.0,481.3140482804738,481.3140482804738
7842.0,4082886.17,4082886.17,4083446.2652248335,2.0,1.0,0.0,560.0952248335816,560.0952248335816
7843.0,4082886.17,4082886.2157943975,4083605.875429702,1.0,1.0,6.363341133224719e-05,719.7054297020659,719.6596353044733
7845.0,4082887.14,4083305.2039302257,4083784.422150018,1.0,0.0,0.8723873862863663,897.2821500180289,479.21821979247034
7847.0,4083586.51,4083586.51,4084071.0977832847,1.0,0.0,0.0,484.587783284951,484.587783284951
7848.0,4084044.35,4084044.35,4084248.896286863,1.0,0.0,0.0,204.5462868628092,204.5462868628092
7849.0,4084180.15,4084248.896286863,4084396.896286863,0.0,0.0,0.46450193826348296,216.74628686299548,148.0
7858.0,4084364.45,4084396.896286863,4084453.3074854934,1.0,1.0,0.5751745690649861,88.85748549317941,56.41119863046333
7866.0,4084441.08,4084453.3074854934,4084504.3074854934,0.0,0.0,0.23975461751551314,63.22748549329117,51.0
7859.0,4084364.45,4084396.9404535587,4084555.3462974126,0.0,1.0,0.20510893265064364,190.8962974124588,158.4058438539505
7850.0,4084230.59,4084248.896286863,4087154.118023342,1.0,0.0,0.006301166838038747,2923.5280233421363,2905.221736479085
7869.0,4084765.06,4087154.118023342,4087201.8030885356,1.0,0.0,50.10076034590823,2436.743088535499,47.685065193567425
7860.0,4084365.42,4084397.026912786,4087421.1173359863,0.0,1.0,0.01045170889853639,3055.6973359864205,3024.0904232002795
7854.0,4084313.04,4084396.896286863,4087759.4047762025,1.0,0.0,0.024938609710197113,3446.3647762024775,3362.5084893396124
7886.0,4087791.46,4087791.46,4087844.46,0.0,0.0,0.0,53.0,53.0
7868.0,4084670.97,4087791.475169671,4087864.475169671,0.0,0.0,42.74664615987073,3193.505169670563,73.0
7870.0,4084781.55,4087864.475169671,4087957.475169671,0.0,0.0,33.149733007214564,3175.9251696709543,93.0
7871.0,4084913.47,4087957.475169671,4087999.475169671,0.0,0.0,72.47631356358484,3086.005169670563,42.0
7872.0,4084976.52,4087999.475169671,4088078.475169671,0.0,0.0,38.26525531228797,3101.9551696707495,79.0
7873.0,4085011.44,4088078.475169671,4088209.475169671,0.0,0.0,23.412482211227665,3198.035169670824,131.0
7874.0,4085181.19,4088209.475169671,4088281.475169671,0.0,0.0,42.059516245428114,3100.285169670824,72.0
7875.0,4085189.92,4088281.475169671,4088414.475169671,0.0,0.0,23.244775711810846,3224.5551696708426,133.0
7876.0,4085327.66,4088414.475169671,4088456.475169671,0.0,0.0,73.49559927787189,3128.815169670619,42.0
7877.0,4085338.33,4088456.475169671,4088587.475169671,0.0,0.0,23.802634882982392,3249.1451696706936,131.0
7878.0,4085692.38,4088587.475169671,4088635.1250221785,0.0,1.0,60.757694248899234,2942.7450221786276,47.64985250774771
7851.0,4084276.18,4084396.896286863,4088663.793827616,1.0,0.0,0.028291348857049068,4387.613827615976,4266.897540753242
7888.0,4088281.31,4088663.793827616,4088707.7580881235,1.0,0.0,8.699880839618045,426.4480881234631,43.964260507375
7879.0,4085698.2,4088635.1250221785,4088770.759799637,0.0,1.0,21.653185688894833,3072.559799636714,135.63477745838463
7880.0,4085904.81,4088770.759799637,4088848.759799637,0.0,0.0,36.74294614919032,2943.9497996368445,78.0
7852.0,4084294.61,4084396.896286863,4088987.1285297736,2.0,0.0,0.022283466598233208,4692.51852977369,4590.232242910657
7881.0,4085939.73,4088848.759799637,4088993.759799637,0.0,0.0,20.062274480254615,3054.029799636919,145.0
7887.0,4087849.66,4088987.1285297736,4089036.6524287765,0.0,1.0,22.968073045017473,1186.9924287763424,49.52389900293201
7882.0,4086060.01,4088993.759799637,4089038.5374643067,1.0,1.0,65.51815109769376,2978.5274643069133,44.777664669789374
7883.0,4086067.77,4089038.5374643067,4089183.5374643067,0.0,0.0,20.48805147797704,3115.767464306671,145.0
7884.0,4086501.36,4089183.5374643067,4089251.4909885,2.0,0.0,39.470763233392695,2750.130988500081,67.95352419326082
7885.0,4086519.79,4089251.4909885,4089367.445666095,1.0,0.0,23.558350945057633,2847.655666094739,115.95467759482563
7853.0,4084300.43,4084396.896286863,4090588.451263833,0.0,2.0,0.015580300461119976,6288.021263832692,6191.554976969957
7865.0,4084372.21,4084396.896286863,4091410.9842873076,0.0,1.0,0.0035195291050489357,7038.774287307635,7014.088000444695
7891.0,4091460.0,4091460.0,4091553.0,0.0,0.0,0.0,93.0,93.0
7846.0,4083108.3,4083305.2652862547,4091608.289837529,0.0,1.0,0.02372211295276187,8499.989837529138,8303.024551274255
7864.0,4084366.39,4087421.1173359863,4091708.942817107,0.0,0.0,0.7124187655109397,7342.552817106713,4287.825481120497
7855.0,4084333.41,4084396.896286863,4091752.3386101173,1.0,1.0,0.008631199059509962,7418.928610117175,7355.442323254421
7861.0,4084365.42,4084453.5549238017,4091816.5549238017,0.0,0.0,0.011969974711633491,7451.134923801757,7363.0
7839.0,4081810.44,4081810.44,4093881.7831661715,0.0,1.0,0.0,12071.343166171573,12071.343166171573
7867.0,4084474.06,4093881.7831661715,4094089.2538338075,1.0,1.0,45.34483487890435,9615.193833807483,207.47066763602197
7857.0,4084348.93,4084396.896286863,4096237.154154074,0.0,1.0,0.0040511184300780125,11888.224154073745,11840.25786721101
7834.0,4042504.1,4054025.9162907507,4096650.8988467986,4.0,6.0,0.2703066511663794,54146.79884679848,42624.98255604785
7896.0,4096821.19,4096821.19,4096923.19,0.0,0.0,0.0,102.0,102.0
7889.0,4089246.46,4089367.445666095,4097113.3460912737,2.0,1.0,0.015619315954738564,7866.886091273744,7745.90042517893
7838.0,4075212.5,4075212.5,4097496.663616432,3.0,8.0,0.0,22284.163616431877,22284.163616431877
7903.0,4098011.38,4098011.38,4098124.38,0.0,0.0,0.0,113.0,113.0
7856.0,4084338.26,4084396.896286863,4099174.5142650167,0.0,1.0,0.0039679119428997186,14836.254265016876,14777.61797815375
7893.0,4091978.95,4096821.2475099578,4099491.494856218,1.0,0.0,1.8134265789045985,7512.54485621769,2670.2473462601192
7892.0,4091569.61,4094089.2538338075,4099623.32024417,3.0,3.0,0.45529699988597283,8053.710244169924,5534.066410362255
7862.0,4084365.42,4091708.942817107,4099705.746322724,0.0,1.0,0.9183072726432014,15340.326322724111,7996.803505617194
7897.0,4096876.48,4099623.32024417,4100504.277323763,1.0,0.0,3.1180182415226843,3627.797323762905,880.9570795930922
7898.0,4096900.73,4100504.277323763,4102319.65113408,0.0,3.0,1.9850166964421778,5418.9211340798065,1815.3738103169017
7914.0,4101356.91,4102319.65113408,4102411.83839172,0.0,1.0,10.443321113190812,1054.9283917197026,92.18725764006376
7908.0,4100954.36,4102319.65113408,4102416.7601502263,1.0,1.0,14.059365322166057,1462.400150226429,97.10901614651084
7906.0,4100823.41,4102319.65113408,4102420.4839191977,2.0,0.0,14.838835725206412,1597.0739191975445,100.83278511790559
7905.0,4100767.15,4102319.65113408,4102450.8519499875,0.0,2.0,11.833014324943763,1683.7019499875605,131.2008159076795
7909.0,4100981.52,4102420.4839191977,4102530.375352331,1.0,0.0,13.0944139881448,1548.8553523309529,109.89143313327804
7907.0,4100887.43,4102420.4839191977,4102543.2048120922,2.0,1.0,12.492199845016287,1655.7748120920733,122.72089289454743
7902.0,4097187.85,4097187.85,4102632.9963665484,3.0,0.0,0.0,5445.146366548259,5445.146366548259
7913.0,4101293.86,4102530.375352331,4102966.3719809907,1.0,1.0,2.8360663157696018,1672.5119809908792,435.99662865977734
7900.0,4097134.5,4102319.65113408,4103033.1174581097,2.0,0.0,7.2675485295394,5898.617458109744,713.466324029956
7919.0,4102989.42,4102989.42,4103121.42,0.0,0.0,0.0,132.0,132.0
7901.0,4097147.11,4103033.1174581097,4103557.5362941055,1.0,0.0,11.22386736344826,6410.426294105593,524.4188359957188
7912.0,4101256.03,4103557.5362941055,4103977.9656333355,0.0,0.0,5.474180984420486,2721.935633335728,420.4293392300606
7920.0,4103811.01,4103977.991467996,4104097.991467996,0.0,0.0,1.3915122333021523,286.9814679962583,120.0
7921.0,4104155.36,4104155.36,4104217.2742851605,3.0,0.0,0.0,61.91428516060114,61.91428516060114
7915.0,4101536.36,4103977.9656333355,4104259.4604290207,0.0,0.0,8.673715005610312,2723.100429020822,281.49479568516836
7829.0,4035676.27,4058838.0292422962,4105484.936810478,2.0,0.0,0.49653364927657057,69808.66681047808,46646.907568181865
7910.0,4100996.07,4105484.9689395376,4105586.9689395376,0.0,0.0,44.00881313272368,4590.898939537816,102.0
7924.0,4105527.91,4105586.998857259,4105670.0984757985,1.0,0.0,0.7110605114324959,142.18847579834983,83.0996185396798
7926.0,4106096.33,4106096.33,4106216.33,0.0,0.0,0.0,120.0,120.0
7904.0,4098110.32,4105484.936810478,4106248.312825867,0.0,1.0,9.66052988542161,8137.9928258671425,763.3760153888725
7917.0,4101805.05,4104259.4604290207,4106650.7524700346,0.0,0.0,1.0263950980994216,4845.702470034827,2391.2920410139486
7927.0,4106586.18,4106586.18,4106666.18,0.0,0.0,0.0,80.0,80.0
7929.0,4106863.6,4106863.6,4107238.6,0.0,0.0,0.0,375.0,375.0
7931.0,4107021.71,4107238.6,4107357.363087367,1.0,0.0,1.8262408363503886,335.653087366838,118.76308736670762
7932.0,4107094.46,4107238.626237961,4107414.361131704,0.0,1.0,0.8203620515565355,319.901131703984,175.73489374294877
7939.0,4107614.38,4107614.38,4107752.38,0.0,0.0,0.0,138.0,138.0
7940.0,4108635.79,4108635.79,4108768.79,0.0,0.0,0.0,133.0,133.0
7942.0,4108843.37,4108843.37,4108992.153202412,1.0,2.0,0.0,148.78320241207257,148.78320241207257
7943.0,4109051.92,4109051.92,4109158.3224711847,1.0,0.0,0.0,106.40247118473053,106.40247118473053
7916.0,4101700.29,4102543.2048120922,4109376.156352764,1.0,0.0,0.1233602795329258,7675.866352763958,6832.951540671755
7944.0,4109327.4,4109327.4,4109457.4,0.0,0.0,0.0,130.0,130.0
7945.0,4109385.6,4109385.6,4109532.6,0.0,0.0,0.0,147.0,147.0
7946.0,4109726.07,4109726.07,4109861.07,0.0,0.0,0.0,135.0,135.0
7918.0,4102241.55,4106863.613664479,4111482.613664479,0.0,0.0,1.0006632744055382,9241.063664479181,4619.0
7949.0,4111427.45,4111427.45,4111529.45,0.0,0.0,0.0,102.0,102.0
7827.0,4034348.34,4058838.0292422962,4112036.4029913642,14.0,23.0,0.46034657671702656,77688.0629913644,53198.37374906801
7895.0,4092111.84,4099491.494856218,4114086.520364148,18.0,20.0,0.5056280889819817,21974.680364148226,14595.0255079302
7928.0,4106721.98,4111482.613664479,4114176.613664479,0.0,0.0,1.7671245970597675,7454.6336644790135,2694.0
7933.0,4107352.48,4114176.613664479,4115649.013766126,0.0,1.0,4.6347006203318495,8296.533766125795,1472.400101646781
7894.0,4092017.75,4093881.817677545,4116220.6340309344,0.0,2.0,0.08344523040326869,24202.884030934423,22338.816353389528
7935.0,4107504.77,4109726.1116228285,4122084.169704239,0.0,1.0,0.17974843686565647,14579.399704238866,12358.05808141036
7224.0,3006287.05,3874991.150984892,4122694.1621358753,1.0,0.0,3.5070389211190838,1116407.1121358755,247703.01115098316
7923.0,4104279.52,4105586.9689395376,4122809.537026831,1.0,0.0,0.07591486547829396,18530.01702683093,17222.5680872933
7934.0,4107488.28,4115649.013766126,4122998.013766126,0.0,0.0,1.1104549960710275,15509.73376612598,7349.0
7647.0,3817239.06,4122694.1621358753,4124229.743691578,0.0,1.0,198.91818900891315,306990.683691578,1535.5815557027236
7911.0,4101192.01,4124229.743691578,4124523.917945812,1.0,0.0,78.31322204443144,23331.907945812214,294.1742542339489
7947.0,4110412.83,4124229.743691578,4124804.9497594154,0.0,0.0,24.020806566814475,14392.119759415276,575.2060678373091
7948.0,4110451.63,4124804.9497594154,4125001.0757518085,1.0,0.0,73.18417913034808,14549.445751808584,196.12599239312112
7925.0,4105909.12,4124229.743691578,4125592.653442285,1.0,2.0,13.442286756019229,19683.533442284912,1362.9097507069819
7952.0,4118485.17,4118485.17,4126996.440249265,0.0,0.0,0.0,8511.270249265246,8511.270249265246
7951.0,4111741.73,4112036.414359036,4127497.33066385,0.0,1.0,0.019059954353686178,15755.600663850084,15460.916304814164
7950.0,4111530.27,4122953.3021358754,4129927.529105245,0.0,0.0,1.6378922260552433,18397.259105245117,6974.226969369687
7953.0,4120711.32,4122809.5585797913,4131772.2563982317,2.0,0.0,0.23410792400860203,11060.93639823189,8962.697818440385
7899.0,4096905.58,4122694.1621358753,4132961.68059018,2.0,0.0,2.511666499616836,36056.10059018014,10267.518454304896
7941.0,4108825.91,4122809.537026831,4134974.473201484,1.0,1.0,1.1495027040065562,26148.563201483805,12164.936174653005
7954.0,4132604.49,4132961.68059018,4144839.336106517,1.0,0.0,0.030072482712493784,12234.846106516663,11877.655516336672
7955.0,4144461.77,4144461.77,4146061.3223310206,3.0,0.0,0.0,1599.55233102059,1599.55233102059
7648.0,3818399.18,4131772.2563982317,4146199.599561829,0.0,1.0,21.720775117412074,327800.41956182895,14427.343163597398
7667.0,3830853.01,4146199.599561829,4146471.6831032364,1.0,0.0,1159.0064872385062,315618.6731032366,272.08354140724987
7668.0,3831507.76,4146471.6831032364,4149081.702788788,1.0,0.0,120.67492243326949,317573.9427887881,2610.019685551524
7681.0,3834592.36,4149081.702788788,4155288.508315763,0.0,1.0,50.66847050741354,320696.1483157631,6206.805526975077
7956.0,4157334.64,4157334.64,4157422.8966791085,2.0,1.0,0.0,88.25667910836637,88.25667910836637
7957.0,4158781.88,4158781.88,4158922.88,0.0,0.0,0.0,141.0,141.0
7958.0,4158972.0,4158972.0,4159081.821991447,3.0,0.0,0.0,109.82199144689366,109.82199144689366
7959.0,4159333.81,4159333.81,4159443.666162982,1.0,0.0,0.0,109.8561629820615,109.8561629820615
7960.0,4159720.84,4159720.84,4159840.012668689,0.0,1.0,0.0,119.17266868893057,119.17266868893057
7863.0,4084365.42,4084555.3462974126,4161495.4530626805,4.0,2.0,0.0024684953712392765,77130.03306268062,76940.1067652679
7691.0,3843118.66,4155288.508315763,4170595.2545306818,1.0,0.0,20.39426563507697,327476.5945306816,15306.746214918792
7922.0,4104162.15,4170595.2545306818,4171254.0298363557,0.0,0.0,100.84334363857023,67091.8798363558,658.7753056739457
7963.0,4171560.66,4171560.66,4177407.1183036854,2.0,1.0,0.0,5846.4583036853,5846.4583036853
7964.0,4178780.37,4178780.37,4178866.612302923,1.0,0.0,0.0,86.24230292299762,86.24230292299762
7966.0,4179461.31,4179461.31,4179826.352634106,1.0,0.0,0.0,365.0426341057755,365.0426341057755
7965.0,4178841.48,4178841.48,4183625.542772657,0.0,1.0,0.0,4784.062772656791,4784.062772656791
7967.0,4186091.26,4186091.26,4186681.2237561857,2.0,0.0,0.0,589.9637561859563,589.9637561859563
7972.0,4187499.7,4187499.7,4188029.7,0.0,0.0,0.0,530.0,530.0
7968.0,4186091.26,4186091.26,4188531.2604255863,2.0,1.0,0.0,2440.000425586477,2440.000425586477
7938.0,4107588.19,4112036.4029913642,4190201.4679374755,5.0,3.0,0.056907942114946056,82613.27793747559,78165.06494611129
7961.0,4171502.46,4171502.46,4192436.3796999324,2.0,0.0,0.0,20933.91969993245,20933.91969993245
7973.0,4193660.17,4193660.17,4193780.17,0.0,0.0,0.0,120.0,120.0
7974.0,4194671.88,4194671.88,4194740.255290613,3.0,0.0,0.0,68.37529061269015,68.37529061269015
7969.0,4186091.26,4186091.26,4195300.559831289,1.0,0.0,0.0,9209.299831288867,9209.299831288867
7962.0,4171526.71,4171526.71,4195723.820326373,1.0,1.0,0.0,24197.11032637302,24197.11032637302
7979.0,4196309.24,4196309.24,4197741.401703174,1.0,0.0,0.0,1432.1617031740025,1432.1617031740025
7970.0,4186092.23,4186092.23,4198050.842383615,3.0,0.0,0.0,11958.61238361476,11958.61238361476
7937.0,4107555.21,4122694.1621358753,4198436.221293281,2.0,1.0,0.19987510643741427,90881.01129328087,75742.05915740551
7936.0,4107524.17,4122694.1621358753,4199509.366088912,1.0,0.0,0.1974868431664915,91985.19608891197,76815.20395303657
7978.0,4196288.87,4196288.87,4200620.447446311,1.0,1.0,0.0,4331.577446310781,4331.577446310781
7971.0,4186092.23,4186092.23,4201248.667049568,3.0,0.0,0.0,15156.437049568165,15156.437049568165
7981.0,4204856.88,4204856.88,4204988.741739651,1.0,0.0,0.0,131.8617396513,131.8617396513
7977.0,4195788.35,4195788.35,4209246.333711331,1.0,0.0,0.0,13457.983711331151,13457.983711331151
7983.0,4204992.68,4204992.68,4211935.6741362335,1.0,0.0,0.0,6942.994136233814,6942.994136233814
7987.0,4208329.48,4208329.48,4213453.068894832,2.0,0.0,0.0,5123.588894831948,5123.588894831948
7989.0,4210756.42,4210756.42,4220358.560662643,3.0,0.0,0.0,9602.140662643127,9602.140662643127
7988.0,4208329.48,4208329.48,4221067.949184467,2.0,3.0,0.0,12738.469184466638,12738.469184466638
7992.0,4222646.68,4222646.68,4222919.68,0.0,0.0,0.0,273.0,273.0
7976.0,4195578.83,4195578.83,4222928.0390260145,3.0,0.0,0.0,27349.209026014432,27349.209026014432
7990.0,4210773.88,4211935.6741362335,4224884.13595221,0.0,1.0,0.08972449027112557,14110.255952210166,12948.461815976538
7890.0,4091395.98,4091816.5549238017,4226221.652634916,12.0,8.0,0.003129159019739497,134825.6726349159,134405.0977111142
7982.0,4204902.47,4204902.47,4227352.25168292,1.0,0.0,0.0,22449.781682920642,22449.781682920642
7991.0,4221738.76,4221738.76,4227443.231252399,1.0,0.0,0.0,5704.471252399497,5704.471252399497
7980.0,4196377.14,4196377.14,4227637.788671057,1.0,0.0,0.0,31260.648671057075,31260.648671057075
7986.0,4208328.51,4208328.51,4230601.447232484,2.0,0.0,0.0,22272.93723248411,22272.93723248411
7993.0,4232652.23,4232652.23,4233442.129536721,1.0,1.0,0.0,789.899536720477,789.899536720477
7975.0,4194917.29,4194917.29,4234671.262343205,2.0,1.0,0.0,39753.97234320454,39753.97234320454
7930.0,4106880.09,4114086.520364148,4238170.229965429,1.0,0.0,0.058077167319583775,131290.13996542897,124083.70960128075
6875.0,2405505.91,4238170.229965429,4238638.229965429,0.0,0.0,3915.9494016355316,1833132.3199654287,468.0
7482.0,3271910.88,3968724.915357793,4241222.164982971,0.0,1.0,2.557141535616478,969311.2849829709,272497.2496251776
7985.0,4208328.51,4208328.51,4243025.376772694,1.0,0.0,0.0,34696.86677269451,34696.86677269451
7984.0,4208328.51,4208328.51,4243320.775294526,2.0,0.0,0.0,34992.26529452577,34992.26529452577
7994.0,4244798.57,4244798.57,4244866.57,0.0,0.0,0.0,68.0,68.0
7995.0,4245105.09,4245105.09,4245178.09,0.0,0.0,0.0,73.0,73.0
7996.0,4245339.83,4245339.83,4246010.375368084,1.0,0.0,0.0,670.5453680837527,670.5453680837527
7997.0,4245374.75,4245374.75,4246231.829450291,1.0,1.0,0.0,857.0794502906501,857.0794502906501
7998.0,4247381.68,4247381.68,4248092.189965248,1.0,0.0,0.0,710.5099652484059,710.5099652484059
7999.0,4247407.87,4247407.87,4248203.453633334,1.0,1.0,0.0,795.5836333334446,795.5836333334446
8000.0,4247905.48,4247905.48,4248206.04783034,1.0,0.0,0.0,300.56783034000546,300.56783034000546
8001.0,4247947.19,4247947.19,4248499.19,0.0,0.0,0.0,552.0,552.0
8002.0,4248601.94,4248601.94,4249026.94,0.0,0.0,0.0,425.0,425.0
8003.0,4249298.3999999985,4249298.3999999985,4249442.567256101,1.0,0.0,0.0,144.16725610289723,144.16725610289723
8008.0,4253523.72,4253523.72,4259415.520677266,1.0,0.0,0.0,5891.800677265972,5891.800677265972
8009.0,4259433.93,4259433.93,4259584.93,0.0,0.0,0.0,151.0,151.0
8010.0,4259808.35,4259808.35,4259928.527605307,2.0,0.0,0.0,120.177605307661,120.177605307661
8013.0,4260231.27,4260231.27,4260383.639048032,1.0,1.0,0.0,152.36904803290963,152.36904803290963
8012.0,4259998.47,4259998.47,4260858.909328217,1.0,0.0,0.0,860.4393282169476,860.4393282169476
8015.0,4261112.03,4261112.03,4261153.380632342,1.0,0.0,0.0,41.3506323415786,41.3506323415786
8014.0,4261051.89,4261051.89,4261157.730358592,1.0,0.0,0.0,105.84035859256983,105.84035859256983
8016.0,4261117.85,4261117.85,4261238.85,0.0,0.0,0.0,121.0,121.0
8017.0,4261240.07,4261240.07,4261363.627444441,2.0,0.0,0.0,123.55744444113225,123.55744444113225
8018.0,4261385.57,4261385.57,4261512.788199099,1.0,0.0,0.0,127.21819909848273,127.21819909848273
8019.0,4261483.54,4261483.54,4261628.170269605,1.0,1.0,0.0,144.63026960473508,144.63026960473508
8020.0,4261822.07,4261822.07,4261927.07,0.0,0.0,0.0,105.0,105.0
8021.0,4262137.32,4262137.32,4262255.572285427,2.0,0.0,0.0,118.25228542648256,118.25228542648256
8022.0,4262440.93,4262440.93,4262480.93,0.0,0.0,0.0,40.0,40.0
8026.0,4262833.78,4262833.78,4262968.78,0.0,0.0,0.0,135.0,135.0
8027.0,4263046.21,4263046.21,4263150.089681573,2.0,0.0,0.0,103.8796815732494,103.8796815732494
8028.0,4263470.1,4263470.1,4263589.769045611,0.0,1.0,0.0,119.66904561128467,119.66904561128467
8029.0,4263773.71,4263773.71,4263875.159781275,2.0,0.0,0.0,101.44978127535433,101.44978127535433
8030.0,4264307.21,4264307.21,4264440.21,0.0,0.0,0.0,133.0,133.0
8031.0,4264591.42,4264591.42,4264714.507112748,3.0,0.0,0.0,123.0871127480641,123.0871127480641
8032.0,4264924.13,4264924.13,4265055.13,0.0,0.0,0.0,131.0,131.0
8033.0,4265108.43,4265108.43,4265212.43,0.0,0.0,0.0,104.0,104.0
8007.0,4252974.7,4252974.7,4266258.010646826,1.0,0.0,0.0,13283.31064682547,13283.31064682547
8034.0,4266568.28,4266568.28,4266715.28,0.0,0.0,0.0,147.0,147.0
8035.0,4267245.34,4267245.34,4267369.843381867,1.0,0.0,0.0,124.50338186696172,124.50338186696172
8036.0,4267549.92,4267549.92,4267647.608158296,3.0,0.0,0.0,97.68815829604864,97.68815829604864
8037.0,4267830.25,4267830.25,4267976.25,0.0,0.0,0.0,146.0,146.0
8038.0,4268336.59,4268336.59,4268496.894532903,0.0,1.0,0.0,160.30453290324658,160.30453290324658
8039.0,4268609.16,4268609.16,4268714.6514635645,2.0,1.0,0.0,105.4914635643363,105.4914635643363
8040.0,4268905.01,4268905.01,4269035.771805047,1.0,0.0,0.0,130.7618050472811,130.7618050472811
8041.0,4269397.77,4269397.77,4269543.77,0.0,0.0,0.0,146.0,146.0
8042.0,4269717.87,4269717.87,4269821.87,0.0,0.0,0.0,104.0,104.0
8043.0,4270019.54,4270019.54,4270123.54,0.0,0.0,0.0,104.0,104.0
8044.0,4270689.81,4270689.81,4270826.81,0.0,0.0,0.0,137.0,137.0
8045.0,4271011.85,4271011.85,4271102.655753841,1.0,0.0,0.0,90.80575384106487,90.80575384106487
8046.0,4271366.87,4271366.87,4271471.079423096,2.0,1.0,0.0,104.20942309591919,104.20942309591919
8047.0,4271716.07,4271716.07,4271846.07,0.0,0.0,0.0,130.0,130.0
8048.0,4271924.62,4271924.62,4272029.62,0.0,0.0,0.0,105.0,105.0
8049.0,4272246.66,4272246.66,4272385.66,0.0,0.0,0.0,139.0,139.0
8050.0,4272875.22,4272875.22,4272974.36585283,2.0,1.0,0.0,99.14585283026099,99.14585283026099
8051.0,4272989.68,4272989.68,4273091.891924705,2.0,1.0,0.0,102.21192470565438,102.21192470565438
8052.0,4273288.44,4273288.44,4273418.866690111,1.0,0.0,0.0,130.42669011093676,130.42669011093676
8053.0,4273416.48,4273416.48,4273522.824640924,1.0,0.0,0.0,106.34464092366397,106.34464092366397
8054.0,4273495.05,4273495.05,4273629.05,0.0,0.0,0.0,134.0,134.0
8055.0,4273650.25,4273650.25,4273730.739601439,1.0,0.0,0.0,80.48960143886507,80.48960143886507
8056.0,4273658.01,4273658.01,4273762.604778514,1.0,0.0,0.0,104.59477851446718,104.59477851446718
8057.0,4273728.82,4273728.82,4273852.723332027,1.0,0.0,0.0,123.90333202667534,123.90333202667534
8058.0,4273803.51,4273803.51,4273930.51,0.0,0.0,0.0,127.0,127.0
8059.0,4274442.74,4274442.74,4274526.944502052,1.0,0.0,0.0,84.20450205169618,84.20450205169618
8060.0,4274519.37,4274519.37,4274597.697125123,1.0,0.0,0.0,78.32712512277067,78.32712512277067
8061.0,4274588.24,4274588.24,4274630.007574848,1.0,0.0,0.0,41.76757484767586,41.76757484767586
8062.0,4274832.68,4274832.68,4274890.774856729,1.0,0.0,0.0,58.094856729730964,58.094856729730964
8006.0,4252819.5,4252819.5,4275326.90626752,3.0,0.0,0.0,22507.40626752004,22507.40626752004
8063.0,4275405.95,4275405.95,4275484.367840512,1.0,0.0,0.0,78.41784051153809,78.41784051153809
8064.0,4275552.42,4275552.42,4275641.42,0.0,0.0,0.0,89.0,89.0
8065.0,4276124.72,4276124.72,4276200.72,0.0,0.0,0.0,76.0,76.0
8066.0,4276266.34,4276266.34,4276307.509078656,1.0,1.0,0.0,41.169078656472266,41.169078656472266
8067.0,4276718.36,4276718.36,4276786.673939712,2.0,0.0,0.0,68.31393971201032,68.31393971201032
8068.0,4276802.75,4276802.75,4276892.75,0.0,0.0,0.0,90.0,90.0
8069.0,4276971.53,4276971.53,4277042.125644497,3.0,0.0,0.0,70.59564449638128,70.59564449638128
8070.0,4277103.45,4277103.45,4277150.45,0.0,0.0,0.0,47.0,47.0
8071.0,4277284.84,4277284.84,4277376.952967743,0.0,1.0,0.0,92.11296774353832,92.11296774353832
8072.0,4278341.17,4278341.17,4278436.504368624,0.0,1.0,0.0,95.33436862379313,95.33436862379313
8073.0,4278573.97,4278573.97,4278621.97,0.0,0.0,0.0,48.0,48.0
8074.0,4278652.54,4278652.54,4278741.54,0.0,0.0,0.0,89.0,89.0
8024.0,4262617.47,4262617.47,4280289.185256775,1.0,0.0,0.0,17671.715256774798,17671.715256774798
8075.0,4286695.78,4286695.78,4292863.586863057,1.0,0.0,0.0,6167.806863056496,6167.806863056496
8076.0,4286717.12,4286717.12,4295433.080040871,3.0,0.0,0.0,8715.960040871054,8715.960040871054
8077.0,4297676.18,4297676.18,4308670.948555492,1.0,1.0,0.0,10994.768555492163,10994.768555492163
8078.0,4298578.28,4298578.28,4310368.675221982,2.0,1.0,0.0,11790.395221982151,11790.395221982151
8005.0,4251194.75,4251194.75,4320794.386435174,1.0,0.0,0.0,69599.63643517438,69599.63643517438
8079.0,4308630.39,4308630.39,4320805.69515427,0.0,1.0,0.0,12175.305154270492,12175.305154270492
8080.0,4310449.14,4310449.14,4321077.90839514,1.0,0.0,0.0,10628.768395140767,10628.768395140767
8083.0,4322989.3,4322989.3,4323089.20569343,1.0,0.0,0.0,99.90569343045354,99.90569343045354
8084.0,4323133.83,4323133.83,4323268.83,0.0,0.0,0.0,135.0,135.0
8023.0,4262534.05,4262534.05,4323374.008433574,1.0,0.0,0.0,60839.958433574066,60839.958433574066
8085.0,4323398.64,4323398.64,4323530.64,0.0,0.0,0.0,132.0,132.0
8011.0,4259975.19,4259975.19,4323604.338301538,1.0,0.0,0.0,63629.14830153715,63629.14830153715
8086.0,4323638.23,4323638.23,4323747.23,0.0,0.0,0.0,109.0,109.0
8087.0,4323853.57,4323853.57,4323933.173018719,1.0,0.0,0.0,79.60301871877164,79.60301871877164
8088.0,4324165.91,4324165.91,4324311.91,0.0,0.0,0.0,146.0,146.0
8089.0,4324446.24,4324446.24,4324550.24,0.0,0.0,0.0,104.0,104.0
8090.0,4324767.31,4324767.31,4324894.31,0.0,0.0,0.0,127.0,127.0
8091.0,4325855.6499999985,4325855.6499999985,4325953.919322638,3.0,0.0,0.0,98.26932263933122,98.26932263933122
8092.0,4325979.81,4325979.81,4326063.583539993,2.0,1.0,0.0,83.77353999298066,83.77353999298066
8093.0,4326442.5,4326442.5,4326594.5,0.0,0.0,0.0,152.0,152.0
8094.0,4326629.71,4326629.71,4326764.71,0.0,0.0,0.0,135.0,135.0
8081.0,4319643.77,4319643.77,4326789.664082853,1.0,0.0,0.0,7145.894082853571,7145.894082853571
8095.0,4327156.42,4327156.42,4327260.42,0.0,0.0,0.0,104.0,104.0
8096.0,4328520.24,4328520.24,4328791.645614085,1.0,0.0,0.0,271.40561408456415,271.40561408456415
8098.0,4328875.26,4328875.26,4329079.7423304375,1.0,0.0,0.0,204.48233043774962,204.48233043774962
8004.0,4249380.85,4249380.85,4329271.679473591,1.0,0.0,0.0,79890.82947359141,79890.82947359141
8100.0,4329937.41,4329937.41,4330252.41,0.0,0.0,0.0,315.0,315.0
8097.0,4328744.31,4328744.31,4331328.884207504,3.0,0.0,0.0,2584.57420750428,2584.57420750428
8082.0,4322287.02,4322287.02,4331333.114454979,2.0,0.0,0.0,9046.094454979524,9046.094454979524
8102.0,4332439.04,4332439.04,4332649.457139833,1.0,0.0,0.0,210.41713983286172,210.41713983286172
8105.0,4332557.38,4332557.38,4332796.858741652,1.0,0.0,0.0,239.47874165233225,239.47874165233225
8103.0,4332556.41,4332556.41,4332898.820518428,0.0,1.0,0.0,342.41051842831075,342.41051842831075
8104.0,4332556.41,4332556.41,4332948.786583818,1.0,1.0,0.0,392.37658381741494,392.37658381741494
8106.0,4332773.69,4332773.69,4333015.50299427,1.0,0.0,0.0,241.81299426965415,241.81299426965415
8107.0,4332984.18,4332984.18,4333246.138253595,0.0,1.0,0.0,261.9582535950467,261.9582535950467
8108.0,4333154.8999999985,4333154.8999999985,4333342.8999999985,0.0,0.0,0.0,188.0,188.0
8109.0,4333387.7,4333387.7,4333599.7,0.0,0.0,0.0,212.0,212.0
8110.0,4333616.62,4333616.62,4333930.585857692,3.0,0.0,0.0,313.96585769206285,313.96585769206285
8113.0,4333722.35,4333722.389581022,4334049.838358034,0.0,1.0,0.0001208769890253892,327.4883580347523,327.448777012527
8111.0,4333721.38,4333721.38,4334073.9408108005,0.0,1.0,0.0,352.5608108006418,352.5608108006418
8115.0,4333999.77,4334049.838358034,4334322.822810205,1.0,0.0,0.18341102446225865,323.05281020514667,272.98445217031986
8116.0,4334090.95,4334169.594504202,4334647.552369295,1.0,1.0,0.1645427556387463,556.6023692945018,477.9578650929034
8118.0,4334194.74,4334647.552369295,4335254.838359844,3.0,0.0,0.7456328259522744,1060.098359843716,607.2859905492514
8120.0,4334792.26,4335254.838359844,4335582.82345342,1.0,0.0,1.4103639735600155,790.5634534200653,327.9850935759023
8112.0,4333722.35,4333722.35,4336698.514763819,5.0,8.0,0.0,2976.1647638194263,2976.1647638194263
8121.0,4336935.96,4336935.96,4337283.96,0.0,0.0,0.0,348.0,348.0
8101.0,4330588.28,4330588.28,4338078.85426538,2.0,1.0,0.0,7490.574265379459,7490.574265379459
8114.0,4333798.01,4333930.585857692,4338216.514812045,1.0,1.0,0.030932817390208762,4418.504812045023,4285.928954352625
8025.0,4262679.55,4262679.55,4338511.339545263,1.0,0.0,0.0,75831.78954526316,75831.78954526316
8123.0,4339628.68,4339628.68,4339691.68,0.0,0.0,0.0,63.0,63.0
8125.0,4342192.39,4342192.39,4342333.434649146,0.0,1.0,0.0,141.04464914649725,141.04464914649725
8126.0,4342386.39,4342386.39,4342619.13601912,1.0,0.0,0.0,232.74601912032813,232.74601912032813
8128.0,4342399.0,4342399.0,4342681.61219408,1.0,0.0,0.0,282.61219407990575,282.61219407990575
8127.0,4342395.12,4342395.12,4342821.034822658,1.0,1.0,0.0,425.9148226575926,425.9148226575926
8119.0,4334202.5,4334247.238504202,4343122.458493158,2.0,0.0,0.00504083327036124,8919.958493158221,8875.219988956116
8130.0,4342847.14,4342847.14,4344199.13574706,1.0,0.0,0.0,1351.995747060515,1351.995747060515
8135.0,4343411.68,4343411.68,4344355.938267485,1.0,0.0,0.0,944.2582674855366,944.2582674855366
8132.0,4342854.8999999985,4342854.8999999985,4344368.8407549225,1.0,1.0,0.0,1513.9407549239695,1513.9407549239695
8137.0,4343750.21,4343750.21,4344614.913414314,1.0,0.0,0.0,864.7034143144265,864.7034143144265
8136.0,4343415.56,4343415.56,4344618.87434748,1.0,0.0,0.0,1203.3143474804237,1203.3143474804237
8131.0,4342849.08,4342849.08,4344857.362616723,2.0,0.0,0.0,2008.2826167233288,2008.2826167233288
8134.0,4343406.83,4343406.83,4345122.835930262,1.0,0.0,0.0,1716.0059302616864,1716.0059302616864
8139.0,4343759.91,4343759.91,4345442.91,0.0,0.0,0.0,1683.0,1683.0
8138.0,4343755.06,4343755.06,4345783.3058350505,2.0,3.0,0.0,2028.2458350509405,2028.2458350509405
8150.0,4347531.27,4347531.27,4347676.869336886,2.0,1.0,0.0,145.59933688677847,145.59933688677847
8153.0,4348067.68,4348067.68,4348188.6672871085,1.0,0.0,0.0,120.9872871087864,120.9872871087864
8154.0,4348110.36,4348247.295085615,4348485.99193505,0.0,0.0,0.5736778090620553,375.6319350497797,238.69684943556786
8151.0,4347623.42,4348067.807535615,4348611.043953504,0.0,1.0,0.8180370847397941,987.6239535044879,543.236417889595
8155.0,4348291.75,4348485.99193505,4348636.484704388,1.0,0.0,1.2907060977368978,344.73470438830554,150.49276933819056
8156.0,4348445.01,4348486.019426398,4348680.672216178,0.0,1.0,0.21067988002928317,235.66221617814153,194.65278977993876
8157.0,4348561.41,4348611.043953504,4348784.043953504,0.0,0.0,0.28690146534256855,222.63395350426435,173.0
8158.0,4348678.78,4348678.78,4348821.78,0.0,0.0,0.0,143.0,143.0
8159.0,4348690.42,4348690.42,4348913.534474444,0.0,1.0,0.0,223.1144744437188,223.1144744437188
8160.0,4348752.5,4348784.043953504,4348920.043953504,0.0,0.0,0.23194083459127476,167.54395350441337,136.0
8161.0,4348827.19,4348827.19,4349037.19,0.0,0.0,0.0,210.0,210.0
8152.0,4347963.89,4348611.043953504,4349216.692414427,4.0,0.0,1.0685306663187888,1252.8024144275114,605.6484609227628
8162.0,4349098.79,4349216.692414427,4349331.793130333,2.0,0.0,1.0243412779813892,233.0031303325668,115.10071590542793
8163.0,4349385.91,4349385.91,4349488.935494288,2.0,1.0,0.0,103.02549428772181,103.02549428772181
8124.0,4341584.2,4341584.2,4349703.501846532,3.0,0.0,0.0,8119.301846532151,8119.301846532151
8165.0,4349715.71,4349715.71,4349847.563892483,1.0,0.0,0.0,131.85389248281717,131.85389248281717
8164.0,4349648.78,4349715.815588204,4350147.611224146,2.0,0.0,0.15524841527815017,498.83122414536774,431.7956359414384
8167.0,4350077.52,4350147.611224146,4350256.682247428,1.0,1.0,0.6426200290105866,179.16224742867053,109.07102328259498
8168.0,4350280.25,4350280.25,4350384.25,0.0,0.0,0.0,104.0,104.0
8166.0,4349938.81,4350147.611224146,4350452.611224146,0.0,0.0,0.6845941775279945,513.8012241460383,305.0
8169.0,4350667.28,4350667.28,4350807.005192306,1.0,1.0,0.0,139.72519230563194,139.72519230563194
8170.0,4350951.49,4350951.49,4351054.174441542,1.0,0.0,0.0,102.68444154132158,102.68444154132158
8171.0,4350967.98,4350967.98,4351150.310905513,1.0,0.0,0.0,182.3309055129066,182.3309055129066
8172.0,4351183.32,4351183.32,4351304.077567735,1.0,0.0,0.0,120.75756773445755,120.75756773445755
8173.0,4351660.56,4351660.56,4351814.84086318,0.0,1.0,0.0,154.28086318075657,154.28086318075657
8122.0,4337398.6499999985,4337398.6499999985,4352757.185314866,0.0,1.0,0.0,15358.535314867273,15358.535314867273
8174.0,4351756.59,4352366.785380636,4353208.116341898,1.0,0.0,0.7252738918835047,1451.5263418983668,841.3309612618759
8184.0,4353436.63,4353562.718199301,4353603.084492737,1.0,0.0,3.123601117797806,166.4544927375391,40.36629343684763
8180.0,4353294.04,4353562.499990767,4353617.050677574,2.0,0.0,4.921294423199683,323.0106775742024,54.550686807371676
8178.0,4353223.23,4353562.487244829,4353665.487244829,0.0,0.0,3.2937596585257976,442.2572448281571,103.0
8179.0,4353223.23,4353562.487244829,4353723.306966722,0.0,1.0,2.1095500031583163,500.07696672156453,160.8197218934074
8183.0,4353418.2,4353562.487244829,4353738.292618004,0.0,1.0,0.8207214729707633,320.0926180034876,175.8053731750697
8185.0,4353527.81,4353562.487244829,4353750.7220586585,0.0,1.0,0.18422333320526613,222.91205865889788,188.23481382988393
8181.0,4353318.29,4353562.594988798,4353771.311221742,3.0,0.0,1.1705126398241152,453.02122174203396,208.7162329442799
8182.0,4353325.08,4353617.050677574,4353830.62458556,1.0,2.0,1.367070913897357,505.54458555951715,213.57390798535198
8186.0,4353746.06,4353746.06,4353855.5978385275,3.0,0.0,0.0,109.53783852793276,109.53783852793276
8177.0,4352841.05,4353208.116341898,4353932.1251701005,1.0,1.0,0.5069915277274197,1091.0751701006666,724.0088282022625
8187.0,4354002.14,4354002.14,4354123.509430596,1.0,0.0,0.0,121.3694305960089,121.3694305960089
8188.0,4354358.13,4354358.13,4354484.205800177,1.0,0.0,0.0,126.07580017670989,126.07580017670989
8189.0,4354884.84,4354884.84,4355052.84,0.0,0.0,0.0,168.0,168.0
8190.0,4355106.97,4355106.97,4355129.97,0.0,0.0,0.0,23.0,23.0
8191.0,4355329.1,4355329.1,4355452.2171833655,3.0,0.0,0.0,123.11718336585909,123.11718336585909
8192.0,4355513.3999999985,4355513.3999999985,4355632.287247622,1.0,0.0,0.0,118.88724762387574,118.88724762387574
8195.0,4355791.79,4355791.79,4355870.546321202,2.0,0.0,0.0,78.75632120203227,78.75632120203227
8194.0,4355690.91,4355690.91,4355952.155372492,1.0,0.0,0.0,261.2453724918887,261.2453724918887
8196.0,4356017.8,4356017.8,4356106.535809955,2.0,0.0,0.0,88.73580995481461,88.73580995481461
8193.0,4355602.64,4355602.64,4356188.697556718,2.0,1.0,0.0,586.0575567185879,586.0575567185879
8117.0,4334169.52,4334169.52,4356368.600337161,1.0,0.0,0.0,22199.0803371612,22199.0803371612
8198.0,4356292.31,4356292.31,4356388.192563616,1.0,0.0,0.0,95.88256361614913,95.88256361614913
8197.0,4356108.98,4356108.98,4356467.386155024,2.0,1.0,0.0,358.40615502372384,358.40615502372384
8199.0,4356384.46,4356384.46,4356500.801694408,1.0,1.0,0.0,116.34169440809637,116.34169440809637
8200.0,4356697.77,4356697.77,4356926.782006638,1.0,0.0,0.0,229.01200663857162,229.01200663857162
8201.0,4356834.54,4356834.54,4356934.535602913,3.0,0.0,0.0,99.99560291320086,99.99560291320086
8202.0,4356929.6,4356929.6,4357028.772508498,1.0,0.0,0.0,99.17250849865377,99.17250849865377
8203.0,4357207.02,4357207.02,4357475.02,0.0,0.0,0.0,268.0,268.0
8204.0,4357478.62,4357478.62,4357502.62,0.0,0.0,0.0,24.0,24.0
8205.0,4357651.28,4357651.28,4357740.28,0.0,0.0,0.0,89.0,89.0
8206.0,4357827.82,4357827.82,4357849.82,0.0,0.0,0.0,22.0,22.0
8207.0,4358284.69,4358284.69,4358531.69,0.0,0.0,0.0,247.0,247.0
8176.0,4352578.18,4352757.185314866,4358898.192251513,2.0,1.0,0.029149179721301235,6320.012251513079,6141.006936646998
8208.0,4358902.58,4358902.58,4358976.850595826,2.0,0.0,0.0,74.27059582620859,74.27059582620859
8149.0,4346095.67,4346095.67,4360586.1106649535,0.0,1.0,0.0,14490.440664953552,14490.440664953552
8099.0,4328995.54,4328995.54,4362574.816034773,9.0,7.0,0.0,33579.27603477333,33579.27603477333
8210.0,4363496.5,4363496.5,4363541.5,0.0,0.0,0.0,45.0,45.0
8209.0,4359054.87,4359054.87,4367407.747239322,1.0,0.0,0.0,8352.87723932229,8352.87723932229
8211.0,4369115.71,4369115.71,4375480.133842432,1.0,0.0,0.0,6364.423842431977,6364.423842431977
8212.0,4370941.25,4370941.25,4379549.733923125,3.0,0.0,0.0,8608.48392312508,8608.48392312508
8213.0,4382882.92,4382882.92,4392620.114395238,3.0,0.0,0.0,9737.194395238534,9737.194395238534
8214.0,4389074.43,4389074.43,4397863.060418282,1.0,0.0,0.0,8788.630418282002,8788.630418282002
8140.0,4345619.3999999985,4345619.3999999985,4404660.286681508,4.0,5.0,0.0,59040.886681509204,59040.886681509204
8215.0,4394820.71,4394820.71,4405829.643544202,1.0,0.0,0.0,11008.933544201776,11008.933544201776
8133.0,4343349.6,4343349.6,4406117.746062045,6.0,7.0,0.0,62768.14606204536,62768.14606204536
8129.0,4342565.84,4342565.84,4406226.928161252,5.0,6.0,0.0,63661.08816125244,63661.08816125244
8145.0,4345671.78,4345671.78,4407834.306151161,2.0,0.0,0.0,62162.52615116071,62162.52615116071
8218.0,4409878.02,4409878.02,4410013.563276052,1.0,0.0,0.0,135.5432760519907,135.5432760519907
8219.0,4410003.1499999985,4410003.1499999985,4410173.911290281,2.0,0.0,0.0,170.76129028294235,170.76129028294235
8220.0,4410453.23,4410453.23,4410572.8171389075,1.0,0.0,0.0,119.58713890705258,119.58713890705258
8216.0,4401424.47,4401424.47,4410604.36735383,1.0,0.0,0.0,9179.897353829816,9179.897353829816
8221.0,4410556.05,4410556.05,4410666.1337297885,2.0,1.0,0.0,110.083729788661,110.083729788661
8222.0,4410722.89,4410722.89,4410826.183373496,2.0,0.0,0.0,103.29337349627167,103.29337349627167
8142.0,4345662.08,4345662.08,4410963.962094745,1.0,0.0,0.0,65301.88209474459,65301.88209474459
8224.0,4411406.74,4411406.74,4411551.74,0.0,0.0,0.0,145.0,145.0
8223.0,4411239.8999999985,4411239.8999999985,4411873.854661788,2.0,0.0,0.0,633.9546617893502,633.9546617893502
8225.0,4411483.37,4411873.854661788,4412104.525498216,1.0,0.0,1.692821978860454,621.1554982159287,230.67083642818034
8227.0,4412105.14,4412105.14,4412225.053815346,1.0,0.0,0.0,119.91381534654647,119.91381534654647
8228.0,4412184.68,4412225.053815346,4412322.926761329,0.0,1.0,0.41251251754021234,138.24676132947206,97.87294598296285
8233.0,4412954.86,4412954.86,4413005.577212217,1.0,0.0,0.0,50.7172122169286,50.7172122169286
8231.0,4412587.23,4412955.046335504,4413053.096929037,1.0,0.0,3.7512912696603835,465.8669290365651,98.05059353262186
8232.0,4412797.72,4412955.152176888,4413069.994391458,3.0,0.0,1.3708563308094965,272.2743914583698,114.84221457038075
8234.0,4413088.72,4413088.72,4413222.72,0.0,0.0,0.0,134.0,134.0
8236.0,4413262.35,4413262.35,4413371.35,0.0,0.0,0.0,109.0,109.0
8143.0,4345665.96,4345665.96,4413392.85428524,5.0,7.0,0.0,67726.89428524021,67726.89428524021
8235.0,4413172.14,4413262.359904131,4413399.359904131,0.0,0.0,0.6585394462135478,227.21990413125604,137.0
8237.0,4413289.51,4413371.35,4413521.35,0.0,0.0,0.5455999999990065,231.839999999851,150.0
8238.0,4413457.32,4413457.32,4413564.665658066,2.0,0.0,0.0,107.3456580657512,107.3456580657512
8239.0,4413596.03,4413596.03,4413823.03,0.0,0.0,0.0,227.0,227.0
8240.0,4413628.04,4413823.03,4413983.527804992,0.0,1.0,1.2149075808860013,355.48780499212444,160.49780499190092
8242.0,4413952.99,4413983.527804992,4414437.691367371,1.0,0.0,0.06723966324375598,484.7013673707843,454.1635623788461
8146.0,4345676.63,4345676.63,4414585.188171849,2.0,1.0,0.0,68908.55817184877,68908.55817184877
8243.0,4414517.53,4414517.53,4414686.659952511,0.0,0.0,0.0,169.12995251081884,169.12995251081884
8244.0,4414762.94,4414762.94,4414821.495953474,3.0,0.0,0.0,58.55595347378403,58.55595347378403
8245.0,4414828.8999999985,4414828.8999999985,4415053.8999999985,0.0,0.0,0.0,225.0,225.0
8246.0,4414891.95,4415053.8999999985,4415178.8999999985,0.0,0.0,1.295599999986589,286.9499999983236,125.0
8230.0,4412536.79,4412954.964061095,4415738.92198569,7.0,0.0,0.15020847025060588,3202.1319856895134,2783.9579245941713
8147.0,4345683.42,4345683.42,4416219.165553694,5.0,7.0,0.0,70535.74555369373,70535.74555369373
8241.0,4413695.94,4415738.92198569,4416362.782715418,1.0,0.0,3.2747404802625857,2666.8427154179662,623.8607297288254
8248.0,4415949.25,4416219.165553694,4416416.165553694,0.0,0.0,1.3701297141810131,466.9155536936596,197.0
8250.0,4416465.29,4416571.0607115645,4416628.868553528,1.0,1.0,1.829694864442633,163.5785535275936,57.807841963134706
8251.0,4416478.87,4416571.148121834,4416665.425355079,2.0,1.0,0.9787953958516183,186.55535507854074,94.27723324485123
8252.0,4416571.02,4416571.02,4416726.02,0.0,0.0,0.0,155.0,155.0
8253.0,4416682.57,4416682.57,4416776.185162911,2.0,1.0,0.0,93.61516291089356,93.61516291089356
8255.0,4416752.41,4416776.185162911,4416973.185162911,0.0,0.0,0.12068610614742421,220.77516291104257,197.0
8256.0,4416940.59,4416981.37133318,4417094.162170026,2.0,0.0,0.36156601298792335,153.57217002660036,112.79083684645593
8257.0,4416981.33,4416981.33,4417133.35025312,1.0,0.0,0.0,152.02025311999023,152.02025311999023
8258.0,4417307.25,4417307.25,4417338.939723963,1.0,0.0,0.0,31.689723962917924,31.689723962917924
8259.0,4417392.61,4417392.61,4417544.61,0.0,0.0,0.0,152.0,152.0
8261.0,4417518.71,4417544.61,4417686.61,0.0,0.0,0.18239436619980653,167.90000000037253,142.0
8262.0,4417629.29,4417686.61,4417794.5162383905,1.0,0.0,0.5312019106166851,165.2262383904308,107.90623839013278
8263.0,4417786.43,4417794.5162383905,4418373.5162383905,0.0,0.0,0.013965869414103773,587.0862383907661,579.0
8264.0,4417951.33,4418373.5162383905,4418499.5162383905,0.0,0.0,3.35068443166979,548.1862383903936,126.0
8148.0,4345686.33,4345686.33,4418784.084173261,2.0,0.0,0.0,73097.75417326111,73097.75417326111
8266.0,4418497.44,4418784.084173261,4418894.084173261,0.0,0.0,2.605856120552529,396.6441732607782,110.0
8269.0,4418807.84,4418894.084173261,4418980.084173261,0.0,0.0,1.0028392239690347,172.24417326133698,86.0
8272.0,4418868.95,4418894.284184918,4419004.697202936,1.0,0.0,0.2294492567306652,135.7472029356286,110.41301801800728
8267.0,4418613.84,4418894.111570774,4419119.790651575,1.0,0.0,1.2419031918196657,505.9506515748799,225.67908080108464
8270.0,4418824.33,4418894.187797885,4419166.147259122,0.0,1.0,0.2568684228440833,341.8172591216862,271.9594612363726
8273.0,4418981.47,4418981.47,4419172.694691848,2.0,1.0,0.0,191.2246918482706,191.2246918482706
8274.0,4419046.46,4419119.790651575,4419404.790651575,0.0,0.0,0.25730053184129165,358.3306515747681,285.0
8275.0,4419214.27,4419214.27,4419429.27,0.0,0.0,0.0,215.0,215.0
8217.0,4406775.96,4406775.96,4420962.538904564,2.0,2.0,0.0,14186.578904564492,14186.578904564492
8283.0,4421269.7,4421269.7,4421383.512862279,0.0,1.0,0.0,113.81286227889359,113.81286227889359
8284.0,4421489.89,4421489.89,4421597.414694271,2.0,0.0,0.0,107.52469427138567,107.52469427138567
8279.0,4419975.72,4421269.724971498,4421633.724971498,0.0,0.0,3.5549587129083062,1658.0049714986235,364.0
8285.0,4421686.8,4421686.8,4421812.8,0.0,0.0,0.0,126.0,126.0
8286.0,4421918.63,4421918.63,4421995.679332132,2.0,0.0,0.0,77.049332132563,77.049332132563
8141.0,4345659.17,4345659.17,4422230.01064013,1.0,0.0,0.0,76570.84064013045,76570.84064013045
8249.0,4416329.49,4416362.782715418,4424301.79197905,13.0,13.0,0.004193560469902005,7972.30197905004,7939.009263631888
8291.0,4423814.98,4424301.79197905,4424553.79197905,0.0,0.0,1.931793567658003,738.8119790498167,252.0
8226.0,4411882.04,4411882.04,4426310.771104666,6.0,32.0,0.0,14428.731104666367,14428.731104666367
8229.0,4412435.91,4412954.89258786,4426484.925185329,0.0,1.0,0.038357822431044485,14049.015185329132,13530.032597469166
8254.0,4416682.57,4424301.79197905,4426521.79197905,0.0,0.0,3.4320819725450296,9839.221979049966,2220.0
8260.0,4417401.34,4426521.79197905,4427007.79197905,0.0,0.0,18.766362096811548,9606.451979050413,486.0
8144.0,4345668.87,4345668.87,4427428.65598614,2.0,1.0,0.0,81759.78598613944,81759.78598613944
8295.0,4427614.47,4427614.47,4427732.47,0.0,0.0,0.0,118.0,118.0
8296.0,4427674.61,4427732.47,4427818.47,0.0,0.0,0.6727906976674878,143.85999999940395,86.0
8297.0,4427821.08,4427821.08,4427953.503278564,1.0,0.0,0.0,132.4232785636559,132.4232785636559
8265.0,4418370.37,4426310.771104666,4427961.268853926,1.0,0.0,4.810913015923732,9590.898853925988,1650.4977492596954
8298.0,4427913.23,4427953.503278564,4428027.642664956,1.0,0.0,0.5432103032285311,114.41266495548189,74.1393863921985
8299.0,4428172.22,4428172.22,4428274.804373322,2.0,0.0,0.0,102.58437332231551,102.58437332231551
8276.0,4419273.44,4428172.299479985,4428405.679440573,1.0,1.0,38.13034957053201,9132.239440572448,233.37996058817953
8287.0,4422472.5,4422472.5,4428893.747976841,0.0,0.0,0.0,6421.247976841405,6421.247976841405
8277.0,4419329.7,4428405.679440573,4429205.350003249,1.0,1.0,11.34964804781517,9875.650003248826,799.6705626761541
8280.0,4420430.6499999985,4429205.350003249,4430762.579361127,1.0,0.0,5.6348154232135785,10331.929361128248,1557.2293578777462
8302.0,4430649.6,4430762.579361127,4430852.226190459,1.0,1.0,1.2602716902394495,202.6261904593557,89.64682933222502
8288.0,4423020.55,4430762.579361127,4430876.376250045,1.0,0.0,68.0337523696611,7855.82625004556,113.79688891861588
8268.0,4418738.97,4418784.084173261,4432250.937935141,0.0,2.0,0.003350015828429968,13511.967935141176,13466.853761879727
8306.0,4432058.04,4432250.980990319,4432356.09475119,1.0,0.0,1.8355445444848815,298.0547511903569,105.1137608718127
8304.0,4431375.16,4432250.937935141,4432356.63635215,1.0,0.0,8.28562962364329,981.4763521496207,105.69841700885445
8308.0,4432241.37,4432251.045433843,4432397.860842074,0.0,1.0,0.0659020327566464,156.4908420741558,146.81540823169053
8309.0,4432386.87,4432386.87,4432469.9218807025,3.0,0.0,0.0,83.05188070237637,83.05188070237637
8289.0,4423135.01,4430876.376250045,4432506.196200997,1.0,0.0,4.749829111815241,9371.18620099686,1629.8199509512633
8305.0,4431526.48,4432250.937935141,4432515.406757031,3.0,0.0,2.7392942955013244,988.926757030189,264.46882188972086
8303.0,4431223.84,4432250.937935141,4432626.133389282,0.0,1.0,2.7375010112855316,1402.2933892821893,375.1954541411251
8293.0,4425557.1,4432506.196200997,4432916.669888606,1.0,0.0,16.929455920705188,7359.5698886066675,410.47368760965765
8311.0,4432755.47,4432916.669888606,4433020.957293129,1.0,1.0,1.5457273037424804,265.4872931288555,104.28740452229977
8310.0,4432675.93,4432916.669888606,4433028.780799801,0.0,1.0,2.147336829575,352.8507998017594,112.11091119516641
8294.0,4425654.1,4432916.669888606,4433112.712235813,1.0,0.0,37.04592396533597,7458.612235813402,196.04234720673412
8307.0,4432112.36,4433112.712235813,4433368.712235813,0.0,0.0,3.9076259211433353,1256.3522358126938,256.0
8290.0,4423418.25,4424301.79197905,4433437.965192313,2.0,1.0,0.09670810288137052,10019.715192313306,9136.173213263042
8312.0,4432871.87,4433368.712235813,4433620.712235813,0.0,0.0,1.9715961738607832,748.8422358129174,252.0
8313.0,4433089.1499999985,4433089.1499999985,4433750.1499999985,0.0,0.0,0.0,661.0,661.0
8300.0,4430444.93,4430762.579361127,4434075.567473426,0.0,1.0,0.09588001838816156,3630.6374734267592,3312.988112299703
8314.0,4433672.12,4433672.12,4438072.674852067,2.0,0.0,0.0,4400.554852066562,4400.554852066562
8315.0,4434226.96,4438072.694012982,4438093.694012982,0.0,0.0,183.13019109437508,3866.7340129818767,21.0
8320.0,4437662.7,4438073.157641294,4438239.391900102,1.0,0.0,2.4691519319740216,576.6919001014903,166.23425880726427
8318.0,4436974.0,4438072.674852067,4438256.674852067,0.0,0.0,5.971058978623224,1282.6748520666733,184.0
8319.0,4437386.25,4438072.995049567,4438286.995049567,0.0,0.0,3.2090890166680457,900.7450495669618,214.0
8322.0,4438244.7,4438244.7,4438416.303556556,1.0,0.0,0.0,171.60355655569583,171.60355655569583
8323.0,4438858.71,4438858.71,4439036.71,0.0,0.0,0.0,178.0,178.0
8324.0,4438917.88,4439036.71,4439221.71,0.0,0.0,0.6423243243247271,303.8300000000745,185.0
8325.0,4439191.42,4439221.71,4439419.71,0.0,0.0,0.15297979797998612,228.29000000003725,198.0
8327.0,4439678.36,4439678.36,4439804.645667251,2.0,1.0,0.0,126.28566725086421,126.28566725086421
8326.0,4439386.39,4439678.444028342,4439970.562114014,1.0,0.0,0.9997807142631303,584.1721140146255,292.1180856721476
8328.0,4439764.69,4439804.645667251,4439979.229544994,0.0,1.0,0.2288622968356594,214.53954499401152,174.58387774322182
8329.0,4440045.02,4440045.02,4440180.02,0.0,0.0,0.0,135.0,135.0
8330.0,4440051.81,4440180.0393593125,4440302.0393593125,0.0,0.0,1.0510603222370025,250.2293593129143,122.0
8331.0,4440146.87,4440180.02,4440336.02,0.0,0.0,0.212499999996418,189.1499999994412,156.0
8332.0,4441004.35,4441004.35,4441324.74013842,1.0,2.0,0.0,320.39013842027634,320.39013842027634
8301.0,4430617.59,4430762.579361127,4443086.579361127,0.0,0.0,0.011764797235224535,12468.989361126907,12324.0
8335.0,4442960.84,4443086.5945807705,4443183.5945807705,0.0,0.0,1.2964389770166929,222.7545807706192,97.0
8333.0,4441489.35,4441489.35,4443998.35,0.0,0.0,0.0,2509.0,2509.0
8338.0,4444557.46,4444557.46,4446762.46,0.0,0.0,0.0,2205.0,2205.0
8334.0,4442571.87,4443086.579361127,4452645.4487333745,2.0,1.0,0.05384625953996222,10073.578733374365,9558.869372247718
8336.0,4443033.59,4443086.644380117,4457277.747426431,0.0,1.0,0.0037385663358117274,14244.157426430844,14191.10304631386
8339.0,4454610.54,4454610.54,4464473.553135644,1.0,0.0,0.0,9863.013135643676,9863.013135643676
8340.0,4458717.52,4464473.553135644,4464506.2081222525,0.0,0.0,176.26812114807842,5788.688122252934,32.65498660877347
8342.0,4460376.22,4464473.686885103,4464572.35054497,1.0,0.0,41.52964618006812,4196.130544969812,98.66365986689925
8341.0,4460258.85,4464473.6001747325,4464677.182069578,1.0,1.0,20.702971538443098,4418.332069578581,203.58189484570175
8281.0,4421040.78,4421269.786040119,4466453.875483538,1.0,0.0,0.005068289367774091,45413.09548353776,45184.08944341913
8282.0,4421084.43,4421269.883288462,4470509.896033478,1.0,0.0,0.0037663127632066537,49425.46603347827,49240.012745016254
8344.0,4466603.62,4466603.62,4478856.62,0.0,0.0,0.0,12253.0,12253.0
8175.0,4352366.72,4352366.72,4487884.077015731,3.0,3.0,0.0,135517.3570157308,135517.3570157308
8317.0,4436801.34,4438072.853202963,4494311.85483215,0.0,1.0,0.022609099844039724,57510.51483215019,56239.001629186794
8345.0,4478664.6,4478664.6,4496533.745314199,3.0,0.0,0.0,17869.14531419892,17869.14531419892
8321.0,4437773.28,4438073.355229361,4498745.623016521,0.0,1.0,0.004945838359188955,60972.343016521074,60672.26778716035
8271.0,4418833.06,4427007.79197905,4519814.547591789,21.0,41.0,0.08808337200324057,100981.4875917891,92806.75561273843
8247.0,4415819.27,4416219.165553694,4553837.258770183,1.0,1.0,0.0029058355943431436,138017.98877018318,137618.09321648907
8278.0,4419712.85,4419712.85,4575922.205166179,1.0,1.0,0.0,156209.35516617913,156209.35516617913
8343.0,4460563.43,4464473.778975468,4637273.778975468,0.0,0.0,0.02262933434877562,176710.34897546843,172800.0
8346.0,4665533.16,4665533.16,4665714.903372864,2.0,1.0,0.0,181.7433728640899,181.7433728640899
8347.0,4665651.5,4665651.5,4665771.52899499,3.0,0.0,0.0,120.0289949895814,120.0289949895814
8348.0,4665702.91,4665702.91,4665822.321700981,1.0,0.0,0.0,119.4117009807378,119.4117009807378
8349.0,4666052.11,4666052.11,4666163.212880969,1.0,0.0,0.0,111.10288096871227,111.10288096871227
8292.0,4424065.24,4424301.79197905,4666211.914863094,1.0,2.0,0.0009778506836748968,242146.67486309353,241910.1228840435
8350.0,4666178.21,4666178.21,4666337.09207643,2.0,0.0,0.0,158.88207643013448,158.88207643013448
8351.0,4666300.43,4666300.43,4666459.901941599,1.0,0.0,0.0,159.47194159962237,159.47194159962237
8352.0,4666451.75,4666451.75,4666601.438334197,1.0,0.0,0.0,149.68833419680595,149.68833419680595
8353.0,4666537.11,4666537.11,4666700.338316071,1.0,1.0,0.0,163.22831607051194,163.22831607051194
8354.0,4667300.5,4667300.5,4667446.5,0.0,0.0,0.0,146.0,146.0
8355.0,4667743.79,4667743.79,4667842.650491542,1.0,0.0,0.0,98.86049154214561,98.86049154214561
8356.0,4668168.6499999985,4668168.6499999985,4668272.6499999985,0.0,0.0,0.0,104.0,104.0
8357.0,4668484.87,4668484.87,4668588.87,0.0,0.0,0.0,104.0,104.0
8358.0,4668855.41,4668855.41,4669057.400478275,1.0,2.0,0.0,201.99047827441245,201.99047827441245
8359.0,4668952.41,4668952.41,4669107.139466892,1.0,0.0,0.0,154.72946689184755,154.72946689184755
8360.0,4669080.45,4669080.45,4669201.8354883995,1.0,0.0,0.0,121.38548839930445,121.38548839930445
8361.0,4669447.11,4669447.11,4669527.873641426,1.0,0.0,0.0,80.76364142540842,80.76364142540842
8362.0,4669513.07,4669513.07,4669614.64547674,1.0,0.0,0.0,101.5754767395556,101.5754767395556
8363.0,4669574.18,4669574.18,4669674.515163355,1.0,0.0,0.0,100.33516335487366,100.33516335487366
8365.0,4669703.19,4669703.19,4670103.19,0.0,0.0,0.0,400.0,400.0
8364.0,4669603.28,4669603.28,4670214.343303214,2.0,0.0,0.0,611.0633032135665,611.0633032135665
8366.0,4670300.71,4670300.71,4670778.243565763,1.0,0.0,0.0,477.5335657633841,477.5335657633841
8368.0,4670860.3999999985,4670860.3999999985,4670963.789359428,0.0,1.0,0.0,103.38935942947865,103.38935942947865
8369.0,4671202.81,4671202.81,4671317.81,0.0,0.0,0.0,115.0,115.0
8316.0,4434955.43,4438072.759722962,4671448.768738449,1.0,1.0,0.01335754148900318,236493.33873844892,233376.00901548658
8370.0,4671417.18,4671417.18,4671533.440909273,3.0,0.0,0.0,116.26090927328914,116.26090927328914
8367.0,4670647.0,4670647.0,4671771.171329165,1.0,0.0,0.0,1124.1713291648775,1124.1713291648775
8371.0,4672026.34,4672026.34,4672229.623736791,1.0,0.0,0.0,203.2837367914617,203.2837367914617
8372.0,4672164.08,4672164.08,4672259.36896299,2.0,0.0,0.0,95.28896299004555,95.28896299004555
8373.0,4672273.69,4672273.69,4672396.401133753,1.0,0.0,0.0,122.71113375294954,122.71113375294954
8374.0,4672367.78,4672367.78,4672470.244399389,1.0,0.0,0.0,102.4643993889913,102.4643993889913
8376.0,4675680.33,4675680.33,4677330.874709166,1.0,0.0,0.0,1650.5447091655806,1650.5447091655806
8377.0,4677281.8,4677281.8,4677577.081511232,1.0,1.0,0.0,295.2815112322569,295.2815112322569
8378.0,4677555.34,4677555.34,4677702.087102086,1.0,0.0,0.0,146.74710208643228,146.74710208643228
8380.0,4678817.31,4678817.31,4678987.31,0.0,0.0,0.0,170.0,170.0
8379.0,4678492.36,4678492.36,4679057.337997448,2.0,1.0,0.0,564.977997447364,564.977997447364
8381.0,4679081.1499999985,4679081.1499999985,4679197.1499999985,0.0,0.0,0.0,116.0,116.0
8382.0,4679230.53,4679230.53,4679406.300396744,1.0,0.0,0.0,175.77039674390107,175.77039674390107
8383.0,4679388.64,4679388.64,4679493.210330624,3.0,0.0,0.0,104.57033062446862,104.57033062446862
8384.0,4679475.94,4679475.94,4679570.94,0.0,0.0,0.0,95.0,95.0
8386.0,4680212.17,4680212.17,4680308.911146165,3.0,0.0,0.0,96.74114616494626,96.74114616494626
8385.0,4679594.28,4679594.28,4680837.430281409,1.0,0.0,0.0,1243.1502814088017,1243.1502814088017
8389.0,4681703.06,4681703.06,4681875.06,0.0,0.0,0.0,172.0,172.0
8391.0,4683470.3999999985,4683470.3999999985,4683493.3999999985,0.0,0.0,0.0,23.0,23.0
8392.0,4683717.75,4683717.75,4683767.0220982535,1.0,0.0,0.0,49.27209825348109,49.27209825348109
8394.0,4685557.84,4685557.84,4685666.478321648,1.0,1.0,0.0,108.63832164835185,108.63832164835185
8396.0,4686690.8,4686690.8,4686803.8,0.0,0.0,0.0,113.0,113.0
8397.0,4687186.47,4687186.47,4687258.47,0.0,0.0,0.0,72.0,72.0
8395.0,4686485.16,4686485.16,4687396.964095594,3.0,0.0,0.0,911.8040955942124,911.8040955942124
8402.0,4687394.05,4687394.05,4687417.05,0.0,0.0,0.0,23.0,23.0
8403.0,4687432.85,4687432.85,4687456.85,0.0,0.0,0.0,24.0,24.0
8400.0,4687322.27,4687322.27,4688452.20695657,1.0,0.0,0.0,1129.9369565704837,1129.9369565704837
8401.0,4687354.28,4687354.28,4688528.388800225,1.0,0.0,0.0,1174.1088002249599,1174.1088002249599
8399.0,4687300.93,4687300.93,4688575.905065577,1.0,0.0,0.0,1274.975065576844,1274.975065576844
8393.0,4685203.79,4685203.79,4688726.812954301,1.0,0.0,0.0,3523.0229543009773,3523.0229543009773
8398.0,4687286.38,4687286.38,4689099.6912477715,3.0,0.0,0.0,1813.3112477716058,1813.3112477716058
8407.0,4689090.58,4689090.58,4689156.58,0.0,0.0,0.0,66.0,66.0
8408.0,4689205.04,4689205.04,4689326.04,0.0,0.0,0.0,121.0,121.0
8409.0,4690096.47,4690096.47,4690222.093651956,3.0,0.0,0.0,125.62365195620805,125.62365195620805
8388.0,4681428.55,4681428.55,4690898.616134367,2.0,0.0,0.0,9470.066134367138,9470.066134367138
8387.0,4681402.36,4681402.36,4692875.591330067,1.0,1.0,0.0,11473.23133006692,11473.23133006692
8413.0,4692823.14,4692823.14,4692924.914329283,1.0,0.0,0.0,101.77432928327471,101.77432928327471
8414.0,4692915.29,4692915.29,4693047.638966857,1.0,0.0,0.0,132.34896685741842,132.34896685741842
8404.0,4687465.83,4687465.83,4693053.2504017465,1.0,0.0,0.0,5587.420401746407,5587.420401746407
8416.0,4693570.04,4693570.04,4693651.846846526,1.0,0.0,0.0,81.80684652552009,81.80684652552009
8418.0,4693684.5,4693684.5,4693731.846691169,1.0,0.0,0.0,47.3466911688447,47.3466911688447
8419.0,4693710.69,4693710.69,4693768.69,0.0,0.0,0.0,58.0,58.0
8420.0,4693818.36,4693818.36,4693880.307733898,1.0,0.0,0.0,61.94773389771581,61.94773389771581
8421.0,4693825.1499999985,4693825.1499999985,4693925.265563702,1.0,0.0,0.0,100.1155637037009,100.1155637037009
8422.0,4693847.46,4693847.46,4693940.702073955,1.0,1.0,0.0,93.24207395501435,93.24207395501435
8423.0,4693871.71,4693871.71,4693957.71,0.0,0.0,0.0,86.0,86.0
8410.0,4690915.1499999985,4690915.1499999985,4694009.156965808,1.0,0.0,0.0,3094.0069658095017,3094.0069658095017
8417.0,4693611.75,4693611.75,4694122.237213661,1.0,0.0,0.0,510.4872136609629,510.4872136609629
8428.0,4695136.59,4695136.59,4695312.59,0.0,0.0,0.0,176.0,176.0
8429.0,4695388.79,4695388.79,4695595.288505972,0.0,1.0,0.0,206.4985059723258,206.4985059723258
8425.0,4694031.76,4694031.76,4695715.460238653,1.0,0.0,0.0,1683.7002386534587,1683.7002386534587
8424.0,4694012.36,4694012.36,4695733.901718661,1.0,0.0,0.0,1721.5417186608538,1721.5417186608538
8405.0,4687495.8999999985,4687495.8999999985,4695749.79931331,2.0,0.0,0.0,8253.899313311093,8253.899313311093
8432.0,4696605.17,4696605.17,4696666.756016696,0.0,1.0,0.0,61.586016695946455,61.586016695946455
8434.0,4696680.83,4696680.83,4697323.331021991,1.0,0.0,0.0,642.5010219905525,642.5010219905525
8437.0,4697441.31,4697441.31,4697803.14806092,1.0,0.0,0.0,361.83806092012674,361.83806092012674
8427.0,4694067.6499999985,4694067.6499999985,4698174.6499999985,0.0,0.0,0.0,4107.0,4107.0
8426.0,4694052.13,4694052.13,4698175.13,0.0,0.0,0.0,4123.0,4123.0
8412.0,4692418.6499999985,4692418.6499999985,4698496.8111115275,1.0,0.0,0.0,6078.161111528985,6078.161111528985
8440.0,4697938.92,4697938.92,4698624.167479271,1.0,0.0,0.0,685.2474792711437,685.2474792711437
8430.0,4696352.0,4696352.0,4699289.765261277,1.0,0.0,0.0,2937.765261276625,2937.765261276625
8433.0,4696627.48,4696627.48,4699415.693869897,3.0,0.0,0.0,2788.2138698967174,2788.2138698967174
8431.0,4696569.28,4696569.28,4699909.8040136555,1.0,0.0,0.0,3340.52401365526,3340.52401365526
8442.0,4700381.38,4700381.38,4700473.798085636,1.0,0.0,0.0,92.41808563657105,92.41808563657105
8443.0,4701780.12,4701780.12,4701845.4512505215,3.0,0.0,0.0,65.33125052135438,65.33125052135438
8445.0,4702896.59,4702896.59,4702935.90142072,1.0,0.0,0.0,39.3114207200706,39.3114207200706
8415.0,4693310.08,4693310.08,4703147.065403162,1.0,0.0,0.0,9836.985403161496,9836.985403161496
8447.0,4704574.69,4704574.69,4704803.176016805,1.0,2.0,0.0,228.4860168043524,228.4860168043524
8449.0,4707611.76,4707611.76,4707659.162977884,0.0,1.0,0.0,47.402977883815765,47.402977883815765
8450.0,4707659.29,4707659.29,4708620.873121976,0.0,1.0,0.0,961.5831219758838,961.5831219758838
8452.0,4708665.18,4708665.18,4708688.18,0.0,0.0,0.0,23.0,23.0
8453.0,4708728.23,4708728.23,4708792.721349455,1.0,1.0,0.0,64.49134945496917,64.49134945496917
8337.0,4443768.85,4443768.85,4711604.878180755,1.0,1.0,0.0,267836.0281807557,267836.0281807557
8446.0,4703354.43,4703354.43,4711938.431840082,2.0,0.0,0.0,8584.001840081997,8584.001840081997
8448.0,4705174.1499999985,4705174.1499999985,4712119.727416503,1.0,0.0,0.0,6945.577416504733,6945.577416504733
8451.0,4708469.24,4708469.24,4718869.061446939,2.0,0.0,0.0,10399.82144693844,10399.82144693844
8454.0,4714346.47,4714346.47,4723241.17510249,2.0,0.0,0.0,8894.705102490261,8894.705102490261
8438.0,4697451.98,4697451.98,4725947.445549128,1.0,0.0,0.0,28495.4655491272,28495.4655491272
8439.0,4697463.62,4697463.62,4726202.788226484,1.0,0.0,0.0,28739.16822648421,28739.16822648421
8455.0,4717080.8999999985,4717080.8999999985,4731489.797647848,0.0,1.0,0.0,14408.897647849284,14408.897647849284
8456.0,4725419.02,4725419.02,4732846.408726642,1.0,0.0,0.0,7427.388726642355,7427.388726642355
8457.0,4729014.81,4729014.81,4738225.184355855,2.0,0.0,0.0,9210.374355855398,9210.374355855398
8459.0,4738971.86,4738971.86,4739115.86,0.0,0.0,0.0,144.0,144.0
8460.0,4739278.38,4739278.38,4739404.720059461,1.0,1.0,0.0,126.34005946107209,126.34005946107209
8461.0,4739525.73,4739525.73,4739646.73,0.0,0.0,0.0,121.0,121.0
8462.0,4739984.54,4739984.54,4740117.54,0.0,0.0,0.0,133.0,133.0
8463.0,4740891.49,4740891.49,4740975.545694257,1.0,0.0,0.0,84.05569425690919,84.05569425690919
8465.0,4742093.32,4742093.32,4742224.095740594,3.0,0.0,0.0,130.7757405936718,130.7757405936718
8466.0,4742508.48,4742508.48,4742601.849777675,2.0,0.0,0.0,93.36977767478675,93.36977767478675
8458.0,4736424.64,4736424.64,4742885.393883042,1.0,0.0,0.0,6460.753883042373,6460.753883042373
8467.0,4743001.24,4743001.24,4743146.24,0.0,0.0,0.0,145.0,145.0
8468.0,4743232.1,4743232.1,4743399.1,0.0,0.0,0.0,167.0,167.0
8444.0,4701850.93,4701850.93,4745846.338510315,1.0,0.0,0.0,43995.40851031523,43995.40851031523
8390.0,4683186.19,4683186.19,4745952.714455438,1.0,0.0,0.0,62766.52445543744,62766.52445543744
8470.0,4746811.3999999985,4746811.3999999985,4746861.86107102,1.0,0.0,0.0,50.46107102185488,50.46107102185488
8469.0,4746801.7,4746801.7,4749768.702011221,1.0,0.0,0.0,2967.002011220902,2967.002011220902
8471.0,4747354.6,4747354.6,4753218.5665677795,1.0,0.0,0.0,5863.966567779891,5863.966567779891
8464.0,4740924.47,4740924.47,4753822.4028627565,0.0,1.0,0.0,12897.932862756774,12897.932862756774
8474.0,4747941.45,4747941.45,4754142.02593276,2.0,0.0,0.0,6200.575932759792,6200.575932759792
8482.0,4754369.64,4754369.64,4754547.64,0.0,0.0,0.0,178.0,178.0
8483.0,4754916.72,4754916.72,4754992.388452685,2.0,1.0,0.0,75.66845268569887,75.66845268569887
8484.0,4755294.05,4755294.05,4755416.05,0.0,0.0,0.0,122.0,122.0
8485.0,4755566.62,4755566.62,4755687.62,0.0,0.0,0.0,121.0,121.0
8478.0,4753540.29,4753540.29,4756558.986369548,1.0,0.0,0.0,3018.696369548328,3018.696369548328
8479.0,4753587.82,4753587.82,4756733.7120737,1.0,0.0,0.0,3145.892073699273,3145.892073699273
8481.0,4753682.88,4753682.88,4757212.312660444,1.0,0.0,0.0,3529.4326604437083,3529.4326604437083
8476.0,4753421.95,4753421.95,4758099.827484515,2.0,0.0,0.0,4677.877484514378,4677.877484514378
8480.0,4753638.26,4753638.26,4758654.186051435,1.0,0.0,0.0,5015.926051435061,5015.926051435061
8477.0,4753485.97,4753485.97,4759070.702219477,1.0,0.0,0.0,5584.732219477184,5584.732219477184
8475.0,4752879.72,4752879.72,4759527.081742538,1.0,0.0,0.0,6647.3617425384,6647.3617425384
8489.0,4761212.99,4761212.99,4761245.99,0.0,0.0,0.0,33.0,33.0
8488.0,4761193.59,4761193.59,4761254.568185072,1.0,0.0,0.0,60.97818507254124,60.97818507254124
8487.0,4761175.16,4761175.16,4761261.7962457305,1.0,0.0,0.0,86.63624573033303,86.63624573033303
8490.0,4761302.23,4761302.23,4761357.23,0.0,0.0,0.0,55.0,55.0
8492.0,4761410.87,4761410.87,4761433.87,0.0,0.0,0.0,23.0,23.0
8495.0,4762629.19,4762629.19,4762785.42419432,1.0,0.0,0.0,156.23419431969523,156.23419431969523
8496.0,4762760.14,4762760.14,4763154.594550589,0.0,1.0,0.0,394.4545505894348,394.4545505894348
8497.0,4763170.45,4763170.45,4763583.45,0.0,0.0,0.0,413.0,413.0
8498.0,4763848.48,4763848.48,4764277.48,0.0,0.0,0.0,429.0,429.0
8436.0,4696811.78,4696811.78,4765606.247451113,2.0,1.0,0.0,68794.46745111234,68794.46745111234
8500.0,4765596.42,4765596.42,4765716.672988593,2.0,1.0,0.0,120.25298859272152,120.25298859272152
8501.0,4765745.8,4765745.8,4765914.8,0.0,0.0,0.0,169.0,169.0
8486.0,4758305.8999999985,4758305.8999999985,4767868.677237847,1.0,0.0,0.0,9562.777237848379,9562.777237848379
8503.0,4773688.16,4773688.16,4773764.16141524,0.0,1.0,0.0,76.00141523964703,76.00141523964703
8499.0,4764794.23,4764794.23,4774430.654188321,3.0,0.0,0.0,9636.424188320525,9636.424188320525
8505.0,4774476.77,4774476.77,4774498.77,0.0,0.0,0.0,22.0,22.0
8504.0,4774454.46,4774454.46,4774546.893865354,2.0,0.0,0.0,92.4338653543964,92.4338653543964
8506.0,4774826.94,4774826.94,4774940.630185478,3.0,0.0,0.0,113.69018547795713,113.69018547795713
8507.0,4774880.29,4774880.29,4775215.525259958,2.0,1.0,0.0,335.23525995761156,335.23525995761156
8508.0,4775291.57,4775291.57,4775414.57,0.0,0.0,0.0,123.0,123.0
8512.0,4775890.06,4775890.06,4775967.06,0.0,0.0,0.0,77.0,77.0
8511.0,4775871.63,4775871.63,4776036.518820942,2.0,1.0,0.0,164.8888209424913,164.8888209424913
8513.0,4776063.69,4776063.69,4776399.69,0.0,0.0,0.0,336.0,336.0
8514.0,4776501.16,4776501.16,4776647.659659211,0.0,1.0,0.0,146.4996592104435,146.4996592104435
8435.0,4696765.22,4696765.22,4777262.389881774,1.0,1.0,0.0,80497.16988177411,80497.16988177411
8502.0,4769293.09,4769293.09,4777385.079271822,1.0,0.0,0.0,8091.9892718223855,8091.9892718223855
8517.0,4778684.63,4778684.63,4778988.63,0.0,0.0,0.0,304.0,304.0
8518.0,4780661.49,4780661.49,4780782.49,0.0,0.0,0.0,121.0,121.0
8515.0,4776758.21,4776758.21,4781653.913691731,1.0,1.0,0.0,4895.703691731207,4895.703691731207
8519.0,4781865.26,4781865.26,4781998.26,0.0,0.0,0.0,133.0,133.0
8520.0,4782589.85,4782589.85,4782707.374768047,3.0,0.0,0.0,117.52476804703474,117.52476804703474
8516.0,4777613.75,4777613.75,4783978.869466062,1.0,0.0,0.0,6365.119466061704,6365.119466061704
8521.0,4783805.26,4783805.26,4784130.139798908,3.0,0.0,0.0,324.8797989077866,324.8797989077866
8522.0,4784264.07,4784264.07,4784389.203004592,1.0,0.0,0.0,125.13300459180027,125.13300459180027
8472.0,4747397.28,4747397.28,4788094.502046465,1.0,0.0,0.0,40697.22204646468,40697.22204646468
8473.0,4747453.54,4747453.54,4790766.177814514,1.0,0.0,0.0,43312.63781451434,43312.63781451434
8493.0,4761840.58,4761840.58,4796925.239475546,1.0,0.0,0.0,35084.65947554633,35084.65947554633
8523.0,4788692.12,4788692.12,4797942.498397102,1.0,0.0,0.0,9250.378397101536,9250.378397101536
8491.0,4761400.2,4761400.2,4798415.576183539,3.0,0.0,0.0,37015.3761835387,37015.3761835387
8509.0,4775468.1099999985,4775468.1099999985,4803703.14088059,1.0,0.0,0.0,28235.030880591832,28235.030880591832
8510.0,4775471.99,4775471.99,4805694.855242693,1.0,0.0,0.0,30222.865242692642,30222.865242692642
8375.0,4672551.11,4672551.11,4809185.97447786,1.0,0.0,0.0,136634.8644778598,136634.8644778598
8411.0,4691713.46,4691713.46,4810582.227443604,1.0,0.0,0.0,118868.76744360384,118868.76744360384
8525.0,4800608.57,4800608.57,4810621.087158562,1.0,0.0,0.0,10012.517158561386,10012.517158561386
8527.0,4803189.74,4803189.74,4813511.89441316,1.0,0.0,0.0,10322.154413159937,10322.154413159937
8406.0,4688231.16,4688231.16,4824270.624497082,1.0,0.0,0.0,136039.46449708194,136039.46449708194
8528.0,4812524.05,4812524.05,4824609.976073212,1.0,0.0,0.0,12085.926073212177,12085.926073212177
8530.0,4829045.09,4829045.09,4829116.781907701,3.0,0.0,0.0,71.69190770108253,71.69190770108253
8531.0,4829157.6099999985,4829157.6099999985,4829225.6099999985,0.0,0.0,0.0,68.0,68.0
8532.0,4831592.31,4831592.31,4831615.31,0.0,0.0,0.0,23.0,23.0
8529.0,4824419.16,4824419.16,4832515.920153388,1.0,0.0,0.0,8096.760153387673,8096.760153387673
8535.0,4832951.28,4832951.28,4832989.016208451,1.0,0.0,0.0,37.736208450980484,37.736208450980484
8534.0,4832776.68,4832776.68,4834387.068960111,2.0,0.0,0.0,1610.388960110955,1610.388960110955
8533.0,4832720.42,4832720.42,4834448.995210256,2.0,1.0,0.0,1728.575210256502,1728.575210256502
8538.0,4834944.63,4834944.63,4835013.313530626,1.0,1.0,0.0,68.68353062588722,68.68353062588722
8539.0,4834956.27,4834956.27,4835186.620938393,1.0,0.0,0.0,230.3509383937344,230.3509383937344
8540.0,4835165.79,4835165.79,4835204.427906871,1.0,0.0,0.0,38.63790687080473,38.63790687080473
8524.0,4791638.98,4791638.98,4835213.295084473,2.0,1.0,0.0,43574.3150844723,43574.3150844723
8542.0,4835290.92,4835290.92,4835312.92,0.0,0.0,0.0,22.0,22.0
8541.0,4835286.07,4835286.07,4835332.0751932,0.0,1.0,0.0,46.00519319996238,46.00519319996238
8536.0,4833741.83,4833741.83,4835774.358941338,1.0,0.0,0.0,2032.5289413379505,2032.5289413379505
8544.0,4836265.77,4836265.77,4836307.211138082,1.0,0.0,0.0,41.4411380821839,41.4411380821839
8543.0,4836262.8599999985,4836262.8599999985,4836312.314366098,0.0,1.0,0.0,49.454366099089384,49.454366099089384
8547.0,4837754.72,4837754.72,4837791.426402834,1.0,0.0,0.0,36.70640283450484,36.70640283450484
8545.0,4837725.62,4837725.62,4837814.49015062,2.0,0.0,0.0,88.87015062011778,88.87015062011778
8548.0,4837951.63,4837951.63,4838024.167220256,1.0,1.0,0.0,72.53722025640309,72.53722025640309
8549.0,4838003.04,4838003.04,4838039.709175774,1.0,0.0,0.0,36.669175773859024,36.669175773859024
8552.0,4838218.38,4838218.38,4838246.577316044,1.0,0.0,0.0,28.197316044010222,28.197316044010222
8551.0,4838216.44,4838216.44,4838275.42225251,1.0,1.0,0.0,58.98225250933319,58.98225250933319
8555.0,4838898.35,4838898.35,4839009.258869463,1.0,1.0,0.0,110.90886946301907,110.90886946301907
8556.0,4839019.6,4839019.6,4839133.554066724,1.0,0.0,0.0,113.95406672451645,113.95406672451645
8557.0,4839123.39,4839123.39,4839218.464866917,2.0,0.0,0.0,95.07486691698432,95.07486691698432
8558.0,4839223.3,4839223.3,4839317.987838304,1.0,0.0,0.0,94.68783830385655,94.68783830385655
8559.0,4839296.05,4839296.05,4839421.529317054,1.0,0.0,0.0,125.47931705415249,125.47931705415249
8560.0,4839480.35,4839480.35,4839606.731427833,3.0,0.0,0.0,126.38142783381045,126.38142783381045
8561.0,4839750.98,4839750.98,4839886.98,0.0,0.0,0.0,136.0,136.0
8562.0,4840495.94,4840495.94,4840619.405036888,3.0,0.0,0.0,123.46503688767552,123.46503688767552
8563.0,4840817.98,4840817.98,4840952.98,0.0,0.0,0.0,135.0,135.0
8564.0,4841232.17,4841232.17,4841340.398697496,1.0,0.0,0.0,108.22869749646634,108.22869749646634
8565.0,4841308.8,4841308.8,4841426.498684705,1.0,0.0,0.0,117.69868470542133,117.69868470542133
8566.0,4841820.96,4841820.96,4841967.96,0.0,0.0,0.0,147.0,147.0
8567.0,4842036.3,4842036.3,4842155.915313255,1.0,0.0,0.0,119.6153132552281,119.6153132552281
8568.0,4842210.8999999985,4842210.8999999985,4842340.982555829,1.0,0.0,0.0,130.08255583047867,130.08255583047867
8569.0,4842333.12,4842333.12,4842463.036048283,2.0,0.0,0.0,129.9160482827574,129.9160482827574
8546.0,4837751.81,4837751.81,4847191.620340403,1.0,0.0,0.0,9439.81034040358,9439.81034040358
8550.0,4838081.6099999985,4838081.6099999985,4847731.344251789,1.0,0.0,0.0,9649.73425179068,9649.73425179068
8571.0,4849045.52,4849045.52,4849068.994185818,1.0,0.0,0.0,23.47418581880629,23.47418581880629
8572.0,4849055.22,4849055.22,4849108.102506209,0.0,1.0,0.0,52.88250620942563,52.88250620942563
8575.0,4849504.33,4849504.33,4849561.33,0.0,0.0,0.0,57.0,57.0
8576.0,4849646.92,4849646.92,4849689.302418683,1.0,1.0,0.0,42.38241868279874,42.38241868279874
8578.0,4849934.04,4849934.04,4849957.04,0.0,0.0,0.0,23.0,23.0
8577.0,4849910.76,4849910.76,4849961.119329983,1.0,0.0,0.0,50.35932998359203,50.35932998359203
8580.0,4850345.32,4850345.32,4850374.761790783,1.0,0.0,0.0,29.44179078284651,29.44179078284651
8581.0,4850419.04,4850419.04,4850451.958656256,1.0,1.0,0.0,32.91865625604987,32.91865625604987
8582.0,4850495.67,4850495.67,4850528.67,0.0,0.0,0.0,33.0,33.0
8494.0,4762274.17,4762274.17,4851020.149593888,1.0,0.0,0.0,88745.97959388793,88745.97959388793
8583.0,4851100.95,4851100.95,4851133.95,0.0,0.0,0.0,33.0,33.0
8584.0,4851822.63,4851822.63,4851855.63,0.0,0.0,0.0,33.0,33.0
8585.0,4851881.8,4851881.8,4851910.180050937,1.0,0.0,0.0,28.380050937645137,28.380050937645137
8573.0,4849072.68,4849072.68,4852178.880273235,1.0,0.0,0.0,3106.2002732353285,3106.2002732353285
8574.0,4849271.53,4849271.53,4852189.385003412,1.0,0.0,0.0,2917.8550034118816,2917.8550034118816
8588.0,4852633.55,4852633.55,4852743.889083221,1.0,2.0,0.0,110.3390832208097,110.3390832208097
8589.0,4852818.82,4852818.82,4852972.482346499,1.0,0.0,0.0,153.66234649904072,153.66234649904072
8590.0,4852950.74,4852950.74,4853095.74,0.0,0.0,0.0,145.0,145.0
8591.0,4853264.05,4853264.05,4853297.05,0.0,0.0,0.0,33.0,33.0
8594.0,4853409.55,4853409.55,4853490.816220323,1.0,0.0,0.0,81.26622032281011,81.26622032281011
8592.0,4853407.6099999985,4853407.6099999985,4853536.880832852,1.0,0.0,0.0,129.27083285339177,129.27083285339177
8595.0,4853410.52,4853410.52,4853555.52,0.0,0.0,0.0,145.0,145.0
8593.0,4853408.58,4853408.58,4853562.585403809,1.0,1.0,0.0,154.0054038092494,154.0054038092494
8596.0,4854239.87,4854239.87,4854323.143428768,2.0,0.0,0.0,83.27342876791954,83.27342876791954
8587.0,4852046.7,4852046.7,4854613.131183483,1.0,0.0,0.0,2566.4311834825203,2566.4311834825203
8598.0,4854695.77,4854695.77,4854855.4038083935,1.0,0.0,0.0,159.63380839396268,159.63380839396268
8599.0,4855167.19,4855167.19,4855236.268615609,3.0,0.0,0.0,69.07861560862511,69.07861560862511
8602.0,4855270.01,4855270.01,4855321.320314254,1.0,1.0,0.0,51.310314253903925,51.310314253903925
8603.0,4855360.22,4855360.22,4855409.207623877,2.0,0.0,0.0,48.98762387689203,48.98762387689203
8570.0,4846901.82,4846901.82,4855952.285741716,3.0,0.0,0.0,9050.465741715394,9050.465741715394
8606.0,4858608.75,4858608.75,4858754.155058173,1.0,0.0,0.0,145.40505817346275,145.40505817346275
8607.0,4858806.63,4858806.63,4858945.820364982,1.0,0.0,0.0,139.19036498200148,139.19036498200148
8610.0,4859834.83,4859834.83,4860011.83,0.0,0.0,0.0,177.0,177.0
8611.0,4860531.29,4860531.29,4861147.823222372,2.0,1.0,0.0,616.5332223717123,616.5332223717123
8526.0,4802126.62,4802126.62,4861250.096285326,2.0,1.0,0.0,59123.476285326295,59123.476285326295
8613.0,4862747.74,4862747.74,4862881.413655479,3.0,0.0,0.0,133.67365547921509,133.67365547921509
8614.0,4863471.3599999985,4863471.3599999985,4863565.997691471,1.0,1.0,0.0,94.63769147265702,94.63769147265702
8615.0,4863493.67,4863493.67,4863573.67,0.0,0.0,0.0,80.0,80.0
8579.0,4850120.28,4850120.28,4864592.447556621,1.0,0.0,0.0,14472.167556621134,14472.167556621134
8605.0,4857669.79,4857669.79,4866467.348774645,3.0,0.0,0.0,8797.558774644509,8797.558774644509
8441.0,4700264.01,4700264.01,4868334.292005701,1.0,1.0,0.0,168070.2820057012,168070.2820057012
8616.0,4863610.07,4863610.07,4869890.750352509,3.0,0.0,0.0,6280.680352509022,6280.680352509022
8617.0,4863626.56,4866467.348774645,4871324.761052358,2.0,3.0,0.5848358369082541,7698.201052358374,4857.412277713418
8586.0,4851897.32,4851897.32,4876648.927097679,1.0,0.0,0.0,24751.607097678818,24751.607097678818
8619.0,4867661.76,4868334.292005701,4880134.944314307,1.0,0.0,0.056991087281740425,12473.184314306825,11800.652308605611
8620.0,4868650.19,4869890.750352509,4880383.089319173,1.0,0.0,0.11823487179077957,11732.899319172837,10492.338966663927
8553.0,4838374.55,4838374.55,4883821.233031647,1.0,0.0,0.0,45446.683031647466,45446.683031647466
8621.0,4879543.29,4879543.29,4886028.158305358,1.0,0.0,0.0,6484.868305358104,6484.868305358104
8600.0,4855171.07,4855171.07,4888390.574929938,1.0,0.0,0.0,33219.50492993742,33219.50492993742
8608.0,4858900.72,4858900.72,4888426.840641456,1.0,0.0,0.0,29526.120641455986,29526.120641455986
8609.0,4858929.82,4858929.82,4888856.735584543,1.0,0.0,0.0,29926.91558454279,29926.91558454279
8623.0,4888877.6,4888877.6,4888929.032265832,1.0,0.0,0.0,51.43226583208889,51.43226583208889
8604.0,4855439.76,4855439.76,4889126.116442718,1.0,0.0,0.0,33686.356442717835,33686.356442717835
8622.0,4879632.53,4879632.53,4889911.062435472,1.0,0.0,0.0,10278.532435472123,10278.532435472123
8612.0,4861114.26,4861114.26,4890095.303490289,1.0,0.0,0.0,28981.04349028878,28981.04349028878
8624.0,4888920.28,4888920.28,4890945.28,0.0,0.0,0.0,2025.0,2025.0
8618.0,4865041.79,4866467.370240415,4895224.356591441,3.0,0.0,0.04957335316760625,30182.5665914407,28756.98635102529
8601.0,4855175.92,4855175.92,4902122.948801892,3.0,0.0,0.0,46947.02880189195,46947.02880189195
8625.0,4891569.35,4891569.35,4903667.278553085,1.0,0.0,0.0,12097.928553085774,12097.928553085774
8537.0,4833812.64,4833812.64,4905957.5193832135,1.0,0.0,0.0,72144.87938321382,72144.87938321382
8626.0,4903459.6099999985,4903459.6099999985,4913869.346254317,1.0,0.0,0.0,10409.736254318617,10409.736254318617
8629.0,4916755.3999999985,4916755.3999999985,4917124.0272436775,1.0,0.0,0.0,368.62724367901683,368.62724367901683
8630.0,4918912.68,4918912.68,4918966.283173112,1.0,0.0,0.0,53.603173112496734,53.603173112496734
8634.0,4920783.81,4920783.81,4920954.81,0.0,0.0,0.0,171.0,171.0
8635.0,4921508.3999999985,4921508.3999999985,4921603.567870648,2.0,1.0,0.0,95.1678706491366,95.1678706491366
8636.0,4921644.2,4921644.2,4921762.2,0.0,0.0,0.0,118.0,118.0
8637.0,4922313.5,4922313.5,4922631.197970117,1.0,0.0,0.0,317.6979701174423,317.6979701174423
8639.0,4923006.08,4923006.08,4923168.57644266,1.0,1.0,0.0,162.49644265975803,162.49644265975803
8640.0,4923195.23,4923195.23,4923396.313400045,2.0,1.0,0.0,201.08340004459023,201.08340004459023
8641.0,4923433.85,4923433.85,4923602.105438598,2.0,0.0,0.0,168.25543859880418,168.25543859880418
8628.0,4915354.72,4915354.72,4923916.105150318,3.0,0.0,0.0,8561.385150318034,8561.385150318034
8643.0,4925884.07,4925884.07,4926096.568651734,1.0,1.0,0.0,212.49865173362195,212.49865173362195
8632.0,4920355.07,4920355.07,4926148.604141109,1.0,0.0,0.0,5793.534141108394,5793.534141108394
8644.0,4926128.51,4926128.51,4926366.140536994,1.0,0.0,0.0,237.6305369939655,237.6305369939655
8633.0,4920378.35,4920378.35,4926498.161873312,1.0,0.0,0.0,6119.811873312108,6119.811873312108
8645.0,4926346.76,4926346.76,4926853.76,0.0,0.0,0.0,507.0,507.0
8646.0,4927198.42,4927198.42,4927406.42,0.0,0.0,0.0,208.0,208.0
8647.0,4927751.32,4927751.32,4927999.873005729,0.0,1.0,0.0,248.55300572887063,248.55300572887063
8650.0,4929669.98,4929669.98,4929986.504391071,0.0,1.0,0.0,316.5243910709396,316.5243910709396
8651.0,4930143.34,4930143.34,4930250.130464964,2.0,0.0,0.0,106.79046496376395,106.79046496376395
8654.0,4930436.28,4930436.28,4930578.676432799,0.0,1.0,0.0,142.39643279835582,142.39643279835582
8554.0,4838383.28,4838383.28,4930671.145567173,1.0,1.0,0.0,92287.86556717288,92287.86556717288
8655.0,4930565.29,4930671.145567173,4930784.145567173,0.0,0.0,0.9367749307354072,218.855567173101,113.0
8656.0,4930703.03,4930784.145567173,4930930.145567173,0.0,0.0,0.5555860765265581,227.1155671728775,146.0
8631.0,4918947.6,4918947.6,4931313.075470281,2.0,1.0,0.0,12365.475470281206,12365.475470281206
8657.0,4931543.05,4931543.05,4931689.05,0.0,0.0,0.0,146.0,146.0
8660.0,4932263.76,4932263.76,4932408.76,0.0,0.0,0.0,145.0,145.0
8661.0,4932513.05,4932513.05,4932659.062848094,2.0,0.0,0.0,146.01284809410572,146.01284809410572
8653.0,4930333.46,4930436.317351564,4932709.968916991,1.0,0.0,0.04523883656049809,2376.5089169908315,2273.6515654269606
8663.0,4932533.42,4932710.05136723,4933022.05136723,0.0,0.0,0.566126177018771,488.63136722985655,312.0
8665.0,4933195.93,4933195.93,4933423.93,0.0,0.0,0.0,228.0,228.0
8666.0,4933449.1,4933449.1,4933594.804273353,3.0,0.0,0.0,145.7042733533308,145.7042733533308
8667.0,4934527.74,4934527.74,4934748.853123714,1.0,0.0,0.0,221.11312371399254,221.11312371399254
8668.0,4935037.96,4935037.96,4935288.96,0.0,0.0,0.0,251.0,251.0
8673.0,4936252.3999999985,4936369.418859243,4936458.528793407,2.0,0.0,1.313196562691479,206.1287934081629,89.10993416327983
8671.0,4936026.39,4936369.108143637,4936494.690880669,2.0,1.0,2.729022728251885,468.30088066961616,125.58273703232408
8669.0,4935289.19,4936368.879724084,4936499.445168973,1.0,0.0,8.269337457591721,1210.255168972537,130.56544488854706
8674.0,4936331.94,4936369.628596748,4936499.534471706,0.0,2.0,0.29012234250525604,167.59447170514613,129.90587495733052
8672.0,4936139.88,4936369.258062573,4936502.549400837,1.0,1.0,1.7208774820681239,362.6694008372724,133.29133826401085
8677.0,4936450.28,4936458.528793407,4936553.974958476,2.0,0.0,0.08642351843521666,103.69495847541839,95.44616506900638
8676.0,4936389.17,4936458.545328542,4936625.214016587,2.0,0.0,0.4162469228956238,236.04401658661664,166.6686880448833
8675.0,4936368.8,4936368.8,4936646.528112716,0.0,1.0,0.0,277.72811271622777,277.72811271622777
8678.0,4936566.68,4936566.68,4936741.921294664,1.0,1.0,0.0,175.24129466433078,175.24129466433078
8670.0,4935467.67,4936368.975859658,4936992.072650017,1.0,1.0,1.4464941460188394,1524.4026500172913,623.0967903593555
8597.0,4854316.5,4854316.5,4938395.462435454,9.0,11.0,0.0,84078.96243545413,84078.96243545413
8681.0,4937181.66,4938395.462435454,4938513.118582434,1.0,1.0,10.316523756820276,1331.458582433872,117.65614697989076
8682.0,4937304.85,4938395.462435454,4938660.889739501,0.0,1.0,4.108893165191204,1356.0397395016626,265.42730404715985
8680.0,4936910.06,4936992.072650017,4969520.198708037,1.0,0.0,0.0025212841917589238,32610.138708037324,32528.126058019698
8687.0,4943563.29,4969520.198708037,4969567.338561589,2.0,1.0,550.6361762327645,26004.04856158886,47.13985355198383
8688.0,4943739.83,4969520.246027801,4969574.264633805,2.0,0.0,477.25067222562046,25834.434633804485,54.01860600337386
8685.0,4941540.84,4969520.198708037,4969620.687051394,2.0,0.0,278.43387375395326,28079.847051394172,100.48834335710853
8709.0,4948599.53,4969549.008703729,4969628.780047536,1.0,0.0,262.61910234930707,21029.250047535636,79.77134380675852
8699.0,4946608.12,4969520.573707276,4969649.691901686,1.0,1.0,177.4533311283989,23041.57190168556,129.1181944096461
8702.0,4947290.03,4969521.055122303,4969653.222500049,0.0,1.0,168.2035726325089,22363.192500048317,132.16737774573267
8700.0,4946737.13,4969520.713312364,4969692.5530477315,0.0,1.0,132.58623370002684,22955.42304773163,171.83973536733538
8701.0,4947009.7,4969520.877534129,4969708.431439612,0.0,2.0,120.02510678791877,22698.731439611875,187.55390548333526
8686.0,4941608.74,4969520.198708037,4969711.994000452,0.0,2.0,145.5273398873779,28103.254000451416,191.79529241472483
8717.0,4950979.91,4969549.7021460505,4969721.282187005,1.0,0.0,108.2281601216256,18741.372187004425,171.5800409540534
8712.0,4949629.67,4969549.362580752,4969773.274315143,1.0,1.0,88.9622539655179,20143.60431514308,223.91173439100385
8691.0,4944086.12,4969520.198708037,4969856.964537447,0.0,1.0,75.52452323493083,25770.844537447207,336.76582941040397
8711.0,4949423.06,4969549.121350922,4969890.637824242,0.0,3.0,58.931451110546,20467.577824242413,341.5164733203128
8690.0,4944006.58,4969520.198708037,4969909.198708037,0.0,0.0,65.58770876102015,25902.61870803684,389.0
8710.0,4949165.04,4969548.935657228,4969915.876099037,0.0,0.0,55.55096504695779,20750.83609903697,366.9404418086633
8718.0,4951251.51,4969620.687051394,4969922.620982727,0.0,0.0,60.83839921633145,18671.11098272726,301.9339313330129
8713.0,4949870.23,4969721.282187005,4969928.282187005,0.0,0.0,95.89880283576873,20058.052187004127,207.0
8716.0,4950753.8999999985,4969922.620982727,4970136.818119806,2.0,0.0,89.49102328870386,19382.918119807728,214.19713707920164
8708.0,4947646.02,4969521.260483529,4970363.5167759545,0.0,1.0,25.972190033208076,22717.49677595496,842.256292425096
8694.0,4944897.04,4970136.818119806,4971036.818119806,0.0,0.0,28.04419791089578,26139.7781198062,900.0
8693.0,4944815.56,4969520.46156046,4971351.9688648665,5.0,4.0,13.488835944589807,26536.408864866942,1831.5073044067249
8695.0,4945895.17,4971036.818119806,4971786.857687495,1.0,1.0,33.52042905854881,25891.687687494792,750.03956768848
8696.0,4946532.46,4971351.9688648665,4971951.4142475845,1.0,0.0,41.40412050941205,25418.954247584566,599.4453827179968
8697.0,4946554.77,4971786.857687495,4972045.82174826,1.0,0.0,97.43470817104998,25491.051748260856,258.9640607656911
8704.0,4947338.53,4971951.4142475845,4972090.6766862655,1.0,0.0,176.73742094928866,24752.146686265245,139.26243868097663
8698.0,4946579.02,4972045.82174826,4972572.190866128,0.0,1.0,48.382021064324505,25993.170866128057,526.3691178672016
8703.0,4947325.92,4972572.190866128,4972756.672214606,0.0,1.0,136.8499909306885,25430.75221460592,184.4813484782353
8705.0,4947387.03,4972090.6766862655,4973346.643362569,0.0,0.0,19.66903035913182,25959.61336256843,1255.9666763031855
8706.0,4947401.58,4972756.672214606,4973841.141091804,0.0,1.0,23.380193519350218,26439.561091803946,1084.4688771981746
8714.0,4950113.7,4973841.141091804,4974169.8274972495,0.0,0.0,72.1886901882889,24056.127497249283,328.68640544544905
8715.0,4950349.41,4974169.8274972495,4974536.024334742,0.0,0.0,65.04812455610305,24186.614334741607,366.19683749228716
8707.0,4947417.1,4973346.643362569,4974608.93339241,0.0,0.0,20.54166851482256,27191.83339241054,1262.2900298414752
8642.0,4925570.76,4925570.76,4989213.406066053,3.0,0.0,0.0,63642.64606605284,63642.64606605284
8649.0,4929325.63,4929325.63,4992920.852151588,3.0,0.0,0.0,63595.22215158772,63595.22215158772
8659.0,4932052.3,4932263.8306750385,4997110.037595757,1.0,0.0,0.003262036209724858,65057.73759575747,64846.206920718774
8719.0,4997897.84,4997897.84,4998155.84,0.0,0.0,0.0,258.0,258.0
8720.0,4998346.95,4998346.95,4998650.95,0.0,0.0,0.0,304.0,304.0
8725.0,5001070.71,5001070.71,5001193.71,0.0,0.0,0.0,123.0,123.0
8724.0,4999896.04,5001071.046799207,5001263.328279141,3.0,0.0,6.110868293758599,1367.2882791412994,192.28147993423045
8726.0,5001388.87,5001388.87,5001543.87,0.0,0.0,0.0,155.0,155.0
8723.0,4999574.97,5001070.913570258,5001595.610216734,1.0,0.0,2.851063715205301,2020.6402167342603,524.6966464761645
8727.0,5001704.12,5001704.12,5001826.12,0.0,0.0,0.0,122.0,122.0
8728.0,5001920.43,5001920.43,5002021.634141904,3.0,0.0,0.0,101.20414190459996,101.20414190459996
8722.0,4999429.47,5001070.813623857,5002062.287579758,0.0,1.0,1.655458132901619,2632.8175797583535,991.4739559013397
8729.0,5001959.23,5002021.634141904,5002139.634141904,0.0,0.0,0.5288486602021603,180.4041419038549,118.0
8730.0,5002158.08,5002158.08,5002338.977272204,1.0,0.0,0.0,180.89727220404893,180.89727220404893
8731.0,5002276.42,5002338.977272204,5002427.897824876,2.0,0.0,0.7035187065810488,151.47782487608492,88.92055267188698
8732.0,5002384.09,5002427.897824876,5002522.897824876,0.0,0.0,0.46113499869641505,138.80782487615943,95.0
8733.0,5002429.68,5002522.897824876,5002649.897824876,0.0,0.0,0.7339986210732948,220.21782487630844,127.0
8734.0,5002598.46,5002649.897824876,5002915.897824876,0.0,0.0,0.193375281488901,317.43782487604767,266.0
8742.0,5003721.72,5003721.72,5003849.72,0.0,0.0,0.0,128.0,128.0
8740.0,5003582.04,5003722.33507192,5003896.306705836,1.0,0.0,0.8064249829848095,314.2667058361694,173.97163391578943
8737.0,5003272.6099999985,5003721.915874352,5003923.774191411,1.0,0.0,2.2258477178372353,651.1641914127395,201.85831705946475
8735.0,5002922.44,5003721.743710135,5004013.158504817,0.0,1.0,2.7428384719040664,1090.7185048162937,291.4147946815938
8744.0,5003781.8599999985,5003896.327475868,5004164.574015945,1.0,1.0,0.426724892096733,382.7140159467235,268.24654007703066
8736.0,5003079.58,5003721.8135595145,5004245.436877276,2.0,0.0,1.2265182579342437,1165.8568772757426,523.6233177613467
8745.0,5003853.64,5004164.574015945,5004252.000734141,1.0,0.0,3.5565102106293174,398.36073414143175,87.42671819590032
8739.0,5003315.29,5003722.188356261,5004275.86277309,0.0,1.0,0.7349054677136613,960.5727730896324,553.6744168289006
8746.0,5003951.6099999985,5004252.000734141,5004533.000734141,0.0,0.0,1.0690061713260635,581.3907341426238,281.0
8748.0,5004622.85,5004622.85,5004791.395568715,0.0,1.0,0.0,168.54556871578097,168.54556871578097
8749.0,5004759.62,5004791.395568715,5004895.395568715,0.0,0.0,0.30553431457016045,135.77556871529669,104.0
8750.0,5004929.37,5004929.37,5005060.37,0.0,0.0,0.0,131.0,131.0
8751.0,5005092.33,5005092.33,5005852.33,0.0,0.0,0.0,760.0,760.0
8652.0,4930278.17,4930278.17,5012715.17,0.0,0.0,0.0,82437.0,82437.0
8758.0,5007932.49,5012715.17,5012784.990534958,2.0,0.0,68.4996183836482,4852.500534958206,69.82053495850414
8752.0,5005140.83,5012715.17,5012818.130519182,1.0,0.0,73.56547985713303,7677.300519182347,102.96051918249577
8753.0,5005232.01,5012715.17,5012841.651248096,0.0,2.0,59.16418530549432,7609.641248095781,126.4812480956316
8766.0,5010283.77,5012715.18383806,5013159.146085869,0.0,1.0,5.4766229562598845,2875.3760858690366,443.96224780846387
8767.0,5010821.1499999985,5013159.146085869,5013598.522395753,0.0,0.0,5.321170106971735,2777.372395754792,439.3763098847121
8768.0,5012282.94,5012715.239144469,5016944.00363222,1.0,0.0,0.10222823846548709,4661.06363222003,4228.76448775176
8770.0,5016843.88,5016843.88,5016995.88,0.0,0.0,0.0,152.0,152.0
8771.0,5017244.49,5017244.49,5017396.49,0.0,0.0,0.0,152.0,152.0
8773.0,5017397.75,5017397.75,5017505.75,0.0,0.0,0.0,108.0,108.0
8776.0,5017907.0,5017907.0,5018019.081903881,1.0,0.0,0.0,112.08190388139337,112.08190388139337
8777.0,5018119.43,5018119.43,5018250.786036155,1.0,0.0,0.0,131.35603615548462,131.35603615548462
8778.0,5019030.26,5019030.26,5019159.634007972,2.0,1.0,0.0,129.37400797195733,129.37400797195733
8781.0,5019325.14,5019325.14,5019524.175932949,3.0,0.0,0.0,199.03593294974416,199.03593294974416
8769.0,5012313.01,5012874.092597392,5019599.508636335,0.0,1.0,0.08342719530565035,7286.4986363351345,6725.416038942523
8779.0,5019294.1,5019325.170487561,5019602.130397065,0.0,3.0,0.11218406164759402,308.03039706498384,276.9599095033482
8780.0,5019308.6499999985,5019602.130397065,5019714.480307755,1.0,0.0,2.6121996471782696,405.8303077565506,112.34991069044918
8784.0,5021061.44,5021061.44,5021178.44,0.0,0.0,0.0,117.0,117.0
8786.0,5021199.18,5021199.18,5021307.4369298555,2.0,0.0,0.0,108.25692985579371,108.25692985579371
8782.0,5019428.93,5019714.480307755,5021446.472571814,1.0,1.0,0.16486811961047532,2017.5425718147308,1731.9922640593722
8741.0,5003710.08,5003722.4937197985,5021447.796108492,3.0,0.0,0.0007003389576223444,17737.716108491644,17725.302388693206
8787.0,5021447.5,5021447.796108492,5021602.796108492,0.0,0.0,0.0019103773659275424,155.29610849171877,155.0
8790.0,5021606.58,5021606.58,5021721.484160182,1.0,0.0,0.0,114.90416018199176,114.90416018199176
8791.0,5021739.47,5021739.47,5021885.47,0.0,0.0,0.0,146.0,146.0
8792.0,5021935.41,5021935.41,5022107.41,0.0,0.0,0.0,172.0,172.0
8684.0,4939875.35,4969520.198708037,5022402.209697064,1.0,0.0,0.5605847461850217,82526.85969706438,52882.0109890271
8793.0,5022304.01,5022402.209697064,5022580.209697064,0.0,0.0,0.5516836913721113,276.1996970642358,178.0
8794.0,5022671.64,5022671.64,5022793.587431384,3.0,0.0,0.0,121.9474313845858,121.9474313845858
8783.0,5019438.63,5021446.472571814,5023971.009297288,0.0,1.0,0.7953311003775885,4532.379297288135,2524.53672547359
8743.0,5003733.3599999985,5003896.306705836,5024172.393875372,0.0,1.0,0.008036397973399879,20439.033875373192,20276.087169535458
8775.0,5017684.87,5017907.149281082,5024783.576617243,1.0,0.0,0.03232482075579177,7098.706617242657,6876.427336161025
8789.0,5021569.72,5022402.266491768,5025725.975250538,0.0,1.0,0.25048719734282254,4156.255250538699,3323.708758770488
8788.0,5021544.5,5021606.6467169365,5025735.181101978,0.0,3.0,0.015052973074818956,4190.681101977825,4128.534385041334
8774.0,5017409.39,5017907.052188866,5026049.888171595,2.0,0.0,0.0611165679772668,8640.498171594925,8142.8359827287495
8761.0,5009089.7,5012715.17,5027213.198738839,1.0,2.0,0.25006641008287595,18123.49873883836,14498.02873883862
8679.0,4936667.56,4936667.56,5030386.669852244,0.0,2.0,0.0,93719.10985224415,93719.10985224415
8802.0,5028760.33,5030386.669852244,5030449.785723498,1.0,0.0,25.76752597915618,1689.4557234980166,63.115871254354715
8638.0,4922612.26,4922612.26,5030810.170870199,2.0,2.0,0.0,108197.91087019909,108197.91087019909
8772.0,5017389.02,5017397.781066727,5032300.730009889,0.0,1.0,0.0005878747059225423,14911.710009889677,14902.948943162337
8762.0,5009154.69,5012715.17,5032336.9799711825,0.0,4.0,0.18145522789327703,23182.289971182123,19621.809971182607
8760.0,5009046.05,5012715.17,5033008.172039528,0.0,1.0,0.18080715671604847,23962.122039528564,20293.002039528452
8803.0,5039683.5,5040116.149817207,5040280.350663229,2.0,0.0,2.634881778556383,596.8506632288918,164.20084602199495
8683.0,4939827.82,4939827.82,5042530.883992073,0.0,0.0,0.0,102703.06399207283,102703.06399207283
8658.0,4932025.14,4932263.7785870675,5049847.747090248,0.0,2.0,0.0020295163541905747,117822.60709024873,117583.96850318089
8664.0,4932638.18,4932709.968916991,5055266.986728096,2.0,5.0,0.0005857593328661027,122628.80672809668,122557.01781110559
8738.0,5003289.1,5003722.048172191,5056618.793828472,1.0,1.0,0.008184778984409056,53329.693828471936,52896.74565628078
8754.0,5005295.06,5056618.793828472,5057463.607053423,0.0,0.0,60.75157480093195,52168.54705342371,844.8132249517366
8721.0,4998856.2,5001070.7504432285,5060573.375123598,1.0,0.0,0.03721769342317682,61717.175123597495,59502.62468036916
8807.0,5058999.1099999985,5058999.1099999985,5060686.536658589,0.0,0.0,0.0,1687.4266585903242,1687.4266585903242
8810.0,5062233.09,5062233.09,5064764.1813367205,0.0,0.0,0.0,2531.091336720623,2531.091336720623
8811.0,5062262.19,5064764.1813367205,5067326.125224475,0.0,0.0,0.9765988040093921,5063.935224474408,2561.9438877543435
8763.0,5009424.35,5012715.17,5079949.674115365,1.0,0.0,0.0489454044957882,70525.32411536574,67234.50411536545
8662.0,4932531.48,4932709.968916991,5083658.3814561665,1.0,0.0,0.0011824497786223746,151126.90145616606,150948.4125391757
8755.0,5005324.16,5093275.072118029,5093876.244195975,1.0,0.0,146.29906368651342,88552.08419597521,601.1720779463649
8756.0,5005335.8,5093876.244195975,5094472.845267514,1.0,0.0,148.40812130568918,89137.04526751395,596.6010715384036
8764.0,5010078.13,5094472.845267514,5095983.933580902,1.0,2.0,55.85028652511875,85905.80358090252,1511.0883133886382
8765.0,5010091.71,5095983.933580902,5097183.933580902,0.0,0.0,71.57685298408536,87092.22358090244,1200.0
8808.0,5059015.6,5097183.933580902,5098294.665687481,1.0,0.0,34.36322165789849,39279.065687481314,1110.7321065785363
8627.0,4911894.73,4911894.73,5107893.061475193,15.0,32.0,0.0,195998.33147519268,195998.33147519268
8805.0,5058928.3,5107893.061475193,5110411.412146296,0.0,0.0,19.44318638267447,51483.11214629654,2518.350671103224
8806.0,5058954.49,5110411.412146296,5112976.231949453,0.0,0.0,20.062587665207804,54021.74194945302,2564.81980315689
8804.0,5040116.12,5040116.12,5115147.239084815,0.0,0.0,0.0,75031.11908481456,75031.11908481456
8692.0,4944135.59,4969520.358316023,5119151.108294733,37.0,54.0,0.16964940909294976,175015.51829473302,149630.74997870997
8648.0,4928766.91,4928766.91,5119479.747284201,3.0,11.0,0.0,190712.83728420082,190712.83728420082
8796.0,5023505.84,5023971.009297288,5120695.491677081,3.0,0.0,0.004809219815327241,97189.65167708136,96724.48237979319
8809.0,5061301.89,5120695.491677081,5121037.3576344615,1.0,0.0,173.7335946878602,59735.46763446182,341.86595738027245
8757.0,5005393.03,5121037.3576344615,5121821.25681907,1.0,1.0,147.52449027251902,116428.22681907006,783.899184608832
8759.0,5007982.93,5121821.25681907,5123021.25681907,0.0,0.0,94.8652723492255,115038.32681907061,1200.0
8816.0,5111858.29,5123021.25681907,5124821.25681907,0.0,0.0,6.201648232816822,12962.96681907028,1800.0
8817.0,5118787.0,5118787.0,5126289.0,0.0,0.0,0.0,7502.0,7502.0
8800.0,5027841.74,5027841.74,5129373.78087441,0.0,1.0,0.0,101532.04087440949,101532.04087440949
8818.0,5139290.8599999985,5139290.8599999985,5139438.8599999985,0.0,0.0,0.0,148.0,148.0
8819.0,5139312.2,5139438.8599999985,5139744.861856366,2.0,1.0,0.41391905755739966,432.6618563653901,306.00185636710376
8689.0,4943766.99,4969520.299658458,5140868.895490612,1.0,1.0,0.1502977572321887,197101.90549061168,171348.59583215415
8785.0,5021067.26,5021446.472571814,5144593.63445538,2.0,1.0,0.003079344793777691,123526.37445538025,123147.1618835656
8799.0,5023661.04,5024783.576617243,5160013.467217418,1.0,2.0,0.008300950420507651,136352.42721741833,135229.8906001756
8795.0,5023300.2,5023300.2,5162657.059802497,1.0,0.0,0.0,139356.85980249662,139356.85980249662
8798.0,5023605.75,5024172.393875372,5163180.518571717,1.0,0.0,0.004076336376808654,139574.76857171673,139008.12469634507
8813.0,5071804.08,5071804.08,5172542.486203263,4.0,3.0,0.0,100738.40620326251,100738.40620326251
8814.0,5093275.03,5093275.03,5175589.001376145,1.0,1.0,0.0,82313.97137614433,82313.97137614433
8747.0,5004016.6,5004016.6,5177729.11950361,1.0,1.0,0.0,173712.5195036102,173712.5195036102
8815.0,5110006.56,5110411.452045293,5178922.912566421,2.0,1.0,0.005909844020448812,68916.35256642103,68511.46052112803
8797.0,5023534.94,5023971.009297288,5181149.922200208,2.0,2.0,0.0027743498745086003,157614.9822002072,157178.91290291958
8801.0,5027866.96,5030386.669852244,5184737.96949784,1.0,0.0,0.016324513353818487,156871.00949783996,154351.29964559618
8824.0,5184650.0,5184650.0,5184740.754350179,1.0,0.0,0.0,90.75435017887503,90.75435017887503
8823.0,5184618.96,5184618.96,5184793.847868002,2.0,0.0,0.0,174.88786800205708,174.88786800205708
8825.0,5184684.92,5184684.92,5184813.59872515,0.0,1.0,0.0,128.6787251504138,128.6787251504138
8822.0,5184594.71,5184594.71,5184827.096038927,0.0,1.0,0.0,232.38603892736137,232.38603892736137
8827.0,5184844.0,5184844.0,5187305.703601644,2.0,0.0,0.0,2461.7036016443744,2461.7036016443744
8828.0,5184847.88,5184847.88,5187428.70987918,3.0,0.0,0.0,2580.829879180528,2580.829879180528
8829.0,5184850.79,5184850.79,5187594.0473038,1.0,0.0,0.0,2743.2573037995026,2743.2573037995026
8826.0,5184839.1499999985,5184839.1499999985,5187744.651577758,1.0,0.0,0.0,2905.5015777591616,2905.5015777591616
8812.0,5063279.72,5064764.186462352,5200057.689586684,0.0,1.0,0.010972193254454485,136777.96958668437,135293.50312433206
8831.0,5188119.69,5188119.69,5217541.230281806,1.0,0.0,0.0,29421.54028180521,29421.54028180521
8832.0,5188150.73,5188150.73,5217780.647045981,1.0,0.0,0.0,29629.917045980692,29629.917045980692
8830.0,5188093.5,5188093.5,5219707.496737373,1.0,0.0,0.0,31613.99673737306,31613.99673737306
8833.0,5188182.74,5188182.74,5239753.180018949,2.0,0.0,0.0,51570.4400189491,51570.4400189491
8834.0,5199052.56,5199052.56,5246358.168895111,1.0,0.0,0.0,47305.60889511183,47305.60889511183
8820.0,5177265.39,5177265.39,5253554.982343722,2.0,1.0,0.0,76289.59234372247,76289.59234372247
8836.0,5256510.51,5256510.51,5256618.365705061,2.0,1.0,0.0,107.85570506099612,107.85570506099612
8837.0,5256664.74,5256664.74,5256934.74,0.0,0.0,0.0,270.0,270.0
8838.0,5257050.8,5257050.8,5257303.284593405,1.0,1.0,0.0,252.4845934053883,252.4845934053883
8839.0,5258317.62,5258317.62,5258533.589305593,3.0,0.0,0.0,215.96930559258908,215.96930559258908
8840.0,5258568.85,5258568.85,5258797.144481371,1.0,1.0,0.0,228.2944813715294,228.2944813715294
8845.0,5258892.83,5258892.83,5259003.214733718,1.0,0.0,0.0,110.3847337178886,110.3847337178886
8843.0,5258841.42,5258841.42,5259029.805743597,3.0,0.0,0.0,188.38574359752238,188.38574359752238
8844.0,5258869.55,5258869.55,5259175.096338796,2.0,1.0,0.0,305.5463387966156,305.5463387966156
8859.0,5263836.92,5264791.144861087,5264843.649397575,2.0,1.0,18.174141224990514,1006.729397575371,52.504536488093436
8855.0,5262813.57,5264791.165455941,5264985.475336115,1.0,2.0,10.177534226115071,2171.905336114578,194.30988017376512
8854.0,5262485.71,5264791.144861087,5265109.976888008,0.0,0.0,7.230876030082579,2624.266888008453,318.8320269212127
8856.0,5263039.58,5264985.475336115,5265194.475336115,0.0,0.0,9.310504000549289,2154.8953361148015,209.0
8846.0,5258954.91,5258954.91,5268393.281928505,1.0,0.0,0.0,9438.371928504668,9438.371928504668
8864.0,5268301.83,5268393.281928505,5268474.131726107,2.0,0.0,1.1311336727785888,172.30172610655427,80.84979760181159
8860.0,5263880.57,5268393.281928505,5268546.511565303,0.0,1.0,29.45064690348058,4665.941565303132,153.22963679861277
8862.0,5264386.91,5268393.281928505,5268577.504792115,1.0,0.0,21.747419674184854,4190.594792114571,184.22286360990256
8858.0,5263347.07,5268393.281928505,5268585.492696254,1.0,0.0,26.253534011686114,5238.422696253285,192.21076774876565
8865.0,5268477.3999999985,5268477.3999999985,5268642.993557521,0.0,1.0,0.0,165.59355752263218,165.59355752263218
8863.0,5266983.6,5268393.281928505,5268683.3603703985,0.0,2.0,4.859657681910258,1699.7603703988716,290.0784418936819
8861.0,5264066.81,5268393.281928505,5268744.835493979,0.0,3.0,12.306721801182833,4678.025493979454,351.55356547422707
8866.0,5268657.82,5268657.82,5268775.82,0.0,0.0,0.0,118.0,118.0
8867.0,5268931.3599999985,5268931.3599999985,5269047.3599999985,0.0,0.0,0.0,116.0,116.0
8868.0,5269049.7,5269049.7,5269162.7,0.0,0.0,0.0,113.0,113.0
8869.0,5269296.08,5269296.08,5269373.038138778,2.0,0.0,0.0,76.95813877787441,76.95813877787441
8870.0,5269475.53,5269475.53,5269561.494564884,3.0,0.0,0.0,85.96456488408148,85.96456488408148
8871.0,5269604.54,5269604.54,5269740.101860098,0.0,1.0,0.0,135.5618600975722,135.5618600975722
8873.0,5270001.27,5270001.27,5270069.381476928,2.0,0.0,0.0,68.11147692799568,68.11147692799568
8874.0,5270086.63,5270086.63,5270133.63,0.0,0.0,0.0,47.0,47.0
8849.0,5259073.25,5259175.144861087,5271231.607721443,0.0,1.0,0.00845147223256105,12158.357721443288,12056.462860356085
8878.0,5271206.98,5271206.98,5271253.98,0.0,0.0,0.0,47.0,47.0
8875.0,5270333.01,5271206.9957534075,5271343.28160504,0.0,1.0,6.412886906016289,1010.2716050399467,136.28585163224488
8879.0,5271301.07,5271301.07,5271348.07,0.0,0.0,0.0,47.0,47.0
8880.0,5271392.25,5271392.25,5271439.25,0.0,0.0,0.0,47.0,47.0
8882.0,5271474.7,5271474.7,5271537.548039719,1.0,0.0,0.0,62.84803971927613,62.84803971927613
8877.0,5271065.3599999985,5271207.133897337,5271587.626769618,0.0,1.0,0.3726059216004349,522.2667696196586,380.492872281
8876.0,5270465.8999999985,5271207.05626699,5271597.63564343,0.0,1.0,1.8975816740389624,1131.7356434315443,390.57937644049525
8883.0,5272321.51,5272321.51,5272571.358090943,1.0,1.0,0.0,249.84809094294906,249.84809094294906
8884.0,5272558.19,5272571.358090943,5272672.941778207,1.0,0.0,0.12962800718222353,114.751778206788,101.58368726447225
8847.0,5258992.74,5259003.214733718,5273787.29725526,0.0,2.0,0.0007085142890995626,14794.557255259715,14784.082521541975
8881.0,5271468.88,5271474.717786307,5274266.644954049,0.0,2.0,0.0020909522193161873,2797.76495404914,2791.927167741582
8886.0,5273959.84,5274253.202168027,5274300.202168027,0.0,0.0,6.24174825589549,340.36216802708805,47.0
8887.0,5274141.23,5274253.202168027,5274325.202168027,0.0,0.0,1.5551690003679444,183.972168026492,72.0
8888.0,5274206.22,5274253.202168027,5274357.773046814,1.0,0.0,0.4492853897012071,151.553046814166,104.5708787869662
8889.0,5274490.43,5274490.43,5274533.0055091325,2.0,0.0,0.0,42.57550913281739,42.57550913281739
8841.0,5258765.76,5258765.76,5276765.76,0.0,0.0,0.0,18000.0,18000.0
8892.0,5275647.64,5275647.64,5276915.571210192,2.0,0.0,0.0,1267.9312101919204,1267.9312101919204
8893.0,5277028.92,5277028.92,5277302.588275938,2.0,0.0,0.0,273.66827593836933,273.66827593836933
8894.0,5277277.24,5277302.588275938,5277420.588275938,0.0,0.0,0.21481589778026533,143.3482759380713,118.0
8895.0,5277655.54,5277655.54,5277860.251221394,3.0,0.0,0.0,204.7112213941291,204.7112213941291
8897.0,5277831.1099999985,5277860.251221394,5277948.251221394,0.0,0.0,0.33115024313288316,117.14122139569372,88.0
8896.0,5277733.14,5277860.251221394,5277949.251221394,0.0,0.0,1.4282159707247373,216.11122139450163,89.0
8899.0,5277915.5,5277949.251221394,5278074.251221394,0.0,0.0,0.2700097711533308,158.75122139416635,125.0
8900.0,5278019.29,5278074.251221394,5278143.551586965,1.0,0.0,0.7930870341206693,124.26158696506172,69.30036557093263
8898.0,5277876.7,5277948.251221394,5278159.781243646,0.0,1.0,0.33825563214348814,283.0812436453998,211.53002225141972
8902.0,5278224.93,5278224.93,5278299.827669348,1.0,0.0,0.0,74.89766934793442,74.89766934793442
8848.0,5259052.88,5259175.096338796,5278759.699192618,21.0,27.0,0.006240429775817115,19706.81919261813,19584.60285382159
8904.0,5278451.91,5278759.699192618,5278870.699192618,0.0,0.0,2.7728756091700077,418.78919261787087,111.0
8903.0,5278430.57,5278759.699192618,5278881.699192618,0.0,0.0,2.6977802673583757,451.12919261772186,122.0
8906.0,5278579.95,5278759.699192618,5278939.063391731,2.0,0.0,1.0021464344982807,359.1133917309344,179.36419911310077
8901.0,5278142.48,5278759.699192618,5279082.851337572,2.0,1.0,1.9099956545427863,940.3713375711814,323.1521449536085
8907.0,5278832.1499999985,5278870.699192618,5279098.699192618,0.0,0.0,0.16907540622592104,266.54919261951,228.0
8885.0,5273133.3999999985,5273787.29725526,5279151.8458753,1.0,0.0,0.12189231593852197,6018.445875301026,5364.548620039597
8850.0,5259130.48,5271301.202168027,5279372.832040972,0.0,1.0,1.5078394772313435,20242.35204097163,8071.629872945137
8908.0,5279296.78,5279296.78,5279512.78,0.0,0.0,0.0,216.0,216.0
8909.0,5280132.92,5280132.92,5280340.92,0.0,0.0,0.0,208.0,208.0
8910.0,5280562.63,5280562.63,5280886.095929694,1.0,0.0,0.0,323.46592969447374,323.46592969447374
8911.0,5280787.67,5280886.095929694,5281066.095929694,0.0,0.0,0.5468107205246472,278.4259296944365,180.0
8912.0,5281028.23,5281066.095929694,5281183.095929694,0.0,0.0,0.3236404247343158,154.86592969391495,117.0
8913.0,5281186.34,5281186.34,5281425.34,0.0,0.0,0.0,239.0,239.0
8842.0,5258807.47,5258807.47,5281557.200304661,6.0,4.0,0.0,22749.730304661207,22749.730304661207
8821.0,5182438.3999999985,5182438.3999999985,5281640.486684392,3.0,0.0,0.0,99202.0866843937,99202.0866843937
8915.0,5281710.14,5281710.14,5281803.14,0.0,0.0,0.0,93.0,93.0
8916.0,5281858.55,5281858.55,5281986.55,0.0,0.0,0.0,128.0,128.0
8917.0,5282062.25,5282062.25,5282388.980827878,2.0,1.0,0.0,326.7308278782293,326.7308278782293
8918.0,5283141.8599999985,5283141.8599999985,5283217.6959448,3.0,0.0,0.0,75.83594480156898,75.83594480156898
8851.0,5259149.88,5278759.699192618,5285140.0374821825,2.0,1.0,3.0734764055836146,25990.157482182607,6380.338289564475
8923.0,5284668.64,5285140.0374821825,5285322.825067696,3.0,0.0,2.5789359865885757,654.1850676964968,182.78758551366627
8922.0,5284266.09,5285140.0374821825,5285535.061460109,2.0,1.0,2.21239097122428,1268.9714601095766,395.0239779269323
8857.0,5263288.87,5265194.475336115,5287883.011784422,3.0,7.0,0.08398978666854162,24594.1417844221,22688.536448307335
8919.0,5283178.72,5283178.72,5290551.840425839,1.0,0.0,0.0,7373.120425838977,7373.120425838977
8852.0,5259335.1499999985,5285140.0374821825,5292223.887181188,1.0,0.0,3.642777384986977,32888.73718118947,7083.849699005485
8872.0,5269661.77,5292223.887181188,5292702.125341704,0.0,0.0,47.17757603625443,23040.355341704562,478.2381605161354
8920.0,5283318.3999999985,5283318.3999999985,5300012.663521947,1.0,0.0,0.0,16694.26352194883,16694.26352194883
8835.0,5199365.87,5199365.87,5300780.043627799,3.0,0.0,0.0,101414.17362779845,101414.17362779845
8925.0,5285497.02,5300780.043627799,5303195.714010014,1.0,1.0,6.3266179609245725,17698.694010014646,2415.6703822156414
8890.0,5274603.92,5275647.686517471,5320713.912677949,3.0,10.0,0.02316072603360971,46109.99267794937,45066.22616047785
8891.0,5274616.53,5275647.754771774,5320842.749644543,1.0,0.0,0.022817233958682688,46226.21964454278,45194.99487276934
8921.0,5283905.25,5283905.25,5321096.563106485,3.0,0.0,0.0,37191.31310648471,37191.31310648471
8905.0,5278546.97,5278759.699192618,5325542.769225511,2.0,1.0,0.004547140503363988,46995.79922551103,46783.07003289275
8914.0,5281578.22,5281578.22,5331135.604276578,2.0,0.0,0.0,49557.3842765782,49557.3842765782
8929.0,5334418.97,5334418.97,5334600.97,0.0,0.0,0.0,182.0,182.0
8930.0,5335367.63,5335367.63,5335813.097965526,0.0,0.0,0.0,445.4679655265063,445.4679655265063
8931.0,5335915.68,5335915.68,5336064.68,0.0,0.0,0.0,149.0,149.0
8932.0,5336794.5,5336794.5,5337994.5,0.0,0.0,0.0,1200.0,1200.0
8936.0,5338863.51,5338863.51,5339047.277722808,1.0,0.0,0.0,183.7677228078246,183.7677228078246
8939.0,5339161.3,5339161.3,5339284.3,0.0,0.0,0.0,123.0,123.0
8941.0,5339509.53,5339509.53,5339633.53,0.0,0.0,0.0,124.0,124.0
8940.0,5339317.47,5339509.536852458,5339686.536852458,0.0,0.0,1.0851234602136801,369.06685245782137,177.0
8942.0,5339644.3599999985,5339644.3599999985,5339809.3599999985,0.0,0.0,0.0,165.0,165.0
8945.0,5340150.7,5340150.7,5340328.073420883,2.0,1.0,0.0,177.3734208829701,177.3734208829701
8948.0,5340380.59,5340380.59,5340513.77718386,1.0,1.0,0.0,133.18718385975808,133.18718385975808
8949.0,5340642.49,5340642.49,5340796.614112118,1.0,0.0,0.0,154.12411211803555,154.12411211803555
8950.0,5340644.43,5340991.720150656,5341070.720150656,0.0,0.0,4.396077856409682,426.29015065636486,79.0
8951.0,5340661.89,5340991.776237702,5341093.091696768,1.0,0.0,3.256030626947113,431.20169676840305,101.31545906607062
8955.0,5340991.69,5340991.69,5341133.673744674,3.0,0.0,0.0,141.98374467343092,141.98374467343092
8957.0,5341231.28,5341231.28,5341466.223351435,2.0,0.0,0.0,234.94335143454373,234.94335143454373
8958.0,5341659.05,5341659.05,5341951.05,0.0,0.0,0.0,292.0,292.0
8935.0,5338751.96,5338863.634464515,5346588.354386947,6.0,14.0,0.014456765505648936,7836.394386947155,7724.719922431745
8943.0,5339800.53,5346588.354386947,5346762.107477181,0.0,0.0,39.06592036908997,6961.577477180399,173.75309023354203
8947.0,5340342.76,5346762.107477181,5347185.327335433,1.0,0.0,15.167878708923562,6842.567335433327,423.2198582524434
8933.0,5338195.18,5338195.18,5351572.254014863,1.0,1.0,0.0,13377.074014863,13377.074014863
8969.0,5349488.89,5351572.41161741,5351729.426451548,0.0,1.0,13.269584551382998,2240.536451548338,157.01483413763344
8967.0,5349107.68,5351572.283823632,5351752.283823632,0.0,0.0,13.692243464622234,2644.603823632002,180.0
8968.0,5349376.37,5351572.343665392,5351775.2495818315,0.0,1.0,10.82262017750581,2398.8795818313956,202.90591643936932
8961.0,5342150.84,5351572.254014863,5351872.268387717,1.0,0.0,31.40320887037042,9721.428387717344,300.01437285449356
8962.0,5342380.73,5351872.268387717,5352107.268387717,0.0,0.0,40.38952505411382,9726.538387716748,235.0
8934.0,5338201.97,5338201.97,5356273.00314439,0.0,1.0,0.0,18071.03314439021,18071.03314439021
8924.0,5284807.35,5285140.0374821825,5361852.158387698,2.0,5.0,0.004336830715352403,77044.8083876986,76712.12090551574
8982.0,5359190.83,5361387.875631521,5361863.223158329,1.0,0.0,4.621977621883917,2672.3931583287194,475.347526807338
8975.0,5355364.18,5355364.18,5364889.613218231,1.0,1.0,0.0,9525.433218231425,9525.433218231425
8984.0,5360563.38,5361387.906668371,5365173.0961253885,0.0,1.0,0.217829695906499,4609.71612538863,3785.1894570179284
8956.0,5341043.1,5347185.327335433,5365961.433159233,2.0,6.0,0.3271299913344008,24918.333159233443,18776.105823799968
8963.0,5342828.87,5365961.433159233,5366586.319572512,1.0,0.0,37.01882881058113,23757.44957251195,624.8864132789895
8976.0,5355372.91,5356797.875631521,5366632.521152604,0.0,1.0,0.14489242428377844,11259.611152604222,9834.645521082915
8985.0,5366731.6099999985,5366731.6099999985,5367202.6099999985,0.0,0.0,0.0,471.0,471.0
8986.0,5366816.0,5367202.650826943,5367540.796126634,1.0,0.0,1.143445812485604,724.7961266338825,338.1452996907756
8966.0,5346432.42,5346432.42,5368766.415866801,1.0,1.0,0.0,22333.99586680066,22333.99586680066
8987.0,5367145.8,5367540.796126634,5370960.796126634,0.0,0.0,0.11549594346025403,3814.996126634069,3420.0
8952.0,5340698.75,5340991.866264427,5372714.6684579495,3.0,0.0,0.00923992346700484,32015.918457949534,31722.802193522453
8988.0,5367185.57,5367202.6099999985,5373256.0388672985,0.0,1.0,0.002814933547864553,6070.468867298216,6053.428867300041
8964.0,5343269.25,5366586.319572512,5384872.24238876,1.0,1.0,1.2751377005591444,41602.99238875974,18285.92281624768
8937.0,5338941.1099999985,5384872.24238876,5384989.24238876,0.0,0.0,392.57378110052366,46048.13238876127,117.0
8938.0,5339071.09,5384989.24238876,5385772.24238876,0.0,0.0,58.64387278257968,46701.15238875989,783.0
8978.0,5356830.82,5358694.18,5386336.696603658,0.0,1.0,0.06740920252365237,29505.87660365738,27642.516603657976
8977.0,5356797.84,5356797.84,5386892.126068848,0.0,2.0,0.0,30094.286068848334,30094.286068848334
8926.0,5288095.6499999985,5288095.6499999985,5387271.747672584,0.0,1.0,0.0,99176.0976725854,99176.0976725854
8979.0,5356981.17,5358694.186098349,5391145.956949902,0.0,1.0,0.05278652145626761,34164.78694990184,32451.770851552486
8991.0,5377108.67,5377108.67,5395514.431331376,2.0,0.0,0.0,18405.76133137569,18405.76133137569
8944.0,5339879.1,5385772.24238876,5399857.116677762,0.0,1.0,3.2583281502621806,59978.01667776238,14084.87428900227
8946.0,5340184.6499999985,5399857.116677762,5400302.9492977215,0.0,1.0,133.8449992357799,60118.29929772299,445.8326199594885
8954.0,5340826.79,5400302.9492977215,5400649.157471836,0.0,1.0,171.79305326891907,59822.367471835576,346.20817411411554
8983.0,5359670.98,5361387.875631521,5401548.402129658,0.0,1.0,0.04275082478315347,41877.42212965712,40160.52649813611
8970.0,5351069.99,5400649.157471836,5407089.157471836,0.0,0.0,7.698628489415433,56019.16747183539,6440.0
8953.0,5340710.39,5340991.981991743,5407699.905287789,0.0,1.0,0.004221267547085548,66989.51528778952,66707.92329604644
8980.0,5358828.05,5400649.157471836,5408032.503151075,1.0,0.0,5.664248876959557,49204.45315107517,7383.34567923937
8981.0,5358834.84,5408032.503151075,5415232.503151075,0.0,0.0,6.833008770982658,56397.66315107513,7200.0
8989.0,5371391.49,5371391.49,5418959.376556519,1.0,1.0,0.0,47567.886556519195,47567.886556519195
8853.0,5261215.98,5264791.144861087,5420629.635010706,5.0,8.0,0.02294147522639801,159413.6550107058,155838.49014961906
8996.0,5423458.18,5423458.18,5423753.18,0.0,0.0,0.0,295.0,295.0
8972.0,5353541.55,5407089.157471836,5425847.44171753,3.0,0.0,2.8546111558218654,72305.89171752986,18758.284245694056
8990.0,5371447.75,5373256.0388672985,5426283.325282234,1.0,1.0,0.034101101330148494,54835.57528223377,53027.28641493525
8971.0,5353050.73,5425847.44171753,5426468.956470914,1.0,0.0,117.12789008001506,73418.22647091374,621.5147533845156
9000.0,5428797.06,5432642.956470914,5432738.794956588,2.0,0.0,40.128936135286786,3941.734956588596,95.83848567400128
9001.0,5428925.1,5432643.036837692,5432786.94947655,3.0,0.0,25.834679060831377,3861.8494765507057,143.9126388579607
8998.0,5426716.41,5432642.956470914,5435450.1472277045,1.0,0.0,2.1112019041022623,8733.737227704376,2807.19075679034
8997.0,5426655.3,5432642.956470914,5436720.087515471,0.0,1.0,1.4685955407071936,10064.787515470758,4077.1310445563868
9004.0,5435861.57,5436720.127256595,5437892.127256595,0.0,0.0,0.7325573861726111,2030.5572565943003,1172.0
9006.0,5437302.02,5437892.139990452,5438148.18488646,0.0,1.0,2.304752016742895,846.1648864606395,256.0448960084468
9002.0,5435845.08,5435845.08,5438259.55405145,0.0,1.0,0.0,2414.474051450379,2414.474051450379
9007.0,5437894.69,5438148.245989041,5438908.245989041,0.0,0.0,0.3336263013697278,1013.5559890409932,760.0
9005.0,5437031.39,5437892.127256595,5439046.069666028,0.0,1.0,0.7459100641058404,2014.679666028358,1153.9424094334245
9011.0,5438551.38,5438908.245989041,5439138.953023804,0.0,1.0,1.5468361829893664,587.5730238044634,230.70703476294875
9013.0,5438893.79,5439138.953023804,5439312.141538337,1.0,0.0,1.4155847716926846,418.3515383368358,173.18851453252137
9014.0,5439262.39,5439312.141538337,5439690.339197753,1.0,0.0,0.13154903817759378,427.94919775333256,378.1976594161242
9016.0,5439787.16,5439787.16,5439981.723407639,0.0,1.0,0.0,194.56340763904154,194.56340763904154
9015.0,5439525.26,5439787.204042999,5439991.002519759,1.0,1.0,1.2853091306831368,465.74251975957304,203.79847676027566
9017.0,5439872.52,5439991.002519759,5440180.002519759,0.0,0.0,0.6268916389407225,307.48251975979656,189.0
8973.0,5354473.72,5426468.956470914,5440284.544708248,0.0,1.0,5.211159686734206,85810.82470824849,13815.588237334043
9003.0,5435847.02,5436720.087515471,5441726.776710423,3.0,0.0,0.17438021044950547,5879.756710423157,5006.689194952138
9025.0,5440765.89,5441726.776710423,5441846.776710423,0.0,0.0,8.007389253525373,1080.8867104230449,120.0
9023.0,5440301.26,5441726.776710423,5441934.776710423,0.0,0.0,6.853445723187178,1633.516710422933,208.0
9029.0,5441864.8999999985,5441934.776710423,5442144.776710423,0.0,0.0,0.3327462401152367,279.8767104241997,210.0
9030.0,5442430.41,5442430.41,5442555.41430531,3.0,0.0,0.0,125.00430530961603,125.00430530961603
9026.0,5440901.69,5441726.776710423,5442556.776710423,0.0,0.0,0.9940803740027708,1655.0867104222998,830.0
9022.0,5440233.3599999985,5440284.544708248,5444254.474947945,2.0,0.0,0.012893100170360168,4021.114947946742,3969.930239696987
9036.0,5444054.19,5444254.533643993,5444346.533643993,0.0,0.0,2.17764830426313,292.34364399220794,92.0
9035.0,5443980.47,5444254.474947945,5444410.474947945,0.0,0.0,1.7564419740094588,430.0049479454756,156.0
9027.0,5441001.6,5444254.474947945,5444438.474947945,0.0,0.0,17.678668195356455,3436.8749479455873,184.0
9033.0,5443039.57,5444254.474947945,5445066.948608008,2.0,0.0,1.4953161039715601,2027.3786080079153,812.4736600629985
9021.0,5440064.58,5440180.002519759,5445207.994128686,0.0,1.0,0.02295598893887299,5143.414128686301,5027.991608927026
9032.0,5442843.63,5444254.474947945,5445567.474947945,0.0,0.0,1.0745201431419091,2723.8449479453266,1313.0
9008.0,5438143.98,5438148.18488646,5445657.478462947,0.0,2.0,0.000559957660053681,7513.498462946154,7509.293576486409
9031.0,5442532.26,5444438.474947945,5446426.85856591,2.0,0.0,0.9586756452443279,3894.5985659100115,1988.3836179645732
9028.0,5441328.49,5446426.85856591,5446723.071884547,0.0,0.0,17.211814071559704,5394.581884547137,296.21331863757223
9040.0,5444395.63,5446723.071884547,5446849.071884547,0.0,0.0,18.471760988472,2453.441884547472,126.0
9041.0,5444464.5,5446849.071884547,5446944.071884547,0.0,0.0,25.100756679445897,2479.5718845473602,95.0
9042.0,5444581.87,5446944.071884547,5447444.809019257,1.0,0.0,4.7174489783257725,2862.9390192572027,500.73713470995426
9043.0,5444656.56,5447444.809019257,5447566.809019257,0.0,0.0,22.8545001578502,2910.2490192577243,122.0
9044.0,5444718.64,5447566.809019257,5447691.809019257,0.0,0.0,22.785352154061197,2973.16901925765,125.0
9045.0,5444797.21,5447691.809019257,5447817.809019257,0.0,0.0,22.973008089344063,3020.5990192573518,126.0
8993.0,5417973.8,5417973.8,5449150.717394666,0.0,1.0,0.0,31176.917394666,31176.917394666
9046.0,5445053.29,5447444.809019257,5451525.684760873,0.0,0.0,0.586030835212423,6472.394760873169,4080.8757416158915
9048.0,5445274.45,5451525.684760873,5452810.181826887,1.0,0.0,4.866678894233649,7535.731826886535,1284.497066013515
9049.0,5445506.28,5452810.181826887,5452987.181826887,0.0,0.0,41.26498207280486,7480.90182688646,177.0
9050.0,5445647.8999999985,5452987.181826887,5453160.181826887,0.0,0.0,42.42359437507636,7512.281826888211,173.0
9051.0,5445876.82,5453160.181826887,5453326.181826887,0.0,0.0,43.87567365594231,7449.361826886423,166.0
9052.0,5446748.85,5453326.181826887,5453742.787931117,0.0,1.0,15.787891152088964,6993.937931117602,416.6061042305082
9053.0,5447056.34,5453742.787931117,5454023.941832615,0.0,0.0,23.78216306263459,6967.601832615212,281.15390149783343
9054.0,5447133.94,5454023.941832615,5454644.903337289,0.0,0.0,11.095698816686635,7510.963337288238,620.9615046735853
9055.0,5447663.56,5454644.903337289,5455205.13194785,0.0,0.0,12.461597293817686,7541.571947850287,560.2286105612293
9057.0,5448024.3999999985,5455205.13194785,5456017.134678577,0.0,0.0,8.8432362061401,7992.734678578563,812.0027307271957
8965.0,5345118.07,5346432.470438279,5459518.053015264,0.0,2.0,0.01162305935315952,114399.98301526345,113085.58257698454
9056.0,5447853.68,5459518.053015264,5459583.053015264,0.0,0.0,179.45189254252384,11729.37301526405,65.0
8974.0,5354506.7,5440284.544708248,5460310.339781846,13.0,10.0,4.283367746099572,105803.63978184573,20025.795073597692
9012.0,5438661.96,5438908.267453662,5460508.267453662,0.0,0.0,0.011403122854729494,21846.307453662157,21600.0
9019.0,5439943.33,5460508.299584734,5460665.299584734,0.0,0.0,130.98706741868904,20721.96958473418,157.0
9060.0,5460967.1099999985,5460967.1099999985,5461072.475639547,2.0,0.0,0.0,105.36563954874873,105.36563954874873
9061.0,5461068.96,5461072.475639547,5461259.592428284,1.0,0.0,0.018788477351482032,190.63242828380316,187.11678873654455
8994.0,5419208.6099999985,5420341.616061917,5461710.094291098,1.0,0.0,0.027388149393391646,42501.48429109994,41368.47822918184
9062.0,5463058.43,5463058.43,5463282.156248378,0.0,1.0,0.0,223.7262483779341,223.7262483779341
9063.0,5464171.02,5464171.02,5464851.593837451,0.0,1.0,0.0,680.5738374516368,680.5738374516368
8959.0,5341883.12,5346588.354386947,5468440.407321476,0.0,1.0,0.0386143218241478,126557.28732147627,121852.05293452926
8960.0,5341895.73,5346588.354386947,5470599.620767905,1.0,2.0,0.03784030696478087,128703.89076790493,124011.26638095826
9066.0,5467955.96,5468440.407321476,5473214.759844382,2.0,0.0,0.1014686953156855,5258.799844382331,4774.352522905916
9020.0,5440059.73,5440180.002519759,5476338.7515705135,0.0,1.0,0.0033262356391279553,36279.021570513025,36158.74905075412
9037.0,5444210.3599999985,5444346.533643993,5477968.637735615,0.0,1.0,0.004050122610502455,33758.27773561608,33622.104091621935
9039.0,5444293.78,5444438.474947945,5480692.170028138,0.0,2.0,0.003991177937170003,36398.390028137714,36253.69508019276
9009.0,5438407.82,5460310.339781846,5482288.801371445,3.0,8.0,0.9965447168609224,43880.98137144465,21978.46158959903
8927.0,5301122.75,5301122.75,5486094.023910985,1.0,2.0,0.0,184971.27391098533,184971.27391098533
9018.0,5439935.57,5440284.590371808,5490854.418703447,0.0,1.0,0.006901751169073561,50918.8487034468,50569.82833163906
9064.0,5464964.48,5464964.48,5492175.153942872,2.0,0.0,0.0,27210.67394287139,27210.67394287139
9047.0,5445128.95,5447817.809019257,5495888.177400683,1.0,0.0,0.05593589376976974,50759.22740068287,48070.36838142574
9010.0,5438430.13,5482288.801371445,5500288.801371445,0.0,0.0,2.43659285396917,61858.67137144506,18000.0
9067.0,5488258.06,5490854.418703447,5501438.613103198,2.0,0.0,0.2453052736360018,13180.553103198297,10584.194399750791
9072.0,5501972.89,5501972.89,5502478.89,0.0,0.0,0.0,506.0,506.0
9059.0,5448583.12,5460508.345436997,5502848.766127161,2.0,0.0,0.2816510852422162,54265.64612716064,42340.42069016397
9058.0,5448293.09,5459583.053015264,5506590.120757441,1.0,0.0,0.2401758620041287,58297.030757441185,47007.067742177285
9075.0,5505132.18,5506590.120757441,5506794.206926383,2.0,1.0,7.143750921481476,1662.0269263833761,204.0861689420417
9076.0,5505734.55,5506590.120757441,5506957.28070886,0.0,0.0,2.3302398699407583,1222.730708859861,367.15995141863823
9078.0,5506594.94,5506655.741807652,5506959.741807652,0.0,0.0,0.20000594622136927,364.80180765129626,304.0
9079.0,5506787.0,5506794.206926383,5507041.146972644,1.0,0.0,0.02918492359663262,254.1469726441428,246.9400462610647
9080.0,5507110.01,5507110.01,5507406.01,0.0,0.0,0.0,296.0,296.0
9077.0,5506205.97,5506590.156435763,5507748.700321257,1.0,0.0,0.3316114655423897,1542.7303212573752,1158.543885493651
9073.0,5502772.17,5502848.766127161,5507993.120526307,3.0,0.0,0.01488935660683345,5220.950526307337,5144.354399146512
8999.0,5428699.09,5432642.976943225,5508063.91360778,1.0,0.0,0.05229167281183189,79364.82360778004,75420.93666455522
8992.0,5377339.53,5387271.747672584,5510047.372569778,1.0,2.0,0.08089730906196053,132707.84256977774,122775.6248971941
9088.0,5509398.24,5510047.372569778,5510623.856983917,0.0,0.0,1.1260192883921623,1225.6169839166105,576.4844141388312
9089.0,5510139.32,5510623.856983917,5510757.3039794965,0.0,1.0,3.6309321301083717,617.9839794961736,133.4469955796376
9091.0,5510785.34,5511229.684962187,5511406.684962187,0.0,0.0,2.51042351518142,621.3449621871114,177.0
9093.0,5511442.03,5511442.03,5511670.03195556,2.0,1.0,0.0,228.0019555594772,228.0019555594772
9082.0,5508003.38,5508003.38,5512578.519431649,1.0,0.0,0.0,4575.139431648888,4575.139431648888
9095.0,5512198.63,5512615.742231697,5512823.981211749,0.0,1.0,2.003045883113116,625.3512117490172,208.23898005206138
9098.0,5512667.14,5512823.998771215,5512887.748116388,1.0,0.0,2.460555018866502,220.60811638832092,63.74934517312795
9097.0,5512653.56,5512823.981211749,5513584.967795357,1.0,0.0,0.22394772183928197,931.4077953575179,760.9865836082026
9085.0,5508660.07,5508660.07,5516840.021951401,0.0,1.0,0.0,8179.951951400377,8179.951951400377
9081.0,5507913.17,5507913.17,5516852.433621448,0.0,1.0,0.0,8939.26362144854,8939.26362144854
9105.0,5515136.76,5516840.465802505,5516957.465802505,0.0,0.0,14.561588055597475,1820.7058025049046,117.0
9110.0,5516648.99,5516841.8034638325,5517046.524448798,0.0,1.0,0.94183536614327,397.53444879781455,204.72098496556282
9101.0,5514346.21,5516840.041659641,5517047.608657816,1.0,0.0,12.01458652658461,2701.398657816462,207.56699817534536
9113.0,5518577.35,5518577.35,5518655.888938407,1.0,1.0,0.0,78.53893840778619,78.53893840778619
9114.0,5518804.33,5518804.33,5518852.33,0.0,0.0,0.0,48.0,48.0
9115.0,5518941.1,5518941.1,5518988.1,0.0,0.0,0.0,47.0,47.0
9116.0,5519014.82,5519014.82,5519099.82,0.0,0.0,0.0,85.0,85.0
9117.0,5519073.99,5519099.82,5519186.82,0.0,0.0,0.2968965517249943,112.8300000000745,87.0
9118.0,5519137.04,5519186.82,5519236.951616229,1.0,0.0,0.9929861382007246,99.91161622852087,50.1316162282601
9119.0,5519225.31,5519236.951616229,5519321.951616229,0.0,0.0,0.13696019092903416,96.6416162289679,85.0
9120.0,5519291.27,5519321.951616229,5519368.951616229,0.0,0.0,0.652800345297982,77.68161622900516,47.0
9121.0,5519432.89,5519432.89,5519494.972616872,1.0,0.0,0.0,62.082616872154176,62.082616872154176
9122.0,5519538.62,5519538.62,5519628.62,0.0,0.0,0.0,90.0,90.0
9123.0,5519684.12,5519684.12,5519719.509672953,1.0,0.0,0.0,35.38967295270413,35.38967295270413
9125.0,5520278.73,5520278.73,5520319.6480702115,3.0,0.0,0.0,40.918070211075246,40.918070211075246
9126.0,5520464.97,5520464.97,5520512.97,0.0,0.0,0.0,48.0,48.0
9074.0,5504745.1499999985,5506590.120757441,5523226.120757441,0.0,0.0,0.11090230568901939,18480.970757442527,16636.0
9106.0,5516027.22,5516840.6471193805,5526176.641518022,0.0,1.0,0.08712806420483357,10149.421518022195,9335.9943986414
9128.0,5522245.89,5526176.757197089,5526306.802869419,2.0,0.0,30.226820521268937,4060.9128694189712,130.045672330074
9131.0,5522871.54,5526177.134721963,5526319.134721963,0.0,0.0,23.278836070159844,3447.594721962698,142.0
9129.0,5522358.41,5526176.870698383,5526351.811492551,0.0,1.0,21.82715996313067,3993.401492550969,174.94079416804016
9127.0,5522103.3,5526176.6804539515,5526370.381004264,0.0,2.0,21.029266294735958,4267.081004263833,193.70055031217635
9130.0,5522429.22,5526177.000184598,5526436.540918689,0.0,1.0,14.440046175128998,4007.320918689482,259.5407340908423
9134.0,5524349.82,5526319.134721963,5526472.134721963,0.0,0.0,12.871338052042072,2122.314721962437,153.0
9133.0,5524250.88,5526306.802869419,5526530.774118459,0.0,0.0,9.179405295228705,2279.894118458964,223.9712490402162
9132.0,5522956.8999999985,5526306.802869419,5526541.841046114,0.0,1.0,14.252590436640142,3584.9410461159423,235.03817669581622
9138.0,5526278.18,5526472.134721963,5526762.685927133,0.0,0.0,0.6675405866904722,484.5059271333739,290.55120517034084
9137.0,5526090.97,5526176.641518022,5526887.086546177,0.0,0.0,0.12058852497661497,796.1165461773053,710.4450281551108
9136.0,5524748.49,5526370.381004264,5526956.1125292545,1.0,1.0,2.7690007026490506,2207.622529254295,585.7315249908715
9139.0,5527163.79,5527163.79,5527430.730232112,0.0,1.0,0.0,266.9402321120724,266.9402321120724
9099.0,5513485.82,5513584.967795357,5527653.017384406,0.0,1.0,0.00704772859444491,14167.197384405881,14068.049589049071
9140.0,5527470.31,5527470.31,5527950.338555414,2.0,0.0,0.0,480.0285554146394,480.0285554146394
9141.0,5527523.66,5527950.338555414,5528071.338555414,0.0,0.0,3.5262690530089307,547.6785554140806,121.0
9142.0,5527690.5,5527950.385499313,5528324.385499313,0.0,0.0,0.6948810142046588,633.8854993125424,374.0
9143.0,5528632.37,5528632.37,5529162.089613075,1.0,0.0,0.0,529.7196130752563,529.7196130752563
9144.0,5529310.3999999985,5529310.3999999985,5529910.3999999985,0.0,0.0,0.0,600.0,600.0
9086.0,5508712.45,5510047.372569778,5530241.093563978,0.0,2.0,0.0661058241896704,21528.643563977443,20193.720994199626
9146.0,5530296.89,5530296.89,5530515.842922824,1.0,0.0,0.0,218.9529228247702,218.9529228247702
9145.0,5529367.63,5530296.912242386,5530652.281055022,2.0,0.0,2.6149797318772827,1284.6510550221428,355.3688126364723
9147.0,5530325.02,5530652.281055022,5530933.281055022,0.0,0.0,1.1646300890479648,608.2610550224781,281.0
9148.0,5530590.8,5530652.281055022,5531185.034755525,1.0,0.0,0.11540239882736213,594.2347555253655,532.7537005031481
9149.0,5531233.91,5531233.91,5531496.91,0.0,0.0,0.0,263.0,263.0
9092.0,5511229.6,5511229.6,5531760.388985041,1.0,0.0,0.0,20530.78898504097,20530.78898504097
9151.0,5531961.41,5531961.41,5532402.582697009,0.0,0.0,0.0,441.1726970085874,441.1726970085874
9150.0,5531258.16,5531961.458158701,5532431.44204191,2.0,0.0,1.4964303752242416,1173.2820419101045,469.98388320952654
9107.0,5516221.22,5516840.903022656,5532558.091281878,3.0,0.0,0.03942709169325478,16336.871281878091,15717.188259221613
9152.0,5532311.58,5532431.44204191,5532701.041781522,1.0,0.0,0.444592572984845,389.4617815222591,269.59973961208016
9112.0,5516990.43,5517047.608657816,5532795.65241472,3.0,0.0,0.003630841944521442,15805.222414719872,15748.04375690315
9153.0,5532593.85,5532593.85,5533430.821999948,0.0,0.0,0.0,836.971999947913,836.971999947913
9154.0,5533293.22,5533293.22,5533893.22,0.0,0.0,0.0,600.0,600.0
9090.0,5510236.32,5510623.883948545,5535135.693023517,1.0,0.0,0.015811315572802905,24899.3730235165,24511.809074971825
9094.0,5511825.18,5511825.18,5535663.543803217,1.0,0.0,0.0,23838.363803217188,23838.363803217188
9068.0,5495374.95,5495374.95,5536344.483060862,5.0,6.0,0.0,40969.53306086175,40969.53306086175
9100.0,5514174.52,5516840.021951401,5536543.297308354,1.0,0.0,0.13528217532931652,22368.777308354154,19703.275356953032
9024.0,5440633.97,5441726.824274108,5538498.565897459,0.0,2.0,0.011293113627753136,97864.59589745943,96771.74162335135
9083.0,5508418.54,5508660.0938329315,5540207.780673489,2.0,0.0,0.007656784288251019,31789.240673488937,31547.686840557493
9084.0,5508615.45,5508660.19286847,5540383.981264356,1.0,0.0,0.0014103885674584583,31768.531264355406,31723.788395885378
9096.0,5512615.73,5512615.73,5543875.21863293,0.0,2.0,0.0,31259.48863292951,31259.48863292951
9111.0,5516984.6099999985,5516984.6099999985,5545642.199426074,0.0,1.0,0.0,28657.58942607511,28657.58942607511
9135.0,5524492.41,5526319.239542919,5546121.970311881,0.0,1.0,0.09225139523597303,21629.560311880894,19802.730768961832
9109.0,5516608.25,5516841.487171302,5546571.458415195,0.0,1.0,0.007845186575803468,29963.208415195346,29729.971243893728
9069.0,5498941.64,5498970.777574464,5547351.586204811,1.0,1.0,0.0006022548049311838,48409.946204811335,48380.80863034725
9104.0,5515047.52,5516840.296383001,5550444.523838708,0.0,1.0,0.05334972766043685,35397.003838708624,33604.22745570727
9103.0,5514821.51,5516840.17108769,5550941.803935546,0.0,1.0,0.059195437845926874,36120.29393554665,34101.63284785673
8928.0,5326167.18,5326167.18,5552060.307932406,48.0,84.0,0.0,225893.12793240603,225893.12793240603
9071.0,5499054.16,5500288.801371445,5552462.815555011,3.0,0.0,0.023663913746427668,53408.65555501077,52174.014183565974
9158.0,5536850.21,5538498.576969515,5555087.948937601,1.0,0.0,0.09936283137695769,18237.738937601447,16589.37196808681
9163.0,5538229.55,5538499.026216229,5555811.356299199,3.0,0.0,0.015565565983211918,17581.80629919935,17312.33008296974
9156.0,5536785.22,5536785.22,5555866.384571388,2.0,1.0,0.0,19081.164571388625,19081.164571388625
9157.0,5536831.78,5538498.565897459,5556394.906285517,1.0,0.0,0.09313557192794296,19563.126285516657,17896.340388057753
9038.0,5444261.77,5444410.474947945,5557129.020067012,1.0,1.0,0.0013192589363940246,112867.25006701238,112718.54511906672
9108.0,5516385.1499999985,5516841.189106518,5557198.815206869,1.0,1.0,0.01129994874787583,40813.665206870064,40357.62610035017
9159.0,5536895.8,5538498.608985166,5559473.180848915,3.0,0.0,0.07641676767364348,22577.380848915316,20974.571863749065
9065.0,5466167.28,5468440.419562781,5559763.354833971,1.0,1.0,0.024891223174449324,93596.07483397052,91322.93527118955
9155.0,5536424.38,5536424.38,5559847.709824803,1.0,1.0,0.0,23423.329824803397,23423.329824803397
9161.0,5538008.39,5538498.737481434,5561924.920738001,2.0,1.0,0.020931599316195315,23916.53073800169,23426.183256567456
9070.0,5498970.74,5498970.74,5562105.859741282,6.0,7.0,0.0,63135.119741281494,63135.119741281494
9162.0,5538039.43,5538498.87054371,5562760.831476693,1.0,1.0,0.018936661590517385,24721.40147669334,24261.960932983086
9164.0,5539003.6099999985,5540207.780673489,5564995.837182476,2.0,0.0,0.04857866420684959,25992.227182477713,24788.05650898721
9160.0,5537560.25,5538498.653959726,5567175.072695176,0.0,1.0,0.032723889561771434,29614.822695176117,28676.418735450134
9168.0,5556538.3,5556538.3,5569195.703109807,1.0,0.0,0.0,12657.403109807521,12657.403109807521
8995.0,5420341.57,5420341.57,5570229.515196411,1.0,1.0,0.0,149887.94519641064,149887.94519641064
9171.0,5556975.77,5556975.77,5571033.00827928,1.0,0.0,0.0,14057.238279280253,14057.238279280253
9166.0,5545497.76,5545642.199426074,5571801.512156612,1.0,0.0,0.005521529849107403,26303.752156612463,26159.31273053866
9169.0,5556657.6099999985,5556975.779805268,5573489.88601164,2.0,0.0,0.019266547113941445,16832.276011641137,16514.10620637145
9170.0,5556661.49,5556975.8122469,5573866.026885748,2.0,0.0,0.018609724838953814,17204.536885747686,16890.214638847858
9034.0,5443970.77,5460508.267453662,5574881.622961498,8.0,17.0,0.14459222062895216,130910.85296149831,114373.35550783575
9172.0,5560773.32,5560773.32,5575813.861304024,2.0,1.0,0.0,15040.541304023936,15040.541304023936
9175.0,5563225.48,5563225.48,5576373.734980736,1.0,0.0,0.0,13148.25498073548,13148.25498073548
9173.0,5560992.54,5560992.54,5577106.73906628,2.0,1.0,0.0,16114.199066280387,16114.199066280387
9174.0,5562529.99,5562529.99,5579810.354652976,2.0,1.0,0.0,17280.364652975462,17280.364652975462
9176.0,5563441.79,5563441.79,5581670.648522619,1.0,0.0,0.0,18228.85852261912,18228.85852261912
9178.0,5567731.13,5567731.13,5582371.68557499,1.0,0.0,0.0,14640.555574989878,14640.555574989878
9087.0,5508983.08,5510047.476999912,5583266.524945035,1.0,1.0,0.014537159793584086,74283.44494503457,73219.04794512223
9184.0,5583994.1499999985,5583994.1499999985,5584216.6345920935,2.0,0.0,0.0,222.48459209501743,222.48459209501743
9187.0,5584219.19,5584219.19,5584406.321257364,2.0,0.0,0.0,187.13125736359507,187.13125736359507
9188.0,5584474.3,5584474.3,5584683.3,0.0,0.0,0.0,209.0,209.0
9189.0,5584816.71,5584816.71,5585009.004471651,1.0,0.0,0.0,192.2944716513157,192.2944716513157
9190.0,5585005.8599999985,5585005.8599999985,5585163.430289933,2.0,0.0,0.0,157.57028993498534,157.57028993498534
9191.0,5585262.91,5585262.91,5585507.586392069,2.0,1.0,0.0,244.67639206908643,244.67639206908643
9192.0,5585385.13,5585385.13,5585636.13,0.0,0.0,0.0,251.0,251.0
9193.0,5585643.1499999985,5585643.1499999985,5586314.864115008,2.0,1.0,0.0,671.7141150096431,671.7141150096431
9194.0,5586080.62,5586314.864115008,5586694.051723073,0.0,0.0,0.6177525584323307,613.4317230731249,379.1876080650836
9195.0,5586477.35,5586694.051723073,5587617.674280404,1.0,1.0,0.23462151433356387,1140.3242804044858,923.6225573308766
9102.0,5514648.85,5516840.086522065,5587731.450836096,3.0,0.0,0.030909780666074513,73082.60083609633,70891.36431403086
9196.0,5587681.12,5587681.12,5587873.679405699,1.0,1.0,0.0,192.55940569844097,192.55940569844097
9182.0,5577006.27,5577006.27,5588361.931149593,1.0,0.0,0.0,11355.66114959307,11355.66114959307
9124.0,5520267.09,5520278.794139625,5589607.305151502,1.0,4.0,0.000168821448115584,69340.21515150182,69328.5110118771
9179.0,5574061.35,5574061.35,5590360.714214562,3.0,2.0,0.0,16299.364214562811,16299.364214562811
9204.0,5590369.96,5590369.96,5590813.6647835625,1.0,1.0,0.0,443.7047835625708,443.7047835625708
9205.0,5590628.95,5590628.95,5590999.849024498,1.0,0.0,0.0,370.8990244977176,370.8990244977176
9206.0,5590814.22,5590814.22,5591153.137825361,1.0,2.0,0.0,338.91782536171377,338.91782536171377
9208.0,5591135.29,5591135.29,5591376.480365353,1.0,2.0,0.0,241.19036535266787,241.19036535266787
9210.0,5591380.7,5591380.7,5591738.401419906,1.0,0.0,0.0,357.7014199057594,357.7014199057594
9211.0,5591721.17,5591721.17,5591906.658739086,2.0,1.0,0.0,185.48873908631504,185.48873908631504
9209.0,5591280.79,5591280.79,5592051.127751905,2.0,0.0,0.0,770.3377519045025,770.3377519045025
9212.0,5591800.71,5591800.71,5592261.527248796,1.0,0.0,0.0,460.81724879611284,460.81724879611284
9214.0,5592136.33,5592136.33,5592344.399779763,3.0,0.0,0.0,208.06977976299822,208.06977976299822
9216.0,5592508.81,5592508.81,5592719.786604947,1.0,0.0,0.0,210.9766049478203,210.9766049478203
9215.0,5592442.85,5592442.85,5592772.230457379,1.0,0.0,0.0,329.3804573789239,329.3804573789239
9217.0,5592654.31,5592654.31,5592874.70202871,1.0,0.0,0.0,220.39202871080488,220.39202871080488
9197.0,5588414.44,5588414.44,5592883.550736002,3.0,0.0,0.0,4469.110736001283,4469.110736001283
9220.0,5592923.0,5592923.0,5593030.3555747075,1.0,0.0,0.0,107.35557470750064,107.35557470750064
9183.0,5577301.1499999985,5577301.1499999985,5593173.183245176,2.0,1.0,0.0,15872.03324517794,15872.03324517794
9221.0,5593005.45,5593005.45,5593247.188039877,1.0,0.0,0.0,241.7380398772657,241.7380398772657
9222.0,5593122.82,5593122.82,5593251.82,0.0,0.0,0.0,129.0,129.0
9218.0,5592897.78,5592897.78,5593290.999002008,2.0,0.0,0.0,393.2190020075068,393.2190020075068
9224.0,5593321.67,5593321.67,5593443.971581733,1.0,0.0,0.0,122.30158173292875,122.30158173292875
9223.0,5593299.3599999985,5593299.3599999985,5593655.287573116,1.0,0.0,0.0,355.9275731174275,355.9275731174275
9199.0,5588516.29,5588516.29,5593688.480738847,1.0,0.0,0.0,5172.190738846548,5172.190738846548
9225.0,5593643.71,5593643.71,5593698.97998165,1.0,0.0,0.0,55.26998164970428,55.26998164970428
9226.0,5593650.5,5593650.5,5593746.729469748,1.0,0.0,0.0,96.22946974821389,96.22946974821389
9227.0,5593699.97,5593699.97,5593841.0674054725,2.0,0.0,0.0,141.09740547277033,141.09740547277033
9228.0,5593839.6499999985,5593839.6499999985,5594109.6499999985,0.0,0.0,0.0,270.0,270.0
9219.0,5592911.3599999985,5592911.3599999985,5594119.083055795,1.0,0.0,0.0,1207.7230557966977,1207.7230557966977
9181.0,5576621.18,5576621.18,5594374.27286767,3.0,0.0,0.0,17753.09286767058,17753.09286767058
9229.0,5594254.81,5594254.81,5594757.674096663,1.0,0.0,0.0,502.86409666296095,502.86409666296095
9232.0,5596302.48,5596302.48,5596357.566196427,1.0,0.0,0.0,55.086196426302195,55.086196426302195
9235.0,5596326.73,5596326.73,5596472.7422502795,2.0,0.0,0.0,146.0122502790764,146.0122502790764
9234.0,5596324.79,5596324.79,5596506.442811396,3.0,0.0,0.0,181.65281139593571,181.65281139593571
9180.0,5576527.09,5576527.09,5596574.21398451,2.0,1.0,0.0,20047.12398451008,20047.12398451008
9236.0,5596587.66,5596587.66,5596809.51057646,1.0,0.0,0.0,221.85057645943016,221.85057645943016
9237.0,5596594.45,5596594.45,5596824.449638453,1.0,0.0,0.0,229.99963845312595,229.99963845312595
9240.0,5596997.0,5596997.0,5597044.0,0.0,0.0,0.0,47.0,47.0
9241.0,5597060.05,5597060.05,5597199.387616884,1.0,1.0,0.0,139.3376168841496,139.3376168841496
9245.0,5597972.82,5597972.82,5598277.093843286,0.0,1.0,0.0,304.27384328562766,304.27384328562766
9243.0,5597859.33,5597859.33,5598355.618237372,1.0,0.0,0.0,496.28823737148196,496.28823737148196
9246.0,5598513.1099999985,5598513.1099999985,5598670.111492,2.0,0.0,0.0,157.00149200111628,157.00149200111628
9230.0,5595014.32,5595014.32,5599371.421263737,1.0,0.0,0.0,4357.101263736375,4357.101263736375
9250.0,5599336.64,5599336.64,5599424.239804317,1.0,0.0,0.0,87.59980431757867,87.59980431757867
9251.0,5599419.09,5599419.09,5599487.078492927,1.0,0.0,0.0,67.98849292751402,67.98849292751402
9252.0,5599459.83,5599459.83,5599703.22147544,1.0,0.0,0.0,243.39147544000298,243.39147544000298
9253.0,5599750.83,5599750.83,5599815.711114016,1.0,0.0,0.0,64.88111401628703,64.88111401628703
9254.0,5599751.8,5599751.8,5599880.8,0.0,0.0,0.0,129.0,129.0
9256.0,5599915.73,5599915.73,5599978.320988289,1.0,0.0,0.0,62.590988288633525,62.590988288633525
9257.0,5599926.3999999985,5599926.3999999985,5600022.3999999985,0.0,0.0,0.0,96.0,96.0
9255.0,5599896.33,5599896.33,5600091.503547892,2.0,1.0,0.0,195.17354789189994,195.17354789189994
9258.0,5600180.54,5600180.54,5600416.713024732,0.0,1.0,0.0,236.1730247316882,236.1730247316882
9262.0,5600382.3,5600382.3,5600430.842767873,2.0,0.0,0.0,48.54276787303388,48.54276787303388
9263.0,5600417.22,5600417.22,5600624.03720772,3.0,0.0,0.0,206.81720772013068,206.81720772013068
9265.0,5600702.3999999985,5600702.3999999985,5600883.3999999985,0.0,0.0,0.0,181.0,181.0
9266.0,5600995.34,5600995.34,5601170.221022782,2.0,0.0,0.0,174.88102278206497,174.88102278206497
9264.0,5600701.43,5600701.43,5601205.306438583,1.0,1.0,0.0,503.87643858324736,503.87643858324736
9231.0,5595369.34,5595369.34,5601251.753727702,1.0,0.0,0.0,5882.413727702573,5882.413727702573
9267.0,5601156.3599999985,5601156.3599999985,5601304.037083413,2.0,0.0,0.0,147.67708341497928,147.67708341497928
9268.0,5601669.49,5601669.49,5601806.673961894,1.0,0.0,0.0,137.18396189343184,137.18396189343184
9269.0,5601811.1099999985,5601811.1099999985,5602019.364717054,0.0,1.0,0.0,208.25471705570817,208.25471705570817
9271.0,5602037.12,5602037.12,5602117.174798946,3.0,0.0,0.0,80.05479894578457,80.05479894578457
9270.0,5602013.84,5602013.84,5602118.519719607,1.0,0.0,0.0,104.67971960734576,104.67971960734576
9272.0,5602046.82,5602046.82,5602140.82,0.0,0.0,0.0,94.0,94.0
9276.0,5603220.52,5603220.52,5603554.553323998,1.0,0.0,0.0,334.033323998563,334.033323998563
9277.0,5603347.59,5603347.59,5603576.213576406,1.0,1.0,0.0,228.62357640638947,228.62357640638947
9278.0,5603426.16,5603426.16,5603608.16,0.0,0.0,0.0,182.0,182.0
9279.0,5603650.23,5603650.23,5603773.23,0.0,0.0,0.0,123.0,123.0
9167.0,5555970.85,5555970.85,5604641.512036696,1.0,0.0,0.0,48670.66203669645,48670.66203669645
9280.0,5604592.1,5604592.1,5604715.1,0.0,0.0,0.0,123.0,123.0
9281.0,5605244.91,5605244.91,5605286.3985604765,1.0,0.0,0.0,41.48856047634035,41.48856047634035
9282.0,5605276.92,5605276.92,5605321.314683936,1.0,0.0,0.0,44.394683935679495,44.394683935679495
9283.0,5605317.66,5605317.66,5605389.66,0.0,0.0,0.0,72.0,72.0
9286.0,5606107.24,5606107.24,5606174.372851704,2.0,0.0,0.0,67.13285170402378,67.13285170402378
9287.0,5606256.62,5606256.62,5606363.867827624,1.0,0.0,0.0,107.2478276239708,107.2478276239708
9186.0,5584210.46,5584210.46,5606554.706794293,1.0,1.0,0.0,22344.246794292703,22344.246794292703
9288.0,5606598.06,5606598.06,5606730.798893476,0.0,1.0,0.0,132.73889347631484,132.73889347631484
9289.0,5606761.02,5606761.02,5606864.217284337,2.0,1.0,0.0,103.19728433713317,103.19728433713317
9290.0,5607047.17,5607047.17,5607164.17,0.0,0.0,0.0,117.0,117.0
9291.0,5607226.62,5607226.62,5607332.63979111,1.0,0.0,0.0,106.01979110948741,106.01979110948741
9295.0,5607997.77,5607997.77,5608123.77,0.0,0.0,0.0,126.0,126.0
9296.0,5608406.14,5608406.14,5608484.8368174145,1.0,1.0,0.0,78.6968174148351,78.6968174148351
9298.0,5608772.8,5608772.8,5608868.8,0.0,0.0,0.0,96.0,96.0
9300.0,5608950.31,5608950.31,5609043.31,0.0,0.0,0.0,93.0,93.0
9202.0,5588938.24,5588938.24,5609107.723355511,1.0,0.0,0.0,20169.48335551098,20169.48335551098
9198.0,5588477.49,5588477.49,5609169.059599669,1.0,0.0,0.0,20691.569599668495,20691.569599668495
9301.0,5609139.46,5609139.46,5609333.0040565,1.0,0.0,0.0,193.54405650030822,193.54405650030822
9303.0,5609431.43,5609431.43,5609556.43,0.0,0.0,0.0,125.0,125.0
9302.0,5609222.88,5609222.88,5609645.120696038,1.0,0.0,0.0,422.2406960381195,422.2406960381195
9304.0,5609889.27,5609889.27,5610011.27,0.0,0.0,0.0,122.0,122.0
9305.0,5610039.62,5610039.62,5610154.647196319,1.0,0.0,0.0,115.02719631884247,115.02719631884247
9307.0,5610153.1099999985,5610153.1099999985,5610434.603509898,2.0,0.0,0.0,281.49350989982486,281.49350989982486
9185.0,5584022.28,5584022.28,5610619.021142756,2.0,1.0,0.0,26596.741142755374,26596.741142755374
9308.0,5610464.48,5610464.48,5610653.687773034,1.0,0.0,0.0,189.20777303352952,189.20777303352952
9310.0,5610665.27,5610665.27,5610862.677230302,1.0,1.0,0.0,197.40723030269146,197.40723030269146
9312.0,5610908.74,5610908.74,5610983.74,0.0,0.0,0.0,75.0,75.0
9311.0,5610804.95,5610804.95,5611117.674794388,2.0,0.0,0.0,312.7247943878174,312.7247943878174
9309.0,5610486.79,5610486.79,5611424.663666601,1.0,0.0,0.0,937.8736666012555,937.8736666012555
9239.0,5596808.82,5596808.82,5611499.3745844755,1.0,0.0,0.0,14690.554584475234,14690.554584475234
9315.0,5611304.5,5611304.5,5611579.264359001,2.0,0.0,0.0,274.76435900107026,274.76435900107026
9316.0,5612859.41,5612859.41,5613160.41,0.0,0.0,0.0,301.0,301.0
9284.0,5605946.22,5605946.22,5613375.251773988,2.0,0.0,0.0,7429.0317739881575,7429.0317739881575
9317.0,5613521.92,5613521.92,5613622.611401104,2.0,0.0,0.0,100.69140110444278,100.69140110444278
9242.0,5597585.79,5597585.79,5613869.98173169,1.0,0.0,0.0,16284.191731689498,16284.191731689498
9318.0,5613851.72,5613851.72,5614050.015683892,3.0,0.0,0.0,198.29568389244378,198.29568389244378
9319.0,5614305.68,5614305.68,5614456.542425206,1.0,0.0,0.0,150.8624252062291,150.8624252062291
9320.0,5614420.14,5614420.14,5614590.14,0.0,0.0,0.0,170.0,170.0
9321.0,5614594.74,5614594.74,5614716.74,0.0,0.0,0.0,122.0,122.0
9322.0,5614815.8999999985,5614815.8999999985,5614935.8999999985,0.0,0.0,0.0,120.0,120.0
9165.0,5540884.44,5540884.44,5619766.986963157,2.0,2.0,0.0,78882.5469631562,78882.5469631562
9244.0,5597916.56,5597916.56,5620939.94467606,2.0,1.0,0.0,23023.38467606064,23023.38467606064
9313.0,5610924.26,5620939.94467606,5621124.300204163,0.0,0.0,54.32809517084002,10200.04020416364,184.35552810318768
9238.0,5596667.2,5596667.2,5621667.108453373,1.0,0.0,0.0,24999.90845337324,24999.90845337324
9293.0,5607540.8999999985,5607540.8999999985,5624588.473763261,2.0,1.0,0.0,17047.57376326248,17047.57376326248
9203.0,5589095.38,5589095.38,5625180.77499709,1.0,1.0,0.0,36085.3949970901,36085.3949970901
9323.0,5616304.85,5616304.85,5625271.012994524,1.0,0.0,0.0,8966.162994524464,8966.162994524464
9325.0,5627179.52,5627179.52,5627425.977064715,2.0,0.0,0.0,246.45706471521407,246.45706471521407
9326.0,5627455.0,5627455.0,5627862.487651637,1.0,0.0,0.0,407.487651636824,407.487651636824
9327.0,5627858.52,5627858.52,5628346.896481523,2.0,0.0,0.0,488.3764815237373,488.3764815237373
9328.0,5628451.19,5628451.19,5628662.82401313,3.0,0.0,0.0,211.63401312939823,211.63401312939823
9247.0,5598686.74,5598686.74,5634648.683370862,2.0,1.0,0.0,35961.94337086193,35961.94337086193
9233.0,5596319.94,5596319.94,5636994.167701688,1.0,0.0,0.0,40674.227701687254,40674.227701687254
9273.0,5602149.64,5602149.64,5638952.84541063,1.0,0.0,0.0,36803.20541063044,36803.20541063044
9329.0,5645594.97,5645594.97,5645723.861138605,2.0,0.0,0.0,128.89113860484213,128.89113860484213
9259.0,5600231.95,5658013.953446556,5658783.873392744,0.0,1.0,75.04936549914811,58551.9233927438,769.9199461881071
9332.0,5659499.92,5659499.92,5659648.086251568,0.0,1.0,0.0,148.1662515681237,148.1662515681237
9331.0,5657280.56,5657280.56,5677394.835396038,2.0,0.0,0.0,20114.275396038778,20114.275396038778
9333.0,5678029.83,5678029.83,5678217.073068984,1.0,0.0,0.0,187.24306898377836,187.24306898377836
9177.0,5564125.64,5567731.214612685,5688805.206492076,1.0,2.0,0.02977992677632385,124679.56649207603,121073.99187939055
9335.0,5716735.74,5716735.74,5717178.472397729,2.0,0.0,0.0,442.7323977285996,442.7323977285996
9336.0,5717504.95,5717504.95,5717800.95,0.0,0.0,0.0,296.0,296.0
9334.0,5710664.51,5710664.51,5720250.441070517,2.0,2.0,0.0,9585.931070516817,9585.931070516817
9324.0,5618291.41,5618291.41,5726804.435446095,1.0,1.0,0.0,108513.02544609457,108513.02544609457
9338.0,5753627.75,5753627.75,5753730.063393958,1.0,1.0,0.0,102.31339395791292,102.31339395791292
9337.0,5717729.99,5720250.441070517,5759535.759791532,1.0,0.0,0.06415758233795614,41805.76979153138,39285.318721015006
9339.0,5755282.57,5755282.57,5764361.11439513,1.0,0.0,0.0,9078.544395130128,9078.544395130128
9341.0,5767579.26,5767579.26,5767655.824964986,1.0,0.0,0.0,76.56496498640627,76.56496498640627
9340.0,5761470.2,5761470.2,5785576.951267411,1.0,0.0,0.0,24106.751267410815,24106.751267410815
9343.0,5835892.48,5835892.48,5835991.48,0.0,0.0,0.0,99.0,99.0
9344.0,5836868.3,5836868.3,5837085.3,0.0,0.0,0.0,217.0,217.0
9345.0,5841182.8599999985,5841182.8599999985,5841301.8599999985,0.0,0.0,0.0,119.0,119.0
9346.0,5842226.58,5842226.58,5842319.362607548,1.0,0.0,0.0,92.78260754793882,92.78260754793882
9347.0,5842385.66,5842385.66,5842564.511389002,1.0,0.0,0.0,178.85138900205493,178.85138900205493
9349.0,5842669.87,5842669.87,5842751.053630173,1.0,0.0,0.0,81.18363017309457,81.18363017309457
9351.0,5842733.89,5842733.89,5842848.875316674,1.0,0.0,0.0,114.98531667422503,114.98531667422503
9353.0,5842843.5,5842843.5,5842978.5,0.0,0.0,0.0,135.0,135.0
9352.0,5842820.22,5842820.22,5842988.972260804,3.0,0.0,0.0,168.75226080417633,168.75226080417633
9350.0,5842711.58,5842711.58,5843193.36667617,1.0,0.0,0.0,481.7866761703044,481.7866761703044
9354.0,5843510.8599999985,5843510.8599999985,5843621.666754712,1.0,1.0,0.0,110.80675471387804,110.80675471387804
9348.0,5842485.57,5842485.57,5844040.715031581,3.0,0.0,0.0,1555.1450315807015,1555.1450315807015
9356.0,5843892.07,5843892.07,5844089.07,0.0,0.0,0.0,197.0,197.0
9357.0,5845150.16,5845150.16,5845227.778645879,1.0,0.0,0.0,77.61864587850869,77.61864587850869
9358.0,5845182.17,5845182.17,5845268.17,0.0,0.0,0.0,86.0,86.0
9355.0,5843771.79,5843771.79,5846110.336916185,1.0,0.0,0.0,2338.546916184947,2338.546916184947
9359.0,5846361.69,5846361.69,5846396.816438406,1.0,0.0,0.0,35.12643840536475,35.12643840536475
9360.0,5846372.3599999985,5846372.3599999985,5846429.647621849,1.0,0.0,0.0,57.28762185014784,57.28762185014784
9361.0,5846550.84,5846550.84,5846756.056405082,1.0,0.0,0.0,205.21640508249402,205.21640508249402
9342.0,5834292.95,5834292.95,5847102.403960553,1.0,0.0,0.0,12809.453960552812,12809.453960552812
9362.0,5846574.12,5846756.056405082,5847356.056405082,0.0,0.0,0.3032273418037221,781.9364050822333,600.0
9365.0,5848061.13,5848061.13,5848133.755685681,1.0,0.0,0.0,72.62568568065763,72.62568568065763
9366.0,5848081.5,5848081.5,5848179.5,0.0,0.0,0.0,98.0,98.0
9367.0,5848458.83,5848458.83,5848531.523904885,1.0,0.0,0.0,72.69390488509089,72.69390488509089
9363.0,5846576.06,5847356.056405082,5848532.677341227,1.0,1.0,0.6629122269728023,1956.6173412278295,1176.6209361450747
9368.0,5848480.17,5848480.17,5848661.204178452,1.0,0.0,0.0,181.03417845163494,181.03417845163494
9364.0,5846577.03,5848532.677341227,5849122.6792313,1.0,0.0,3.3146458920437,2545.649231299758,590.001890072599
9369.0,5848885.63,5848885.63,5849124.63,0.0,0.0,0.0,239.0,239.0
9370.0,5849130.07,5849130.07,5849248.07,0.0,0.0,0.0,118.0,118.0
9371.0,5849352.2,5849352.2,5849418.688507524,1.0,0.0,0.0,66.48850752413273,66.48850752413273
9372.0,5849498.67,5849498.67,5849742.67,0.0,0.0,0.0,244.0,244.0
9374.0,5850746.09,5850746.09,5850824.578988367,1.0,0.0,0.0,78.48898836690933,78.48898836690933
9376.0,5850945.91,5850945.91,5851090.88778413,1.0,0.0,0.0,144.97778412979096,144.97778412979096
9379.0,5851647.22,5851647.22,5851789.222568279,1.0,0.0,0.0,142.00256827939302,142.00256827939302
9378.0,5851570.59,5851570.59,5853060.492355238,2.0,0.0,0.0,1489.902355237864,1489.902355237864
9377.0,5851022.54,5851022.54,5853654.114257145,2.0,0.0,0.0,2631.5742571447045,2631.5742571447045
9381.0,5854878.29,5854878.29,5855170.734018366,1.0,0.0,0.0,292.4440183658153,292.4440183658153
9373.0,5850672.37,5850672.37,5855309.674059954,2.0,3.0,0.0,4637.304059953429,4637.304059953429
9380.0,5852168.1099999985,5852168.1099999985,5855410.684197398,1.0,0.0,0.0,3242.57419739943,3242.57419739943
9382.0,5855157.6499999985,5855157.6499999985,5855467.6499999985,0.0,0.0,0.0,310.0,310.0
9383.0,5855765.84,5855765.84,5855847.04115953,1.0,0.0,0.0,81.20115953031927,81.20115953031927
9384.0,5855802.7,5855802.7,5855922.7,0.0,0.0,0.0,120.0,120.0
9386.0,5856141.23,5856141.23,5856272.23,0.0,0.0,0.0,131.0,131.0
9387.0,5856583.55,5856583.55,5856935.431884685,1.0,0.0,0.0,351.8818846847862,351.8818846847862
9388.0,5856837.69,5856935.431884685,5857059.431884685,0.0,0.0,0.7882410055176625,221.74188468419015,124.0
9389.0,5856992.89,5857059.431884685,5857209.431884685,0.0,0.0,0.44361256456623477,216.5418846849352,150.0
9390.0,5857180.1,5857209.431884685,5857358.431884685,0.0,0.0,0.19685828647632528,178.33188468497247,149.0
9391.0,5857276.13,5857358.431884685,5857485.431884685,0.0,0.0,0.6480463361000921,209.3018846847117,127.0
9395.0,5857797.02,5857797.02,5857982.02,0.0,0.0,0.0,185.0,185.0
9392.0,5857289.71,5857485.431884685,5858198.547174192,0.0,1.0,0.27446036785977074,908.837174192071,713.1152895074338
9398.0,5858058.92,5858058.92,5858362.117143189,1.0,0.0,0.0,303.1971431886777,303.1971431886777
9399.0,5858070.56,5858198.547174192,5858388.487000183,0.0,0.0,0.6738301118502359,317.9270001836121,189.93982599116862
9394.0,5857646.67,5858388.487000183,5858510.487000183,0.0,0.0,6.080467214617023,863.8170001832768,122.0
9396.0,5857825.1499999985,5858510.487000183,5858604.487000183,0.0,0.0,7.290819150900983,779.3370001846924,94.0
9385.0,5855936.56,5855936.56,5859014.113097388,1.0,1.0,0.0,3077.553097388707,3077.553097388707
9404.0,5858833.95,5858833.95,5859281.650711681,1.0,1.0,0.0,447.7007116805762,447.7007116805762
9410.0,5860042.57,5860042.57,5860522.57,0.0,0.0,0.0,480.0,480.0
9411.0,5861576.14,5861576.14,5861766.14,0.0,0.0,0.0,190.0,190.0
9409.0,5859569.21,5859569.21,5862319.842381056,3.0,0.0,0.0,2750.6323810564354,2750.6323810564354
9412.0,5862827.44,5862827.44,5862908.44,0.0,0.0,0.0,81.0,81.0
9414.0,5863041.81,5863041.81,5863112.839879795,1.0,0.0,0.0,71.02987979538739,71.02987979538739
9417.0,5863287.22,5863287.22,5863343.840245511,3.0,0.0,0.0,56.62024551164359,56.62024551164359
9413.0,5862910.8599999985,5862910.8599999985,5863447.470610062,2.0,0.0,0.0,536.6106100631878,536.6106100631878
9418.0,5863607.32,5863607.32,5863753.32,0.0,0.0,0.0,146.0,146.0
9419.0,5863763.49,5863763.49,5863858.672657534,1.0,1.0,0.0,95.18265753332525,95.18265753332525
9420.0,5863856.6099999985,5863856.6099999985,5863935.820306368,1.0,1.0,0.0,79.21030636969954,79.21030636969954
9421.0,5863947.79,5863947.79,5864021.938791674,2.0,0.0,0.0,74.14879167359322,74.14879167359322
9422.0,5864085.53,5864085.53,5864133.53,0.0,0.0,0.0,48.0,48.0
9423.0,5864149.55,5864149.55,5864214.472597587,2.0,0.0,0.0,64.92259758710861,64.92259758710861
9424.0,5864226.18,5864226.18,5864314.18,0.0,0.0,0.0,88.0,88.0
9416.0,5863260.06,5863260.06,5864413.928672811,2.0,3.0,0.0,1153.8686728114262,1153.8686728114262
9427.0,5864460.92,5864460.92,5864507.92,0.0,0.0,0.0,47.0,47.0
9429.0,5864601.57,5864601.57,5864670.299443353,1.0,0.0,0.0,68.72944335266948,68.72944335266948
9430.0,5864647.16,5864647.16,5864760.016318092,1.0,0.0,0.0,112.85631809197366,112.85631809197366
9431.0,5864722.82,5864722.82,5864864.126426476,2.0,0.0,0.0,141.30642647575587,141.30642647575587
9432.0,5864784.8999999985,5864784.8999999985,5864871.171704137,3.0,0.0,0.0,86.27170413825661,86.27170413825661
9433.0,5864836.31,5864836.31,5864972.392033863,1.0,1.0,0.0,136.08203386329114,136.08203386329114
9415.0,5863146.57,5863146.57,5865006.450251932,1.0,0.0,0.0,1859.880251931958,1859.880251931958
9434.0,5864932.34,5864932.34,5865055.34,0.0,0.0,0.0,123.0,123.0
9435.0,5864969.2,5865055.34,5865151.447627372,1.0,0.0,0.89628682295959,182.24762737192214,96.10762737225741
9438.0,5865072.02,5865151.447627372,5865223.447627372,0.0,0.0,1.1031614912854921,151.42762737255543,72.0
9437.0,5865065.23,5865065.23,5865284.409364042,1.0,0.0,0.0,219.1793640414253,219.1793640414253
9440.0,5865163.2,5865163.2,5865342.2,0.0,0.0,0.0,179.0,179.0
9441.0,5865237.89,5865284.409364042,5865429.409364042,0.0,0.0,0.3208232002910869,191.5193640422076,145.0
9443.0,5865344.59,5865344.59,5865440.67986441,1.0,0.0,0.0,96.08986441046,96.08986441046
9444.0,5865349.44,5865429.409364042,5865482.989989589,3.0,0.0,1.4925052334667372,133.54998958855867,53.58062554709613
9447.0,5865416.37,5865429.409364042,5865497.235427871,0.0,1.0,0.1922470995006236,80.86542787123471,67.82606382947415
9446.0,5865407.64,5865429.409364042,5865571.318971435,0.0,1.0,0.1534030319875436,163.67897143494338,141.90960739273578
9449.0,5865480.39,5865482.989989589,5865612.728435336,2.0,1.0,0.02004023999470193,132.33843533601612,129.7384457467124
9450.0,5865524.04,5865545.1799883675,5865619.196793618,1.0,0.0,0.28561065687699777,95.15679361764342,74.01680525019765
9445.0,5865387.27,5865429.4836038165,5865647.79391007,2.0,0.0,0.19336514405253086,260.5239100707695,218.310306253843
9455.0,5865711.25,5865760.457255262,5865840.457255262,0.0,0.0,0.6150906907743774,129.2072552619502,80.0
9448.0,5865420.25,5865429.584687675,5865845.767594128,2.0,1.0,0.022429291377956476,425.5175941279158,416.1829064525664
9457.0,5865801.46,5865840.457255262,5865888.457255262,0.0,0.0,0.8124428179580718,86.99725526198745,48.0
9458.0,5865913.01,5865913.01,5865973.01,0.0,0.0,0.0,60.0,60.0
9456.0,5865756.84,5865760.457255262,5865994.76115295,0.0,1.0,0.01543830596840265,237.9211529502645,234.3038976881653
9460.0,5866021.6499999985,5866021.6499999985,5866068.6499999985,0.0,0.0,0.0,47.0,47.0
9454.0,5865700.58,5865700.58,5866069.310950803,2.0,1.0,0.0,368.7309508025646,368.7309508025646
9459.0,5865965.39,5866021.688699075,5866157.583725731,2.0,0.0,0.41428079055404676,192.19372573122382,135.8950266558677
9461.0,5866121.56,5866121.56,5866286.56,0.0,0.0,0.0,165.0,165.0
9464.0,5866221.47,5866221.47,5866323.130917218,1.0,0.0,0.0,101.66091721784323,101.66091721784323
9465.0,5866277.73,5866286.56,5866353.56,0.0,0.0,0.1317910447633311,75.82999999914318,67.0
9463.0,5866168.12,5866221.593457023,5866359.593457023,0.0,0.0,0.38748881900413096,191.47345702257007,138.0
9462.0,5866165.21,5866221.510887455,5866368.201777208,0.0,1.0,0.38380629874313277,202.9917772077024,146.69088975246996
9466.0,5866407.71,5866407.71,5866529.71,0.0,0.0,0.0,122.0,122.0
9467.0,5866698.71,5866698.71,5866950.71,0.0,0.0,0.0,252.0,252.0
9471.0,5867203.1099999985,5867203.1099999985,5867267.277352132,1.0,0.0,0.0,64.16735213343054,64.16735213343054
9468.0,5866707.44,5867203.13062026,5867345.687631615,0.0,1.0,3.4771395355837758,638.2476316150278,142.55701135564595
9472.0,5867349.58,5867349.58,5867401.219362333,3.0,0.0,0.0,51.63936233334243,51.63936233334243
9469.0,5866723.93,5867203.157579276,5867426.110319768,0.0,3.0,2.1494581238064216,702.1803197683766,222.9527404922992
9470.0,5866993.59,5867203.212616161,5867479.212616161,0.0,0.0,0.7595022324695373,485.6226161615923,276.0
9473.0,5867564.92,5867564.92,5867880.92,0.0,0.0,0.0,316.0,316.0
9474.0,5867747.28,5867880.92,5867946.226240521,3.0,0.0,2.046358800211922,198.9462405210361,65.30624052137136
9476.0,5867976.2,5867976.2,5868142.2,0.0,0.0,0.0,166.0,166.0
9475.0,5867949.04,5867976.208890687,5871619.208890687,0.0,0.0,0.007457834391080348,3670.1688906867057,3643.0
9479.0,5868404.94,5871619.208890687,5871706.689107393,0.0,1.0,36.742808965396286,3301.749107392505,87.48021670617163
9478.0,5868303.09,5871619.208890687,5871722.779582712,0.0,1.0,32.01792732911778,3419.689582712017,103.57069202512503
9483.0,5868790.03,5871619.526686048,5871801.692511433,1.0,1.0,15.53253295492165,3011.6625114325434,182.165825384669
9477.0,5868269.14,5871619.254668777,5871807.254668777,0.0,0.0,17.819758876474534,3538.1146687772125,188.0
9480.0,5868470.8999999985,5871619.328136751,5871937.109289352,0.0,1.0,9.907535771046016,3466.209289353341,317.7811526004225
9451.0,5865575.45,5865612.728435336,5872632.775308148,2.0,0.0,0.005310282966894258,7057.325308147818,7020.046872812323
9481.0,5868572.75,5871619.208890687,5872649.168873647,0.0,1.0,2.9578419949191583,4076.418873647228,1029.959982960485
9488.0,5871515.73,5871619.677928309,5875336.677928309,0.0,0.0,0.027965544339120067,3820.9479283085093,3717.0
9489.0,5875544.14,5875544.14,5879373.14,0.0,0.0,0.0,3829.0,3829.0
9490.0,5879379.52,5879379.52,5883404.214292553,0.0,1.0,0.0,4024.6942925537005,4024.6942925537005
9439.0,5865072.99,5865151.447627372,5884187.691213133,17.0,27.0,0.004121486837380666,19114.70121313259,19036.243585760705
9452.0,5865651.1099999985,5884187.691213133,5884654.109089623,1.0,0.0,39.74243301439196,19002.999089624733,466.4178764903918
9453.0,5865654.99,5884654.109089623,5884782.109089623,0.0,0.0,148.43061788767955,19127.119089622982,128.0
9486.0,5869348.75,5884782.109089623,5884929.109089623,0.0,0.0,104.98883734437554,15580.359089623205,147.0
9493.0,5884272.2,5884272.2,5885663.49098944,1.0,0.0,0.0,1391.2909894399345,1391.2909894399345
9494.0,5886533.27,5886533.27,5886936.492370917,1.0,0.0,0.0,403.22237091790885,403.22237091790885
9375.0,5850799.44,5850799.44,5886957.44897412,2.0,0.0,0.0,36158.00897412002,36158.00897412002
9487.0,5870146.09,5884929.109089623,5899101.328466572,2.0,2.0,1.0430983811659145,28955.238466572016,14172.219376948662
9425.0,5864370.71,5864370.71,5909239.048567796,2.0,2.0,0.0,44868.33856779616,44868.33856779616
9482.0,5868638.71,5871619.411420457,5916588.044232881,1.0,0.0,0.06628401252247132,47949.334232880734,44968.63281242363
9484.0,5868990.82,5909239.048567796,5920039.048567796,0.0,0.0,3.7266878303514654,51048.22856779583,10800.0
9500.0,5916977.69,5920039.048567796,5920135.048567796,0.0,0.0,31.889151747872045,3157.358567795716,96.0
9509.0,5917882.7,5920039.076182674,5920156.603733299,1.0,0.0,18.347835645300368,2273.903733299114,117.52755062561482
9497.0,5916596.48,5920039.048567796,5920163.579459072,0.0,1.0,27.644293978165067,3567.0994590716437,124.53089127596468
9498.0,5916704.1499999985,5920039.048567796,5920187.673207266,0.0,1.0,22.438396349939314,3483.5232072677463,148.6246394701302
9501.0,5916980.6,5920135.048567796,5920273.048567796,0.0,0.0,22.85832295504709,3292.4485677964985,138.0
9510.0,5918830.39,5920156.603733299,5920308.291650099,2.0,0.0,8.743041379182932,1477.9016500990838,151.68791679944843
9507.0,5917770.18,5920273.048567796,5920421.93374686,0.0,0.0,16.81073014471481,2651.7537468606606,148.88517906423658
9502.0,5916988.3599999985,5920039.048567796,5920433.294530508,2.0,0.0,7.738033756420083,3444.934530509636,394.24596271198243
9504.0,5917237.6499999985,5920273.048567796,5920435.206181322,1.0,0.0,18.718816229427823,3197.5561813237146,162.15761352609843
9505.0,5917286.1499999985,5920273.048567796,5920545.703783443,1.0,1.0,10.954855789972841,3259.5537834446877,272.6552156470716
9496.0,5912904.66,5916588.044232881,5920585.664829179,0.0,1.0,0.9213941503832388,7681.004829178564,3997.6205962980166
9506.0,5917606.25,5920435.206181322,5920911.766060756,1.0,1.0,5.9362029902431,3305.516060755588,476.5598794333637
9515.0,5922596.8999999985,5922596.8999999985,5923106.644487512,1.0,0.0,0.0,509.74448751378804,509.74448751378804
9514.0,5922140.03,5922140.03,5923154.0155209415,1.0,0.0,0.0,1013.9855209412053,1013.9855209412053
9499.0,5916809.88,5920039.048567796,5923200.848068349,1.0,1.0,1.021307191436876,6390.968068349175,3161.7995005529374
9491.0,5879542.48,5884187.691213133,5923425.963984103,2.0,0.0,0.11838470159596472,43883.483984102495,39238.27277097013
9513.0,5921915.96,5921915.96,5924805.41108986,1.0,0.0,0.0,2889.45108985994,2889.45108985994
9522.0,5926063.68,5926063.68,5926239.947590786,2.0,1.0,0.0,176.2675907863304,176.2675907863304
9525.0,5926342.07,5926342.07,5926447.860661609,1.0,0.0,0.0,105.79066160880029,105.79066160880029
9526.0,5926432.28,5926432.28,5926525.28,0.0,0.0,0.0,93.0,93.0
9527.0,5926613.67,5926613.67,5926730.67,0.0,0.0,0.0,117.0,117.0
9528.0,5926730.07,5926730.07,5926823.07,0.0,0.0,0.0,93.0,93.0
9531.0,5927491.52,5927491.52,5927612.52,0.0,0.0,0.0,121.0,121.0
9495.0,5887067.74,5887067.74,5928199.381615477,3.0,2.0,0.0,41131.64161547646,41131.64161547646
9517.0,5925483.62,5925483.62,5928332.225449778,2.0,1.0,0.0,2848.605449778028,2848.605449778028
9529.0,5926828.04,5928199.381615477,5928336.381615477,0.0,0.0,10.009792813698143,1508.3416154766455,137.0
9533.0,5928386.83,5928386.83,5928780.735553153,2.0,1.0,0.0,393.9055531527847,393.9055531527847
9523.0,5926231.49,5926239.947590786,5928939.947590786,0.0,0.0,0.0031324410317810597,2708.457590785809,2700.0
9535.0,5928657.46,5928657.46,5928989.511419794,1.0,0.0,0.0,332.05141979362816,332.05141979362816
9534.0,5928598.29,5928598.29,5929294.39952191,2.0,1.0,0.0,696.1095219096169,696.1095219096169
9537.0,5929300.57,5929300.57,5930555.159098161,1.0,0.0,0.0,1254.5890981610864,1254.5890981610864
9536.0,5929184.17,5929184.17,5931229.536837044,1.0,0.0,0.0,2045.3668370442465,2045.3668370442465
9541.0,5930774.97,5931229.536837044,5931327.466043029,1.0,0.0,4.641790285882115,552.4960430292413,97.9292059848085
9543.0,5931168.79,5931229.536837044,5931327.991693024,0.0,1.0,0.6170019390088031,159.20169302355498,98.45485597942024
9544.0,5931273.55,5931327.991693024,5931424.11961797,3.0,0.0,0.5663462833956286,150.56961796991527,96.12792494613677
9545.0,5931366.67,5931424.11961797,5931534.11961797,0.0,0.0,0.5222692542709411,167.4496179698035,110.0
9524.0,5926247.98,5928939.947590786,5931639.947590786,0.0,0.0,0.9970250336242908,5391.967590785585,2700.0
9546.0,5931477.25,5931534.11961797,5931650.921683903,1.0,0.0,0.48688880214062785,173.67168390285224,116.80206593312323
9532.0,5927521.59,5931639.947590786,5931762.947590786,0.0,0.0,33.48258203891204,4241.357590786181,123.0
9547.0,5931801.23,5931801.23,5931948.23,0.0,0.0,0.0,147.0,147.0
9549.0,5932034.03,5932034.03,5932266.420813548,1.0,0.0,0.0,232.39081354811788,232.39081354811788
9542.0,5931065.0,5931639.947590786,5932449.967362639,2.0,1.0,0.7097945146093365,1384.967362638563,810.0197718525305
9548.0,5931980.68,5931980.68,5932642.90118908,2.0,1.0,0.0,662.2211890807375,662.2211890807375
9551.0,5933047.68,5933047.68,5933143.579485178,1.0,0.0,0.0,95.8994851782918,95.8994851782918
9553.0,5934179.67,5934179.67,5934335.706253736,1.0,0.0,0.0,156.0362537363544,156.0362537363544
9554.0,5934305.77,5934305.77,5934433.77,0.0,0.0,0.0,128.0,128.0
9556.0,5934869.34,5934869.34,5934981.881162562,3.0,0.0,0.0,112.54116256255656,112.54116256255656
9557.0,5934884.8599999985,5934884.8599999985,5935003.8855782095,2.0,0.0,0.0,119.02557821106166,119.02557821106166
9558.0,5934996.41,5934996.41,5935179.41,0.0,0.0,0.0,183.0,183.0
9559.0,5935523.12,5935523.12,5935717.631095676,1.0,0.0,0.0,194.5110956756398,194.5110956756398
9561.0,5936602.73,5936602.73,5936779.893175827,2.0,0.0,0.0,177.16317582689226,177.16317582689226
9562.0,5936852.02,5936852.02,5937130.419764305,1.0,0.0,0.0,278.39976430591196,278.39976430591196
9563.0,5937013.04,5937013.04,5937145.264514205,1.0,0.0,0.0,132.22451420500875,132.22451420500875
9565.0,5937261.3599999985,5937261.3599999985,5937438.3599999985,0.0,0.0,0.0,177.0,177.0
9564.0,5937142.05,5937142.05,5937490.649720028,1.0,0.0,0.0,348.59972002822906,348.59972002822906
9566.0,5937456.33,5937456.33,5937715.084805413,2.0,0.0,0.0,258.7548054130748,258.7548054130748
9567.0,5937659.06,5937659.06,5937809.944707603,1.0,0.0,0.0,150.8847076036036,150.8847076036036
9568.0,5937778.37,5937778.37,5938004.8904430205,1.0,0.0,0.0,226.52044302038848,226.52044302038848
9569.0,5937936.48,5937936.48,5938128.60353071,1.0,0.0,0.0,192.1235307091847,192.1235307091847
9570.0,5937946.18,5937946.18,5938255.577148259,1.0,1.0,0.0,309.3971482589841,309.3971482589841
9571.0,5938187.71,5938187.71,5938321.71,0.0,0.0,0.0,134.0,134.0
9572.0,5938423.42,5938423.42,5938740.201818377,2.0,1.0,0.0,316.78181837685406,316.78181837685406
9560.0,5935678.32,5935678.32,5938881.7390465895,1.0,0.0,0.0,3203.4190465891734,3203.4190465891734
9577.0,5939407.0,5939407.0,5939544.646384825,2.0,0.0,0.0,137.64638482499868,137.64638482499868
9576.0,5939392.45,5939392.45,5939672.749990795,2.0,0.0,0.0,280.2999907946214,280.2999907946214
9578.0,5939835.74,5939835.74,5939905.235363265,1.0,0.0,0.0,69.49536326434463,69.49536326434463
9579.0,5939862.8999999985,5939862.8999999985,5940101.181020767,1.0,0.0,0.0,238.2810207689181,238.2810207689181
9580.0,5940010.34,5940010.34,5940113.806016018,3.0,0.0,0.0,103.46601601783186,103.46601601783186
9581.0,5940170.39,5940170.39,5940256.3027639855,2.0,0.0,0.0,85.91276398580521,85.91276398580521
9582.0,5940213.07,5940213.07,5940295.936250764,2.0,0.0,0.0,82.86625076364726,82.86625076364726
9584.0,5940368.27,5940368.27,5940427.649707375,1.0,0.0,0.0,59.37970737554133,59.37970737554133
9583.0,5940311.04,5940311.04,5940573.573716259,1.0,0.0,0.0,262.5337162585929,262.5337162585929
9585.0,5940372.1499999985,5940372.1499999985,5940732.388713026,3.0,0.0,0.0,360.2387130279094,360.2387130279094
9586.0,5940756.27,5940756.27,5940869.7046197755,2.0,0.0,0.0,113.43461977597326,113.43461977597326
9588.0,5940851.33,5940851.33,5940955.33,0.0,0.0,0.0,104.0,104.0
9587.0,5940836.78,5940836.78,5941027.532826276,1.0,0.0,0.0,190.75282627530396,190.75282627530396
9589.0,5941196.6499999985,5941196.6499999985,5941610.6499999985,0.0,0.0,0.0,414.0,414.0
9573.0,5938557.28,5938557.28,5944269.239421633,1.0,2.0,0.0,5711.959421632811,5711.959421632811
9590.0,5941806.78,5941806.78,5945194.300663883,1.0,0.0,0.0,3387.5206638826057,3387.5206638826057
9591.0,5943784.6099999985,5943784.6099999985,5946113.862051417,1.0,0.0,0.0,2329.252051418647,2329.252051418647
9593.0,5947208.71,5947208.71,5947336.71,0.0,0.0,0.0,128.0,128.0
9594.0,5947383.31,5947383.31,5947502.413977687,1.0,0.0,0.0,119.10397768765688,119.10397768765688
9595.0,5947497.77,5947497.77,5947682.931058374,2.0,1.0,0.0,185.16105837468058,185.16105837468058
9597.0,5948232.06,5948232.06,5948351.219125019,1.0,0.0,0.0,119.15912501979619,119.15912501979619
9592.0,5945626.64,5945626.64,5948355.300083322,2.0,0.0,0.0,2728.660083322786,2728.660083322786
9598.0,5948349.43,5948349.43,5948578.848865822,1.0,0.0,0.0,229.4188658222556,229.4188658222556
9599.0,5948397.93,5948397.93,5948715.299701953,1.0,0.0,0.0,317.3697019536048,317.3697019536048
9601.0,5948614.24,5948614.24,5948757.055094649,1.0,0.0,0.0,142.8150946488604,142.8150946488604
9604.0,5948981.87,5948981.87,5949175.231416128,1.0,0.0,0.0,193.36141612753272,193.36141612753272
9607.0,5949230.19,5949279.876196333,5949398.421287636,1.0,0.0,0.4191333085717788,168.23128763586283,118.54509130306542
9608.0,5949279.66,5949279.66,5949404.954141456,0.0,0.0,0.0,125.29414145555347,125.29414145555347
9609.0,5949428.07,5949428.07,5949492.07,0.0,0.0,0.0,64.0,64.0
9606.0,5949147.74,5949279.748678033,5949493.696538911,1.0,1.0,0.617013311052997,345.95653891097754,213.94786087796092
9610.0,5949430.98,5949492.07,5949558.079398359,2.0,1.0,0.9254742736439183,127.09939835872501,66.00939835887402
9613.0,5949557.08,5949767.72181924,5949858.144678113,0.0,1.0,2.3295195691009134,301.06467811297625,90.42285887338221
9605.0,5949138.04,5949279.66627553,5950301.639870155,1.0,0.0,0.138581149527758,1163.5998701546341,1021.9735946245492
9618.0,5950241.8999999985,5950301.639870155,5950897.980319053,2.0,1.0,0.10017745780372717,656.0803190544248,596.3404488982633
9611.0,5949469.78,5949493.696538911,5954832.884144223,0.0,1.0,0.004479434078537551,5363.104144223034,5339.187605312094
9629.0,5954667.04,5954833.789453196,5954996.1166672725,1.0,0.0,1.027242746358247,329.0766672724858,162.32721407618374
9631.0,5954843.58,5954996.1166672725,5955181.614347241,0.0,1.0,0.8223103776740642,338.0343472408131,185.49767996836454
9622.0,5952940.44,5954832.9617393855,5955203.52891551,1.0,1.0,5.1070949110489945,2263.088915509172,370.567176124081
9632.0,5954846.49,5954996.162377444,5955299.162377444,0.0,0.0,0.4939682423890178,452.6723774438724,303.0
9633.0,5955347.98,5955347.98,5955708.047691597,2.0,0.0,0.0,360.0676915962249,360.0676915962249
9634.0,5955822.31,5955822.31,5956093.31,0.0,0.0,0.0,271.0,271.0
9635.0,5956465.42,5956465.42,5957087.42,0.0,0.0,0.0,622.0,622.0
9552.0,5933720.8599999985,5933720.8599999985,5959718.136928231,2.0,0.0,0.0,25997.276928232983,25997.276928232983
9623.0,5953143.17,5954832.884144223,5960311.816877449,0.0,0.0,0.30840206049191204,7168.646877449006,5478.932733225636
9637.0,5957273.43,5959718.159296022,5960676.501041373,2.0,1.0,2.550999482053835,3403.071041373536,958.3417453514412
9636.0,5957076.52,5957087.42,5961160.42,0.0,0.0,0.0026761600786576307,4083.9000000003725,4073.0
9638.0,5958008.69,5959718.136928231,5963475.587316015,0.0,3.0,0.45494863585930356,5466.897316014394,3757.4503877833486
9640.0,5961073.89,5961160.42,5964257.856881781,1.0,0.0,0.027936001055981888,3183.966881780885,3097.4368817806244
9639.0,5960947.79,5960947.79,5964688.131969926,0.0,2.0,0.0,3740.3419699259102,3740.3419699259102
9642.0,5965063.5,5965063.5,5966505.619786993,0.0,1.0,0.0,1442.119786992669,1442.119786992669
9641.0,5963913.08,5964257.856881781,5967207.77949326,1.0,1.0,0.11687658531744982,3294.699493260123,2949.9226114796475
9492.0,5879665.67,5884187.691213133,5968603.232797404,1.0,1.0,0.05356858616631168,88937.5627974039,84415.541584271
9630.0,5954668.98,5954834.036994862,5968692.733962392,3.0,0.0,0.011909993792969129,14023.753962391987,13858.696967530064
9647.0,5967758.16,5968603.232797404,5970389.110717718,0.0,1.0,0.4731974049240783,2630.950717717409,1785.8779203137383
9600.0,5948558.95,5948558.95,5971071.902204818,1.0,2.0,0.0,22512.952204817906,22512.952204817906
9627.0,5954196.59,5954833.395611596,5971516.279066006,3.0,0.0,0.03817119584493229,17319.68906600587,16682.883454409428
9648.0,5969367.39,5969367.39,5972400.952739141,1.0,1.0,0.0,3033.5627391412854,3033.5627391412854
9617.0,5950211.83,5950211.83,5975598.016446465,1.0,1.0,0.0,25386.18644646462,25386.18644646462
9538.0,5930018.37,5930018.37,5977818.594158257,3.0,2.0,0.0,47800.224158257246,47800.224158257246
9625.0,5953831.87,5954833.122364692,5978533.651393089,1.0,1.0,0.04224599220939822,24701.78139308933,23700.529028397053
9616.0,5949767.57,5949767.57,5979696.57,0.0,0.0,0.0,29929.0,29929.0
9624.0,5953572.88,5954833.020569717,5982187.190094206,0.0,1.0,0.04606758646386776,28614.310094205663,27354.16952448897
9620.0,5951166.31,5954832.890115846,5983542.531828911,0.0,1.0,0.12771249995007017,32376.221828911453,28709.641713065095
9628.0,5954440.06,5954833.5711289225,5984051.3878444685,0.0,1.0,0.013468190753402479,29611.327844468877,29217.816715545952
9626.0,5953986.1,5954833.255475204,5984235.21519281,0.0,1.0,0.028812891499118407,30249.115192810073,29401.959717605263
9619.0,5950423.29,5950897.980319053,5987685.324448131,0.0,1.0,0.012903631134319492,37262.03444813099,36787.34412907809
9651.0,5974389.08,5975598.043960963,5991110.139693589,3.0,0.0,0.07793685532900411,16721.059693588875,15512.095732625574
9621.0,5952434.1,5954832.910414011,5992037.30502359,0.0,1.0,0.06447653400047469,39603.205023590475,37204.394609578885
9574.0,5939187.78,5939187.78,5992597.248876127,1.0,1.0,0.0,53409.46887612715,53409.46887612715
9650.0,5974311.48,5975598.016446465,5992907.928580745,1.0,0.0,0.07432368440024605,18596.448580744676,17309.91213428043
9649.0,5972817.68,5972817.68,5995154.140071706,2.0,0.0,0.0,22336.460071706213,22336.460071706213
9658.0,5976918.84,5977818.594158257,5995753.981814902,3.0,0.0,0.05016641822760687,18835.141814902425,17935.387656644918
9653.0,5974640.31,5975598.206214131,5996130.206214131,0.0,0.0,0.04665381911802386,21489.896214131266,20532.0
9655.0,5976402.8,5977818.594158257,5996455.358118192,3.0,0.0,0.07596781079060717,20052.55811819248,18636.763959934935
9652.0,5974532.64,5975598.104116055,5996556.104116055,0.0,0.0,0.05083806260404229,22023.46411605552,20958.0
9643.0,5965769.66,5967025.828148128,5998712.102549128,2.0,1.0,0.039643920652554884,32942.442549128085,31686.27440099977
9659.0,5977969.35,5978533.651393089,5999820.1729578525,1.0,0.0,0.026509798295271534,21850.822957852855,21286.52156476304
9660.0,5978757.96,5979696.57,6005102.233821735,2.0,1.0,0.036944911441257305,26344.273821734823,25405.663821734488
9667.0,6001845.8999999985,6005102.273566263,6005266.321250146,2.0,0.0,19.850164837302167,3420.421250147745,164.04768388345838
9645.0,5967352.7,5967352.7,6005429.129510838,2.0,0.0,0.0,38076.42951083742,38076.42951083742
9671.0,6003319.33,6005102.681214549,6005530.370976254,0.0,1.0,4.169730898949457,2211.0409762542695,427.6897617056966
9672.0,6005445.57,6005445.57,6006245.57,0.0,0.0,0.0,800.0,800.0
9674.0,6006300.14,6006300.14,6006579.939667791,0.0,1.0,0.0,279.79966779146343,279.79966779146343
9678.0,6006376.77,6006580.097390578,6006684.754189823,2.0,0.0,1.9428015384187582,307.98418982326984,104.65679924469441
9675.0,6006305.96,6006579.939667791,6006686.01933048,1.0,0.0,2.5827728034391244,380.05933048017323,106.07966268900782
9679.0,6006720.1499999985,6006720.1499999985,6006849.631005373,0.0,1.0,0.0,129.4810053743422,129.4810053743422
9676.0,6006321.48,6006579.971099169,6006946.116259577,0.0,1.0,0.7059798329183887,624.6362595763057,366.14516040775925
9677.0,6006337.0,6006580.011955916,6006964.524919314,0.0,1.0,0.6319993837611845,627.52491931431,384.5129633983597
9596.0,5947676.25,5947676.25,6007344.25,0.0,0.0,0.0,59668.0,59668.0
9555.0,5934765.55,5934765.55,6007875.026908819,1.0,0.0,0.0,73109.47690881882,73109.47690881882
9661.0,5994260.5,5994260.5,6009242.427879912,3.0,0.0,0.0,14981.927879911847,14981.927879911847
9682.0,6009078.22,6009242.427879912,6009369.379306043,2.0,0.0,1.2934701477321446,291.15930604282767,126.95142613071948
9670.0,6002263.0,6005102.505192895,6011337.803721512,3.0,0.0,0.4553920201035729,9074.803721511737,6235.298528616317
9684.0,6010207.3,6011337.803721512,6011433.803721512,0.0,0.0,11.776080432415862,1226.5037215119228,96.0
9685.0,6010252.89,6011337.803721512,6011443.65803308,2.0,0.0,10.249121697875681,1190.7680330807343,105.85431156866252
9687.0,6010372.2,6011337.803721512,6011468.247202946,1.0,1.0,7.40246818695269,1096.0472029456869,130.44348143413663
9686.0,6010276.17,6011337.803721512,6011509.866459531,0.0,1.0,6.170038520451318,1233.6964595308527,172.06273801904172
9688.0,6010659.32,6011337.803721512,6011537.803721512,0.0,0.0,3.3924186075571923,878.4837215114385,200.0
9683.0,6009994.87,6009994.87,6011715.43360693,0.0,1.0,0.0,1720.5636069299653,1720.5636069299653
9657.0,5976697.68,5977818.594158257,6012069.916510194,0.0,1.0,0.03272615716088666,35372.23651019391,34251.32235193625
9691.0,6011544.93,6011544.93,6012076.859342523,0.0,0.0,0.0,531.9293425232172,531.9293425232172
9693.0,6011928.08,6012076.859342523,6012275.280526196,3.0,0.0,0.7498158199087966,347.2005261955783,198.4211836727336
9689.0,6010863.02,6011337.803721512,6012331.804918587,2.0,1.0,0.4776490439941943,1468.7849185876548,994.0011970754713
9695.0,6012374.28,6012374.28,6012477.191648264,2.0,1.0,0.0,102.91164826415479,102.91164826415479
9694.0,6012295.71,6012374.328201811,6012500.523614405,1.0,0.0,0.6229877948405768,204.8136144047603,126.1954125938937
9615.0,5949588.12,5949768.012461564,6012538.292219919,2.0,1.0,0.0028658859297104595,62950.17221991904,62770.27975835558
9690.0,6011280.12,6011337.803721512,6012847.567040137,0.0,0.0,0.038207128759856816,1567.4470401369035,1509.7633186252788
9696.0,6012697.29,6012697.29,6013012.109673293,2.0,1.0,0.0,314.81967329327017,314.81967329327017
9697.0,6013139.6099999985,6014306.596823089,6014822.587824324,0.0,1.0,2.2616418121566038,1682.9778243256733,515.9910012353212
9656.0,5976534.72,5977818.594158257,6015194.309276931,0.0,1.0,0.03435049079813245,38659.58927693125,37375.71511867363
9654.0,5976210.74,5977818.594158257,6015266.939150329,0.0,1.0,0.042935252775457795,39056.199150328524,37448.34499207139
9662.0,5994519.49,5995154.140071706,6015924.140071706,0.0,0.0,0.030556093967534496,21404.65007170569,20770.0
9704.0,6015563.64,6015924.162516453,6016105.386183271,3.0,0.0,1.9893787758744668,541.7461832715198,181.22366681788117
9706.0,6015988.5,6016105.386183271,6016223.00223294,2.0,0.0,0.9937944999885419,234.50223293993622,117.61604966875166
9664.0,5994823.1,5995154.166389532,6016307.166389532,0.0,0.0,0.015651037183035964,21484.06638953276,21153.0
9705.0,6015971.04,6016105.386183271,6016378.638783727,0.0,1.0,0.4916556440711677,407.59878372680396,273.25260045565665
9707.0,6016343.52,6016343.52,6016559.52,0.0,0.0,0.0,216.0,216.0
9708.0,6016739.28,6016739.28,6016815.809335008,2.0,0.0,0.0,76.52933500800282,76.52933500800282
9709.0,6016842.1,6016842.1,6016951.1,0.0,0.0,0.0,109.0,109.0
9710.0,6016983.72,6016983.72,6017061.72,0.0,0.0,0.0,78.0,78.0
9698.0,6013871.96,6014306.702225388,6017390.282151652,1.0,1.0,0.1409862029796173,3518.322151651606,3083.579926263541
9711.0,6017887.76,6017887.76,6017988.76,0.0,0.0,0.0,101.0,101.0
9712.0,6017985.73,6017988.76,6018117.76,0.0,0.0,0.023488372087825175,132.02999999932945,129.0
9713.0,6018005.13,6018117.76,6018228.581283559,1.0,0.0,1.0163210204978834,223.45128355920315,110.8212835593149
9714.0,6018379.55,6018379.55,6018464.790378919,1.0,0.0,0.0,85.24037891905755,85.24037891905755
9715.0,6018411.56,6018464.790378919,6018514.198719457,2.0,0.0,1.0773561374405416,102.63871945720166,49.408340537920594
9575.0,5939240.16,5939240.16,6018885.028146286,1.0,1.0,0.0,79644.86814628541,79644.86814628541
9717.0,6018866.49,6018885.041035817,6018997.758786102,1.0,0.0,0.16457954288393395,131.26878610160202,112.7177502848208
9716.0,6018754.94,6018885.028146286,6019026.370410006,0.0,1.0,0.9203768417269799,271.4304100051522,141.3422637199983
9665.0,6000148.3999999985,6000148.3999999985,6019291.00203429,1.0,0.0,0.0,19142.602034291252,19142.602034291252
9721.0,6019274.8599999985,6019291.08067402,6019731.048303647,0.0,1.0,0.03686788056409808,456.1883036484942,439.96762962732464
9720.0,6019224.42,6019291.021269232,6020180.807234992,1.0,0.0,0.07485088751113833,956.3872349923477,889.7859657602385
9723.0,6019668.68,6019731.069091195,6020385.069091195,0.0,0.0,0.09539616390755144,716.3890911955386,654.0
9724.0,6020543.62,6020543.62,6020661.414137123,1.0,0.0,0.0,117.79413712304085,117.79413712304085
9725.0,6020605.7,6020661.414137123,6021098.361703032,2.0,0.0,0.1275076038176803,492.6617030315101,436.94756590854377
9726.0,6020659.05,6020661.456887144,6021133.456887144,0.0,0.0,0.005099337169174421,474.4068871438503,472.0
9727.0,6021081.97,6021098.361703032,6021289.326730681,3.0,0.0,0.08583615143443674,207.35673068091273,190.96502764895558
9728.0,6021144.05,6021144.05,6021601.415101197,0.0,1.0,0.0,457.36510119680315,457.36510119680315
9729.0,6021289.55,6021289.55,6021765.3711997,1.0,0.0,0.0,475.8211997002363,475.8211997002363
9730.0,6021728.96,6021728.96,6022070.2605032725,0.0,0.0,0.0,341.3005032725632,341.3005032725632
9732.0,6022084.95,6022084.95,6022629.055213845,2.0,0.0,0.0,544.1052138451487,544.1052138451487
9731.0,6021850.21,6022084.972847124,6022855.972847124,0.0,0.0,0.30449137110722124,1005.7628471236676,771.0
9669.0,6002194.13,6005102.378298424,6022925.258566959,3.0,0.0,0.16317498937355568,20731.12856695894,17822.880268534645
9734.0,6022859.98,6022859.98,6023169.98,0.0,0.0,0.0,310.0,310.0
9737.0,6023124.79,6023169.98,6023331.521190714,1.0,0.0,0.27974289282363796,206.7311907140538,161.54119071364403
9738.0,6023297.45,6023351.784684725,6023500.081662919,1.0,0.0,0.36639104441994746,202.63166291918606,148.29697819426656
9740.0,6023390.57,6023500.081662919,6023794.263294415,2.0,0.0,0.3722586701367331,403.6932944143191,294.1816314952448
9744.0,6023789.24,6023794.263294415,6024183.26770447,0.0,1.0,0.012913206854589026,394.0277044698596,389.004410055466
9719.0,6019002.29,6019291.00203429,6024223.893170504,0.0,1.0,0.05852795578037101,5221.603170503862,4932.891136214137
9746.0,6024141.35,6024183.26770447,6024591.166592493,0.0,0.0,0.1027649393055692,449.8165924930945,407.89888802263886
9666.0,6000209.51,6005102.233821735,6024635.428568655,1.0,0.0,0.2504825188673511,24425.918568654917,19533.194746919908
9663.0,5994590.3,5995154.140071706,6024658.501917888,0.0,0.0,0.019110397121809137,30068.201917888597,29504.361846182495
9745.0,6024079.27,6024183.26770447,6024827.26770447,0.0,0.0,0.16148711874305924,747.9977044705302,644.0
9668.0,6002161.1499999985,6005102.322362558,6027723.724305034,2.0,0.0,0.13001724517510568,25562.574305035174,22621.4019424757
9692.0,6011625.44,6011715.43360693,6027727.598528729,0.0,0.0,0.0056203272555075436,16102.15852872841,16012.164921798743
9718.0,6018904.32,6018997.758786102,6027899.672002415,2.0,0.0,0.01049648360200757,8995.352002414875,8901.913216313347
9743.0,6023487.57,6023500.117672866,6029166.014535388,1.0,1.0,0.0022145960596126387,5678.44453538768,5665.896862521768
9754.0,6028845.85,6029166.271120999,6029257.690499515,1.0,0.0,3.504958425662185,411.8404995156452,91.41937851626426
9753.0,6028681.92,6029166.146915424,6029284.6703990875,2.0,0.0,4.0854934436226324,602.7503990875557,118.52348366379738
9755.0,6028863.31,6029166.418730905,6029300.07803069,0.0,1.0,2.2677713514492215,436.76803069002926,133.65929978433996
9756.0,6028873.98,6029257.690499515,6029333.3325847555,2.0,0.0,5.072711815072867,459.35258475504816,75.64208524022251
9757.0,6028934.12,6029284.6703990875,6029398.268383855,1.0,0.0,3.0858857206382617,464.1483838548884,113.59798476751894
9758.0,6028952.55,6029300.07803069,6029460.119567826,0.0,0.0,2.171486458498645,507.56956782657653,160.04153713677078
9759.0,6028967.1,6029333.3325847555,6029483.281546287,0.0,1.0,2.442381601144588,516.1815462876111,149.9489615317434
9760.0,6028982.62,6029398.268383855,6029503.453485818,1.0,0.0,3.9515898744147897,520.8334858175367,105.18510196264833
9701.0,6014597.52,6014822.587824324,6029860.612940962,2.0,0.0,0.014966581221863685,15263.092940962873,15038.02511663828
9703.0,6015309.5,6015924.140071706,6034093.632322636,1.0,0.0,0.0338281369241035,18784.132322636433,18169.492250930518
9736.0,6023062.71,6023169.98,6036104.866616621,0.0,2.0,0.00829307617297947,13042.15661662072,12934.886616620235
9735.0,6023034.58,6023034.58,6036461.847773879,0.0,2.0,0.0,13427.26777387876,13427.26777387876
9646.0,5967567.07,5968603.232797404,6037390.78465995,0.0,1.0,0.01506323120023256,69823.71465994976,68787.55186254624
9644.0,5967025.81,5967025.81,6037918.354528514,0.0,1.0,0.0,70892.54452851415,70892.54452851415
9742.0,6023472.05,6023500.081662919,6040781.46466173,2.0,0.0,0.0016220728932104043,17309.41466173064,17281.38299881108
9788.0,6038830.06,6040781.46466173,6040882.46466173,0.0,0.0,19.32083823495904,2052.404661730863,101.0
9789.0,6038875.6499999985,6040781.485386789,6040925.141478543,0.0,1.0,13.266652068257734,2049.49147854466,143.65609175432473
9764.0,6031881.95,6040781.46466173,6040935.6859958535,1.0,1.0,57.70611901612377,9053.73599585332,154.22133412305266
9700.0,6014306.52,6014306.52,6043445.099509336,0.0,0.0,0.0,29138.5795093365,29138.5795093365
9702.0,6015013.6499999985,6015194.309276931,6045178.766624522,0.0,0.0,0.006025097430919155,30165.116624523886,29984.457347591408
9540.0,5930109.55,5930555.159098161,6046289.223490966,1.0,1.0,0.003850284706576647,116179.67349096574,115734.06439280417
9733.0,6022532.12,6022629.055213845,6047203.055213845,0.0,0.0,0.003944624963181541,24670.935213845223,24574.0
9772.0,6035200.32,6047203.055213845,6047425.9172683265,0.0,0.0,53.85724026365875,12225.597268326208,222.86205448117107
9681.0,6007640.68,6007875.026908819,6049566.215488165,0.0,1.0,0.005621017697131009,41925.535488164984,41691.18857934605
9539.0,5930051.35,5930051.35,6051098.270970604,7.0,9.0,0.0,121046.92097060475,121046.92097060475
9752.0,6028314.29,6029166.051839508,6051202.210144295,2.0,0.0,0.03865291888573146,22887.92014429532,22036.15830478724
9614.0,5949582.3,5949767.852551951,6051460.596258211,1.0,1.0,0.0018246390567180396,101878.29625821114,101692.74370625988
9774.0,6035385.59,6051460.596258211,6051608.596258211,0.0,0.0,108.61490715007498,16223.006258211099,148.0
9776.0,6035515.57,6051608.596258211,6051911.596258211,0.0,0.0,53.112297881883336,16396.02625821065,303.0
9739.0,6023351.77,6023351.77,6052895.183285852,0.0,1.0,0.0,29543.41328585241,29543.41328585241
9749.0,6025994.05,6029166.014535388,6055012.014535388,0.0,0.0,0.12272554884268994,29017.964535388164,25846.0
9761.0,6029649.98,6055012.014535388,6055159.014535388,0.0,0.0,172.53084717950702,25509.03453538753,147.0
9780.0,6036134.43,6055012.014535388,6055262.014535388,0.0,0.0,75.5103381415531,19127.584535388276,250.0
9783.0,6037307.16,6055262.085631412,6055436.030046679,1.0,0.0,103.22220235637128,18128.87004667893,173.94441526662558
9784.0,6037421.62,6055436.030046679,6055551.030046679,0.0,0.0,156.64704388416493,18129.410046678968,115.0
9785.0,6037458.48,6055551.030046679,6055676.598331348,0.0,1.0,144.08534841721135,18218.118331347592,125.56828466895968
9786.0,6037506.98,6055676.598331348,6055876.598331348,0.0,0.0,90.84809165673796,18369.618331347592,200.0
9787.0,6037535.1099999985,6055876.598331348,6056080.2400784595,0.0,1.0,90.06742768373097,18545.13007846102,203.6417471114546
9781.0,6036329.3999999985,6055262.014535388,6056925.044933499,0.0,1.0,11.38440677746854,20595.644933500327,1663.030398110859
9782.0,6036647.56,6051098.270970604,6059558.248122335,2.0,0.0,1.7081264773449152,22910.68812233582,8459.97715173103
9770.0,6034310.83,6046289.223490966,6065034.756730381,1.0,0.0,0.6389998800236185,30723.926730381325,18745.533239415847
9751.0,6028014.56,6028258.704544641,6065295.48897092,0.0,2.0,0.006591947665636305,37280.92897092085,37036.784426279366
9775.0,6035437.97,6049566.215488165,6065546.374344712,2.0,1.0,0.884111704707884,30108.404344712384,15980.158856547438
9771.0,6034580.49,6046289.273488123,6066811.273488123,0.0,0.0,0.5705478748719787,32230.783488122746,20522.0
9777.0,6035731.88,6037918.354528514,6067396.741895525,0.0,0.0,0.07417212146959944,31664.861895524897,29478.387367011048
9790.0,6039704.03,6056080.2400784595,6071515.222616508,0.0,2.0,1.0609801493516997,31811.19261650741,15434.982538048178
9779.0,6035985.05,6051911.596258211,6072732.310414458,0.0,2.0,0.7649375587548118,36747.26041445788,20820.714156246744
9791.0,6039711.79,6056925.044933499,6073103.647833063,0.0,0.0,1.0639518776965733,33391.85783306323,16178.60289956443
9792.0,6046748.17,6051460.609451697,6074483.25355558,1.0,1.0,0.20468715193762285,27735.083555580117,23022.644103882834
9799.0,6053859.24,6059558.248122335,6082798.694579945,1.0,0.0,0.24521939080344915,28939.454579944722,23240.446457609534
9800.0,6054250.1499999985,6055436.030046679,6084780.760810876,0.0,0.0,0.04041202682041418,30530.610810877755,29344.730764197186
9793.0,6046791.82,6052895.183285852,6087339.784615966,0.0,0.0,0.177193610904584,40547.96461596526,34444.6013301136
9801.0,6054373.34,6066811.273488123,6089416.991864697,1.0,0.0,0.550211821669526,35043.651864697225,22605.718376574107
9822.0,6088175.8999999985,6089416.991864697,6089709.991864697,0.0,0.0,4.2358084119405,1534.0918646985665,293.0
9818.0,6086132.1099999985,6089416.991864697,6089793.290334652,0.0,0.0,8.72945846707945,3661.1803346537054,376.2984699551016
9819.0,6086399.83,6089793.290334652,6090166.995510621,0.0,0.0,9.080581573039948,3767.165510620922,373.70517596881837
9762.0,6029962.32,6029962.32,6090425.711031231,0.0,0.0,0.0,60463.3910312308,60463.3910312308
9804.0,6056067.93,6073103.647833063,6091591.769559171,1.0,0.0,0.921441241324519,35523.83955917135,18488.121726107784
9816.0,6084819.7,6091591.769559171,6091924.394082096,0.0,1.0,20.35950175775407,7104.694082096219,332.62452292535454
9824.0,6089250.66,6091924.394082096,6092190.989120309,1.0,1.0,10.029196717313562,2940.329120309092,266.5950382128358
9603.0,5948862.56,5948862.56,6092272.744456031,0.0,1.0,0.0,143410.18445603177,143410.18445603177
9823.0,6089223.5,6092272.744456031,6092457.777004998,0.0,1.0,16.479503055314822,3234.2770049981773,185.03254896681756
9805.0,6059571.57,6092272.744456031,6092480.744456031,0.0,0.0,157.21718488476472,32909.17445603106,208.0
9825.0,6089419.44,6092457.813159898,6092577.370921598,1.0,1.0,25.41343294402143,3157.9309215974063,119.55776169989258
9807.0,6062068.35,6092480.744456031,6092749.03954081,0.0,3.0,113.35427363930839,30680.68954080995,268.29508477821946
9832.0,6092556.42,6092577.394500268,6092924.914112276,0.0,1.0,0.0603548678779055,368.49411227647215,347.51961200870574
9750.0,6026074.56,6027899.672002415,6094460.672002415,0.0,0.0,0.027420140959654792,68386.11200241558,66561.0
9803.0,6055750.74,6065295.48897092,6094673.737794079,0.0,0.0,0.32489169209419433,38922.99779407866,29378.248823158443
9802.0,6054445.12,6072732.310414458,6095995.97385029,0.0,1.0,0.7860838627114144,41550.85385029018,23263.663435832597
9848.0,6096036.78,6096036.78,6096114.626465314,2.0,0.0,0.0,77.84646531380713,77.84646531380713
9765.0,6032015.81,6040935.6859958535,6096206.094367188,1.0,0.0,0.16138610621303218,64190.28436718881,55270.408371334895
9837.0,6093472.1,6096206.094367188,6096648.231606701,0.0,1.0,6.183587634916839,3176.1316067017615,442.13723951298743
9808.0,6070144.57,6073103.68211775,6096789.68211775,0.0,0.0,0.12493085019630325,26645.11211774964,23686.0
9838.0,6093919.27,6096648.231606701,6096962.231606701,0.0,0.0,8.690960530897566,3042.961606701836,314.0
9853.0,6096923.3599999985,6096962.2806358915,6097104.2806358915,0.0,0.0,0.27408898516203944,180.9206358930096,142.0
9839.0,6093966.8,6096962.231606701,6097384.444506041,0.0,0.0,7.09459993142884,3417.6445060409606,422.21289933938533
9827.0,6090230.3599999985,6092457.9128892,6098398.203249176,1.0,0.0,0.3749905735602588,8167.84324917756,5940.29035997577
9810.0,6074236.03,6082798.694579945,6098590.896979542,2.0,0.0,0.5422083863466012,24354.86697954219,15792.202399597503
9830.0,6090272.07,6092749.03954081,6098622.265577505,1.0,0.0,0.4217391813857052,8350.195577505045,5873.2260366957635
9846.0,6094894.12,6098590.896979542,6099036.224825087,0.0,0.0,8.301248207423134,4142.104825086892,445.3278455445543
9829.0,6090261.3999999985,6092577.379514307,6099173.579669642,1.0,0.0,0.35110813191969986,8912.179669643752,6596.2001553354785
9843.0,6094521.64,6099036.224825087,6099317.708969945,2.0,0.0,16.038504859175813,4796.068969945423,281.4841448580846
9828.0,6090242.97,6092577.370921598,6099860.370921598,0.0,0.0,0.32052738179295304,9617.400921598077,7283.0
9845.0,6094788.39,6099317.708969945,6100160.984795522,1.0,1.0,5.371100217235646,5372.59479552228,843.2758255768567
9844.0,6094683.63,6099317.708969945,6100344.946133424,1.0,1.0,4.51120650099236,5661.316133423708,1027.2371634785086
9767.0,6032233.09,6036461.847773879,6100522.693733382,0.0,0.0,0.06601158181008478,68289.60373338219,64060.8459595032
9847.0,6095466.42,6100160.984795522,6100554.644337772,1.0,1.0,11.92544392213749,5088.224337772466,393.659542250447
9849.0,6096055.21,6100344.946133424,6100682.51699355,0.0,1.0,12.70766123539739,4627.30699354969,337.5708601260558
9680.0,6006832.67,6006849.631005373,6100969.833884501,2.0,1.0,0.00018020578849270457,94137.16388450097,94120.20287912805
9850.0,6096461.64,6100554.644337772,6101058.644337772,0.0,0.0,8.121040352723664,4597.004337772727,504.0
9855.0,6097536.3999999985,6100682.51699355,6101147.042800914,0.0,0.0,6.772749637753613,3610.642800915055,464.52580736391246
9854.0,6097012.6,6101058.644337772,6101353.583168711,2.0,0.0,13.718249051514977,4340.9831687109545,294.9388309381902
9806.0,6060851.97,6092272.744456031,6102389.463506783,0.0,3.0,3.1058265331284494,41537.49350678362,10116.719050751999
9831.0,6090281.77,6092749.03954081,6102514.871255889,0.0,1.0,0.2526430531257686,12233.10125588905,9765.831715079024
9857.0,6098681.0,6102389.463506783,6102658.8093362525,1.0,0.0,13.768408867114422,3977.8093362525105,269.3458294691518
9673.0,6006172.1,6006300.167236702,6102792.058675574,2.0,7.0,0.0013272331466638132,96619.95867557451,96491.89143887255
9858.0,6099052.51,6102658.8093362525,6102898.8093362525,0.0,0.0,15.026247234386393,3846.299336252734,240.0
9826.0,6090110.08,6092457.777004998,6102954.28830036,0.0,0.0,0.22366450518045772,12844.208300359547,10496.511295361444
9859.0,6099446.33,6102898.8093362525,6103199.592165791,0.0,1.0,11.478312580358619,3753.262165791355,300.78282953891903
9861.0,6101252.47,6103199.65438005,6103274.65438005,0.0,0.0,25.96245840066423,2022.1843800498173,75.0
9766.0,6032178.77,6036104.866616621,6103465.982595994,0.0,0.0,0.058284316694268146,71287.21259599458,67361.11597937346
9863.0,6101345.59,6102792.058675574,6103795.8294719225,0.0,0.0,1.4410348267118906,2450.2394719226286,1003.7707963483408
9862.0,6101300.0,6103274.65438005,6104012.65438005,0.0,0.0,2.675683441801567,2712.6543800495565,738.0
9860.0,6100766.5,6103199.592165791,6104334.5564912995,1.0,0.0,2.1437609192713425,3568.0564912995324,1134.9643255081028
9877.0,6104128.52,6104334.5564912995,6104390.940635926,3.0,0.0,3.65415654816785,262.4206359265372,56.38414462655783
9879.0,6104182.84,6104334.5564912995,6104590.5564912995,0.0,0.0,0.5926425441393803,407.71649129968137,256.0
9864.0,6101460.05,6103795.8294719225,6104649.531172403,0.0,0.0,2.7360604653915592,3189.4811724033207,853.7017004806548
9747.0,6024694.25,6024694.25,6104689.451052893,0.0,1.0,0.0,79995.20105289295,79995.20105289295
9812.0,6076122.68,6089416.991864697,6105768.3573199855,1.0,0.0,0.8130398590288778,29645.677319985814,16351.36545528844
9809.0,6070192.1,6074483.25355558,6106702.196148907,0.0,1.0,0.13318728704861968,36510.09614890721,32218.942593326792
9813.0,6076470.91,6090425.711031231,6107306.781435089,2.0,0.0,0.8266538020030795,30835.871435089037,16881.070403858088
9612.0,5949523.13,5949767.62263855,6107646.426359421,5.0,13.0,0.001548609647321811,158123.29635942075,157878.803720871
9871.0,6103249.7,6107306.781435089,6107652.858890562,0.0,0.0,11.723044569726298,4403.158890562132,346.07745547313243
9870.0,6102431.02,6107652.858890562,6107865.813277325,1.0,0.0,24.52092661697703,5434.793277325109,212.95438676234335
9872.0,6103611.51,6107865.813277325,6108137.813277325,0.0,0.0,15.64082087251796,4526.303277324885,272.0
9876.0,6103991.75,6108137.813277325,6108427.12235634,1.0,1.0,14.330913123886807,4435.372356340289,289.3090790156275
9880.0,6104274.99,6108427.12235634,6108667.12235634,0.0,0.0,17.300551484750272,4392.132356340066,240.0
9881.0,6105161.569999998,6108667.12235634,6108797.772493078,0.0,0.0,26.83160112851219,3636.202493079938,130.65013673808426
9890.0,6107558.44,6108797.772493078,6110075.486093652,0.0,0.0,0.9699611028020259,2517.046093652025,1277.7136005740613
9874.0,6103766.71,6104649.5975362575,6110952.0523981815,2.0,0.0,0.1400862926589802,7185.342398181558,6302.454861924052
9815.0,6080187.95,6090425.711031231,6112565.501150535,2.0,1.0,0.4624145475662984,32377.551150535233,22139.79011930432
9898.0,6111986.49,6111986.49,6112586.49,0.0,0.0,0.0,600.0,600.0
9699.0,6013887.48,6014306.827540343,6112711.138325941,0.0,1.0,0.004261475305242646,98823.65832594037,98404.31078559812
9811.0,6074465.92,6084780.760810876,6113829.425751755,0.0,0.0,0.35508829172939976,39363.50575175509,29048.66494087875
9873.0,6103659.04,6103659.04,6113901.3339553,0.0,2.0,0.0,10242.293955300003,10242.293955300003
9899.0,6113117.51,6113829.425751755,6113980.425751755,0.0,0.0,4.714673852683693,862.9157517552376,151.0
9902.0,6113760.62,6113829.465946862,6114169.90884758,2.0,1.0,0.20222465122989883,409.2888475796208,340.4429007181898
9901.0,6113308.6,6113829.425751755,6114837.587883734,1.0,1.0,0.5166091199368398,1528.9878837345168,1008.1621319791302
9741.0,6023456.53,6023500.081662919,6115812.345939674,0.0,1.0,0.0004717863142056868,92355.81593967415,92312.26427675504
9878.0,6104139.19,6105768.3573199855,6116200.078096381,2.0,1.0,0.156174360386588,12060.888096380979,10431.720776395872
9748.0,6025989.2,6027723.724305034,6116845.597508574,0.0,1.0,0.01946238608643379,90856.39750857372,89121.87320354022
9913.0,6115996.47,6116200.078096381,6116910.981008561,2.0,0.0,0.28640773992231633,914.5110085615888,710.9029121799394
9907.0,6115349.48,6116200.078096381,6118398.775791466,0.0,0.0,0.38686450542175016,3049.295791465789,2198.6976950848475
9908.0,6115410.59,6118398.775791466,6120571.507737555,0.0,0.0,1.3753126780531277,5160.917737554759,2172.7319460883737
9926.0,6117992.73,6120571.555415544,6120748.555415544,0.0,0.0,14.569635116063733,2755.8254155432805,177.0
9928.0,6118538.84,6120748.555415544,6120870.555415544,0.0,0.0,18.112421438884233,2331.7154155438766,122.0
9929.0,6118698.89,6120870.555415544,6121025.555415544,0.0,0.0,14.010744616413309,2326.665415544063,155.0
9930.0,6119624.27,6121025.555415544,6121665.555415544,0.0,0.0,2.189508461787773,2041.2854155441746,640.0
9931.0,6119628.1499999985,6121665.555415544,6121817.555415544,0.0,0.0,13.403982997008011,2189.4054155452177,152.0
9836.0,6093203.41,6094460.694219959,6121828.116499012,0.0,1.0,0.04594090766528373,28624.706499012187,27367.422279053368
9911.0,6115787.92,6120571.507737555,6122209.147833048,0.0,0.0,2.9210250473944397,6421.2278330484405,1637.6400954937562
9841.0,6094215.12,6094460.8177407365,6123633.859096332,0.0,1.0,0.008422081802906989,29418.73909633234,29173.041355595924
9866.0,6101886.85,6104012.65438005,6123670.6305062,0.0,1.0,0.10813953412132063,21783.780506200157,19657.976126150228
9867.0,6101975.12,6104334.5564912995,6124098.922876797,0.0,5.0,0.11937830159993117,22123.802876796573,19764.366385497153
9869.0,6102003.25,6104689.451052893,6124114.153371302,0.0,2.0,0.13828788770405753,22110.90337130241,19424.702318409458
9842.0,6094486.72,6094673.737794079,6124137.332059839,0.0,0.0,0.006347419544005988,29650.61205983907,29463.594265759923
9868.0,6101990.64,6104649.531172403,6124380.586282377,0.0,0.0,0.13475666443501072,22389.946282377467,19731.055109973997
9923.0,6117613.46,6124098.922876797,6124475.381110214,0.0,1.0,17.2275761322309,6861.921110213734,376.4582334170118
9852.0,6096812.78,6098398.203249176,6124535.12258096,0.0,2.0,0.06065838246085047,27722.342580960132,26136.91933178436
9909.0,6115438.72,6123670.6305062,6124827.702882472,3.0,0.0,7.114430069377406,9388.982882472686,1157.0723762726411
9875.0,6103966.53,6124827.702882472,6124964.702882472,0.0,0.0,152.27133490855596,20998.172882472165,137.0
9814.0,6079814.5,6087339.784615966,6125510.491893481,0.0,0.0,0.19714815765015334,45695.99189348146,38170.7072775159
9882.0,6105471.0,6124964.702882472,6125589.702882472,0.0,0.0,31.18992461195588,20118.702882472426,625.0
9835.0,6093086.04,6094460.672002415,6125944.541905466,0.0,3.0,0.04366146876632698,32858.5019054655,31483.869903050363
9851.0,6096527.6,6096789.68211775,6126858.242691879,0.0,1.0,0.00871615111419078,30330.642691879533,30068.560574129224
9768.0,6032516.33,6055159.014535388,6129136.603193409,0.0,5.0,0.3060749200688218,96620.27319340874,73977.58865802083
9883.0,6105736.78,6105768.391754626,6130180.941299176,1.0,0.0,0.0012948977151423116,24444.161299175583,24412.549544549547
9763.0,6031856.73,6034093.632322636,6130376.569969416,0.0,0.0,0.023232593201946334,98519.83996941522,96282.93764677923
9927.0,6118353.569999998,6124114.153371302,6133874.081801125,2.0,1.0,0.590228034224302,15520.511801126413,9759.928429822437
9778.0,6035774.56,6051202.210144295,6134741.720829158,0.0,0.0,0.1846748923691175,98967.1608291585,83539.51068486273
9797.0,6050850.3,6065546.374344712,6137371.512410976,0.0,0.0,0.20460906502057985,86521.21241097618,71825.13806626387
9934.0,6129012.8999999985,6129012.8999999985,6138879.529948306,1.0,1.0,0.0,9866.62994830776,9866.62994830776
9798.0,6051062.73,6071515.222616508,6143405.00550705,0.0,0.0,0.2844979049060098,92342.27550704964,71889.78289054241
9904.0,6114330.98,6114330.98,6143520.949062554,0.0,2.0,0.0,29189.96906255372,29189.96906255372
9865.0,6101535.71,6102658.8093362525,6144789.92220952,0.0,0.0,0.02665724353474569,43254.21220951993,42131.11287326738
9884.0,6105964.73,6106702.196148907,6145112.652615571,0.0,0.0,0.01919961949805036,39147.92261557095,38410.45646666456
9905.0,6114609.37,6115812.345939674,6145659.718069513,0.0,0.0,0.040304249715560986,31050.348069513217,29847.372129838914
9925.0,6117891.85,6124098.986128354,6146217.114081361,1.0,0.0,0.2806356913000396,28325.264081361704,22118.127953006886
9948.0,6143596.85,6146217.202237894,6146390.202237894,0.0,0.0,15.146544727712138,2793.3522378942,173.0
9895.0,6110279.29,6110279.29,6146577.620616723,0.0,1.0,0.0,36298.330616722815,36298.330616722815
9921.0,6116981.02,6118398.8739385195,6147460.346238654,0.0,1.0,0.048788097308937364,30479.326238654554,29061.4723001346
9922.0,6117289.48,6121828.116499012,6148852.232393691,0.0,3.0,0.16794764042236593,31562.75239369087,27024.11589467898
9910.0,6115739.42,6116200.115037712,6148928.418759034,0.0,3.0,0.01407634937744148,33188.99875903409,32728.303721321747
9912.0,6115799.56,6116845.597508574,6149853.559184795,0.0,1.0,0.03169046058750944,34053.999184795655,33007.96167622134
9722.0,6019353.43,6019731.048303647,6149969.710271474,0.0,0.0,0.0028994332246790764,130616.28027147427,130238.661967827
9947.0,6139812.88,6146217.114081361,6155881.3506002445,1.0,0.0,0.6626735664889907,16068.47060024459,9664.236518883146
9943.0,6137479.06,6138879.619381361,6156978.545017639,1.0,1.0,0.07738356461080555,19499.485017639585,18098.925636278465
9937.0,6132318.66,6133874.162031887,6157395.53380474,1.0,0.0,0.06613143344310549,25076.873804739676,23521.371772852726
9924.0,6117748.29,6148928.418759034,6159160.366144206,0.0,0.0,3.047330834032503,41412.07614420634,10231.94738517236
9940.0,6135240.3,6137371.512410976,6160600.063583469,0.0,1.0,0.0917496917973918,25359.763583469205,23228.551172493026
9602.0,5948720.94,5948720.94,6161073.926933963,122.0,185.0,0.0,212352.98693396244,212352.98693396244
9938.0,6134275.1499999985,6161073.986425914,6162002.692885165,0.0,1.0,28.85608919692651,27727.542885166593,928.7064592512324
9944.0,6137801.1,6143405.00550705,6162093.056370521,1.0,0.0,0.29986570284888747,24291.956370521337,18688.050863470882
9817.0,6085414.31,6161073.926933963,6162721.926933963,0.0,0.0,45.909961731773826,77307.61693396326,1648.0
9939.0,6134389.6099999985,6134741.720829158,6162891.989025104,0.0,1.0,0.012508258419020278,28502.379025105387,28150.26819594577
9796.0,6050782.3999999985,6090425.711031231,6165162.363967677,2.0,0.0,0.5304400113414821,114379.96396767814,74736.65293644555
9840.0,6094194.75,6097384.444506041,6166136.561049878,0.0,1.0,0.04639412815759643,71941.81104987767,68752.11654383689
9941.0,6135746.64,6162002.692885165,6166899.454090558,1.0,0.0,5.361922255112049,31152.814090558328,4896.76120539289
9946.0,6138836.09,6145659.718069513,6169424.718069513,0.0,0.0,0.28712931073063236,30588.628069513477,23765.0
9961.0,6169502.64,6169502.64,6171117.64,0.0,0.0,0.0,1615.0,1615.0
9936.0,6131683.31,6133874.081801125,6171409.922001804,0.0,0.0,0.05836479986627838,39726.612001804635,37535.84020067938
9963.0,6171025.54,6171117.670508737,6172648.215076384,1.0,2.0,0.060194593926997934,1622.6750763840973,1530.54456764739
9942.0,6135838.79,6138879.529948306,6173727.118550486,0.0,1.0,0.08725826004833055,37888.328550485894,34847.58860217966
9964.0,6172545.53,6172648.215076384,6174293.215076384,0.0,0.0,0.06242253883518165,1747.6850763838738,1645.0
9856.0,6098206.67,6100554.644337772,6175474.040882107,1.0,0.0,0.03134000600742991,77267.37088210694,74919.39654433448
9935.0,6130750.17,6133874.081801125,6175729.615320252,0.0,1.0,0.07463557476091752,44979.44532025233,41855.533519127406
9967.0,6174931.73,6175474.040882107,6176559.47340672,0.0,1.0,0.49962652657725226,1627.7434067195281,1085.4325246131048
9945.0,6138767.22,6143520.949062554,6176912.427653133,0.0,0.0,0.14236353893881373,38145.2076531332,33391.47859057877
9971.0,6176361.51,6176559.47340672,6178175.47340672,0.0,0.0,0.12250210811893483,1813.9634067201987,1616.0
9956.0,6158370.92,6159160.366144206,6178290.90552931,2.0,1.0,0.041266277354477916,19919.98552931007,19130.53938510362
9973.0,6177651.6099999985,6178175.47340672,6178372.47340672,0.0,0.0,2.6592051102614342,720.8634067215025,197.0
9975.0,6178365.53,6178365.53,6178564.6208414,1.0,0.0,0.0,199.09084139950573,199.09084139950573
9917.0,6116838.43,6124964.734264363,6179374.588109981,1.0,0.0,0.14935353966250856,62536.15810998157,54409.853845618665
9959.0,6161789.2,6162721.926933963,6179573.821075077,2.0,1.0,0.055348492350604676,17784.621075076982,16851.894141114317
9960.0,6161846.43,6162721.926933963,6181129.442816059,3.0,0.0,0.04756192739807366,19283.012816059403,18407.515882096253
9980.0,6180648.91,6181129.442816059,6181419.442816059,0.0,0.0,1.6570097105481245,770.5328160589561,290.0
9953.0,6157612.38,6157612.38,6181421.175911738,1.0,0.0,0.0,23808.795911737718,23808.795911737718
9949.0,6143726.83,6144789.92220952,6181946.831374191,0.0,0.0,0.02861088915680362,38220.00137419067,37156.909164670855
9952.0,6155231.03,6156978.545017639,6182821.2987001855,0.0,3.0,0.06762108400310107,27590.268700185232,25842.753682546318
9955.0,6158229.3,6159160.366144206,6182856.800466322,0.0,3.0,0.039291402729633204,24627.500466322526,23696.434322115965
9970.0,6176244.14,6176559.533645545,6182913.478010556,1.0,0.0,0.049637457841502794,6669.338010556065,6353.944365010597
9982.0,6182918.71,6182918.71,6183332.71,0.0,0.0,0.0,414.0,414.0
9983.0,6183150.54,6183332.71,6183664.782188034,1.0,1.0,0.5485855382186535,514.2421880336478,332.07218803372234
9951.0,6154335.72,6155881.3506002445,6183789.220516256,0.0,1.0,0.05538332394755659,29453.500516256317,27907.86991601158
9984.0,6183525.93,6183789.220516256,6184324.158668159,1.0,0.0,0.492188705030584,798.2286681588739,534.9381519025192
9920.0,6116892.75,6130376.569969416,6184350.801858042,1.0,0.0,0.2498195805220331,67458.05185804237,53974.2318886267
9958.0,6161417.69,6162093.056370521,6185568.343230571,1.0,2.0,0.02876924889339242,24150.653230570257,23475.286860049702
9969.0,6176208.25,6176208.25,6186384.400140853,0.0,1.0,0.0,10176.150140852667,10176.150140852667
9892.0,6108676.85,6112711.138325941,6186895.076826783,3.0,0.0,0.054382234314714846,78218.22682678327,74183.93850084208
9972.0,6177647.73,6181129.462778225,6186930.167913281,1.0,0.0,0.6002257824108655,9282.437913280912,5800.705135056749
9990.0,6186764.76,6186764.76,6187014.405252169,2.0,0.0,0.0,249.64525216910988,249.64525216910988
9979.0,6180645.03,6181129.442816059,6187301.181400361,3.0,0.0,0.07848887464077092,6656.151400360279,6171.7385843014345
9992.0,6187195.44,6187195.44,6187329.294499346,3.0,0.0,0.0,133.8544993456453,133.8544993456453
9773.0,6035338.06,6047425.9172683265,6187397.616324856,0.0,0.0,0.08635929512754627,152059.55632485636,139971.69905652944
9954.0,6157847.12,6159160.366144206,6187602.034185036,0.0,1.0,0.04617331663955222,29754.914185035974,28441.66804082971
9993.0,6187379.74,6187379.74,6187610.74,0.0,0.0,0.0,231.0,231.0
9957.0,6159527.16,6160600.063583469,6187618.059578138,2.0,1.0,0.03971070184778145,28090.899578138255,27017.995994669385
9994.0,6187542.7,6187542.7,6188690.7,0.0,0.0,0.0,1148.0,1148.0
9966.0,6174108.2,6174293.276694932,6188948.313857173,2.0,0.0,0.012628879264031749,14840.11385717243,14655.037162240595
9995.0,6188700.88,6188700.88,6189355.400538387,1.0,0.0,0.0,654.5205383868888,654.5205383868888
9998.0,6189589.3999999985,6189589.3999999985,6189653.953467643,3.0,0.0,0.0,64.55346764437854,64.55346764437854
9919.0,6116874.319999998,6129136.624848144,6189804.540324302,1.0,1.0,0.2021217434603407,72930.22032430395,60667.91547615826
9887.0,6106425.48,6189861.059399624,6189965.059399624,0.0,0.0,802.2651865348453,83539.57939962391,104.0
9888.0,6106700.96,6189965.059399624,6190167.539103862,0.0,1.0,411.22195290221026,83466.57910386194,202.47970423754305
9889.0,6107214.09,6190167.539103862,6190260.539103862,0.0,0.0,891.9725710092694,83046.44910386205,93.0
9997.0,6189135.44,6189589.461719353,6190670.311706459,0.0,3.0,0.42005988321083154,1534.87170645874,1080.8499871063977
9891.0,6107639.92,6190260.539103862,6190944.539103862,0.0,0.0,120.79037880681575,83304.61910386197,684.0
9950.0,6150437.29,6150437.29,6191446.35882742,0.0,2.0,0.0,41009.06882741954,41009.06882741954
9550.0,5932505.45,5932505.45,6191705.45,0.0,0.0,0.0,259200.0,259200.0
9893.0,6109236.54,6190944.539103862,6191807.9200810725,0.0,1.0,94.63724735729534,82571.38008107245,863.3809772105888
10000.0,6190548.73,6191705.45,6191903.45,0.0,0.0,5.842020202018885,1354.7199999997392,198.0
10002.0,6191200.569999998,6191705.491251455,6191927.491251455,0.0,0.0,2.274420051604744,726.9212514562532,222.0
10001.0,6190814.51,6191705.45,6191942.45,0.0,0.0,3.759240506330843,1127.9400000004098,237.0
10003.0,6191673.93,6191673.93,6192161.93,0.0,0.0,0.0,488.0,488.0
9903.0,6114031.25,6191942.45,6192378.714866447,0.0,0.0,178.58692274375866,78347.46486644726,436.2648664470762
9897.0,6111956.42,6191807.9200810725,6192435.688622402,0.0,0.0,127.19895124396713,80479.2686224021,627.7685413295403
9894.0,6110269.59,6191705.45,6192470.367769207,1.0,0.0,106.46354847326813,82200.77776920702,764.9177692066878
9978.0,6180642.12,6180642.12,6192757.097199251,0.0,1.0,0.0,12114.977199250832,12114.977199250832
9900.0,6113284.35,6192470.367769207,6192791.53721423,1.0,0.0,246.55526544111663,79507.18721423019,321.16944502294064
9896.0,6111170.72,6192470.367769207,6193917.198939496,0.0,1.0,56.191523543812266,82746.47893949598,1446.831170288846
9976.0,6178421.79,6178564.6208414,6194612.319798539,2.0,1.0,0.008900393868379725,16190.529798539355,16047.698957139626
10010.0,6193163.85,6193917.198939496,6194725.198939496,0.0,0.0,0.9323625488813025,1561.3489394960925,808.0
10004.0,6192342.26,6192378.714866447,6197841.714866447,0.0,0.0,0.006673048956157054,5499.454866447486,5463.0
10011.0,6193971.8599999985,6194612.319798539,6197904.319798539,0.0,0.0,0.19455036407682869,3932.45979854092,3292.0
10018.0,6196285.31,6197841.800314915,6197987.800314915,0.0,0.0,10.660892567916276,1702.4903149157763,146.0
10016.0,6195653.84,6197841.7503296845,6197988.7503296845,0.0,0.0,14.883743739351123,2334.910329684615,147.0
10015.0,6195074.75,6197841.714866447,6197999.714866447,0.0,0.0,17.51243586359027,2924.9648664472625,158.0
10021.0,6197441.55,6197841.882557596,6198029.882557596,0.0,0.0,2.12942849785248,588.3325575962663,188.0
10019.0,6197116.6,6197904.319798539,6198050.319798539,0.0,0.0,5.395341085888803,933.7197985397652,146.0
10023.0,6197859.62,6197904.349248049,6198059.349248049,0.0,0.0,0.2885757938628235,199.72924804873765,155.0
10024.0,6198187.48,6198187.48,6198345.48,0.0,0.0,0.0,158.0,158.0
9977.0,6179430.59,6179430.59,6202925.52034053,3.0,0.0,0.0,23494.93034053035,23494.93034053035
10030.0,6199650.24,6202925.530000735,6203029.530000735,0.0,0.0,31.49317308398895,3379.2900007348508,104.0
10027.0,6198489.1499999985,6202925.52034053,6203061.52034053,0.0,0.0,32.62037015096832,4572.370340531692,136.0
10031.0,6200056.67,6203029.530000735,6203175.530000735,0.0,0.0,20.362054799555814,3118.860000735149,146.0
10032.0,6200337.97,6203061.52034053,6203208.52034053,0.0,0.0,18.52755333694192,2870.5503405304626,147.0
10034.0,6200870.5,6203208.52034053,6203270.52034053,0.0,0.0,37.71000549242261,2400.020340530202,62.0
10033.0,6200564.95,6203175.530000735,6203321.530000735,0.0,0.0,17.88068493654033,2756.580000734888,146.0
10035.0,6200902.51,6203270.52034053,6203499.52034053,0.0,0.0,10.340656508866486,2597.0103405304253,229.0
9886.0,6106138.3599999985,6111986.552951157,6203591.266328921,2.0,0.0,0.06384161617363057,97452.90632892214,91604.71337776352
9986.0,6184441.6099999985,6184441.6099999985,6204132.499561719,2.0,1.0,0.0,19690.889561720192,19690.889561720192
9968.0,6175008.3599999985,6175474.040882107,6204316.381742628,0.0,1.0,0.016145738113296088,29308.02174262982,28842.34086052142
9996.0,6188784.3,6188948.313857173,6204379.099551381,0.0,2.0,0.0106290023348821,15594.799551380798,15430.785694207996
9988.0,6184584.2,6185568.404632794,6206085.495226916,2.0,0.0,0.04796999010549341,21501.29522691574,20517.090594122186
9795.0,6050754.27,6065034.756730381,6207211.008772298,0.0,0.0,0.10044213801733694,156456.7387722982,142176.25204191636
9974.0,6178008.569999998,6178175.511945699,6207400.221522082,0.0,1.0,0.005712356020667488,29391.651522083208,29224.7095763823
9965.0,6174068.43,6174293.215076384,6210965.931177961,0.0,1.0,0.006129490811692811,36897.50117796101,36672.716101576574
10009.0,6193117.29,6193917.198939496,6212860.198939496,0.0,0.0,0.0422271519556397,19742.908939495683,18943.0
9991.0,6187128.51,6187195.4763377495,6213346.855211026,1.0,1.0,0.002560719190916768,26218.34521102626,26151.378873276524
9918.0,6116858.8,6122209.147833048,6215138.265465789,0.0,0.0,0.05757450376526068,98279.46546578873,92929.11763274018
10012.0,6194145.49,6194612.32786388,6215319.32786388,0.0,0.0,0.02254492992129278,21173.83786388021,20707.0
9987.0,6184526.97,6185568.343230571,6218422.54020375,0.0,1.0,0.031696809738526024,33895.570203750394,32854.19697317947
10014.0,6195008.79,6197841.714866447,6218601.714866447,0.0,0.0,0.13646073537799736,23592.924866447225,20760.0
9916.0,6116637.64,6129136.603193409,6220877.735132396,0.0,5.0,0.13624165005639566,104240.09513239656,91741.13193898741
9985.0,6183660.76,6183789.2314370135,6220961.260821726,0.0,3.0,0.0034561319126295274,37300.5008217264,37172.02938471269
9530.0,5927262.6,5927262.6,6223974.2249398185,0.0,1.0,0.0,296711.62493981887,296711.62493981887
10025.0,6198364.99,6202925.52034053,6224043.52034053,0.0,0.0,0.21595465198077365,25678.53034052998,21118.0
10028.0,6198821.8599999985,6203499.52034053,6224614.52034053,0.0,0.0,0.2215325759190968,25792.66034053173,21115.0
10022.0,6197606.45,6198050.319798539,6225562.319798539,0.0,0.0,0.016133679795696656,27955.869798539206,27512.0
10020.0,6197225.24,6197999.714866447,6228236.714866447,0.0,0.0,0.025613482370838343,31011.47486644704,30237.0
10029.0,6199388.34,6203591.266328921,6230216.266328921,0.0,0.0,0.1578563879406858,30827.92632892076,26625.0
10049.0,6224261.08,6228236.714866447,6230638.714866447,0.0,0.0,1.6551352483127344,6377.634866447188,2402.0
9794.0,6050363.3599999985,6059558.248122335,6231623.24799784,0.0,2.0,0.05343845714694903,181259.88799784146,172064.99987550452
10050.0,6225138.93,6225562.319798539,6233389.319798539,0.0,0.0,0.05409349668323632,8250.38979853969,7827.0
10039.0,6215603.83,6215603.83,6236074.83,0.0,0.0,0.0,20471.0,20471.0
10036.0,6206219.08,6206219.08,6236512.08,0.0,0.0,0.0,30293.0,30293.0
10037.0,6208380.24,6208380.24,6238432.24,0.0,0.0,0.0,30052.0,30052.0
10040.0,6215656.21,6218601.714866447,6239039.714866447,0.0,0.0,0.14411903642466484,23383.5048664473,20438.0
10056.0,6232695.23,6233389.319798539,6241197.319798539,0.0,0.0,0.08889469755877889,8502.089798538946,7808.0
10043.0,6218804.83,6220877.735132396,6241664.735132396,0.0,0.0,0.09972122636244511,22859.905132396147,20787.0
10041.0,6218120.98,6218601.739477818,6242517.739477818,0.0,0.0,0.02010200191576574,24396.759477817453,23916.0
10042.0,6218145.23,6220877.735132396,6244777.735132396,0.0,0.0,0.11433075867764746,26632.505132395774,23900.0
10045.0,6219261.7,6224043.52034053,6244893.52034053,0.0,0.0,0.2293439012244612,25631.820340530016,20850.0
9999.0,6189861.0,6189861.0,6245345.616704655,1.0,0.0,0.0,55484.61670465488,55484.61670465488
10063.0,6240199.1499999985,6241664.735132396,6249518.735132396,0.0,0.0,0.18660365831394338,9319.585132397711,7854.0
9821.0,6087716.12,6091591.769559171,6249587.76378984,0.0,2.0,0.024530049499309568,161871.64378983993,157995.994230669
10046.0,6220954.35,6224043.5434028115,6250513.5434028115,0.0,0.0,0.11670545533856762,29559.193402811885,26470.0
10047.0,6221412.19,6224614.52034053,6251196.52034053,0.0,0.0,0.12046987963771695,29784.330340529792,26582.0
9769.0,6032521.18,6045178.766624522,6251326.684490122,0.0,0.0,0.06140050676027178,218805.5044901222,206147.9178655995
10048.0,6221421.89,6225562.319798539,6252176.319798539,0.0,0.0,0.15557337486058948,30754.429798539728,26614.0
10058.0,6235420.93,6236074.848098189,6256446.848098189,0.0,0.0,0.03209886600181311,21025.918098188937,20372.0
10057.0,6235392.8,6236074.83,6256502.83,0.0,0.0,0.03338701781869301,21110.03000000026,20428.0
10061.0,6238926.51,6239039.714866447,6259742.714866447,0.0,0.0,0.005468041658092353,20816.204866447486,20703.0
10062.0,6239417.33,6241197.319798539,6261893.319798539,0.0,0.0,0.08600646494681669,22475.989798539318,20696.0
10064.0,6241249.66,6242517.739477818,6266567.739477818,0.0,0.0,0.05272679741445952,25318.07947781775,24050.0
10059.0,6235560.6099999985,6236512.08,6266680.08,0.0,0.0,0.03153904799793165,31119.470000001602,30168.0
10060.0,6237493.819999998,6238432.24,6268122.24,0.0,0.0,0.03160727517688744,30628.420000001788,29690.0
10065.0,6241286.52,6244777.735132396,6268793.735132396,0.0,0.0,0.14537038359413176,27507.21513239667,24016.0
10051.0,6226374.71,6251326.684490122,6269868.684490122,0.0,0.0,1.3457002745184952,43493.97449012194,18542.0
10052.0,6226523.12,6269868.684490122,6273000.684490122,0.0,0.0,13.839579977688949,46477.56449012179,3132.0
10066.0,6246590.48,6246590.48,6273059.48,0.0,0.0,0.0,26469.0,26469.0
10070.0,6255130.3599999985,6255130.3599999985,6275455.3599999985,0.0,0.0,0.0,20325.0,20325.0
10053.0,6226554.16,6273000.684490122,6276073.684490122,0.0,0.0,15.114391308207534,49519.52449012175,3073.0
10067.0,6247137.56,6249518.735132396,6276513.735132396,0.0,0.0,0.08820800638624304,29376.17513239663,26995.0
10071.0,6255141.03,6256446.848098189,6276728.848098189,0.0,0.0,0.06438310315493433,21587.818098188378,20282.0
10068.0,6247200.6099999985,6249518.772596703,6276816.772596703,0.0,0.0,0.08492060212119709,29616.16259670444,27298.0
10079.0,6269580.45,6269580.45,6276997.45,0.0,0.0,0.0,7417.0,7417.0
10069.0,6247781.64,6250513.5434028115,6277265.5434028115,0.0,0.0,0.10211959490175866,29483.903402811848,26752.0
10044.0,6219077.3999999985,6230638.714866447,6278563.714866447,0.0,0.0,0.24123766022845597,59486.31486644875,47925.0
10072.0,6258942.46,6258942.46,6279623.46,0.0,0.0,0.0,20681.0,20681.0
10073.0,6259446.8599999985,6259742.714866447,6280358.714866447,0.0,0.0,0.014350740514590116,20911.85486644879,20616.0
10088.0,6277774.04,6278563.753285929,6286018.753285929,0.0,0.0,0.10593068892402309,8244.713285928592,7455.0
10074.0,6264501.53,6264501.53,6286758.53,0.0,0.0,0.0,22257.0,22257.0
10075.0,6264510.26,6266567.739477818,6288813.739477818,0.0,0.0,0.09248761475402877,24303.479477818124,22246.0
10005.0,6192768.09,6192791.53721423,6292885.53721423,0.0,0.0,0.00023425194547089455,100117.44721422996,100094.0
10008.0,6192940.75,6193115.804602152,6293320.804602152,0.0,0.0,0.0017469647437925913,100380.05460215174,100205.0
10007.0,6192896.13,6193115.789517803,6294212.789517803,0.0,0.0,0.0021727600008232626,101316.65951780323,101097.0
10097.0,6294527.88,6294527.88,6294696.88,0.0,0.0,0.0,169.0,169.0
10098.0,6294649.13,6294696.88,6294900.88,0.0,0.0,0.2340686274509804,251.75,204.0
10026.0,6198395.06,6203591.266328921,6295888.266328921,0.0,0.0,0.056298756502605934,97493.20632892102,92297.0
10006.0,6192875.76,6193115.781069207,6296080.781069207,0.0,0.0,0.0023310937620281526,103205.02106920723,102965.0
10101.0,6294778.14,6295888.266328921,6296101.266328921,0.0,0.0,5.211860699159368,1323.1263289209455,213.0
10076.0,6264781.8599999985,6266680.08,6296635.08,0.0,0.0,0.06336905358042404,31853.220000001602,29955.0
10086.0,6274764.13,6276728.848098189,6297314.848098189,0.0,0.0,0.09543952677493202,22550.71809818875,20586.0
10078.0,6266223.28,6268122.24,6297339.24,0.0,0.0,0.06499503713591274,31115.959999999963,29217.0
10087.0,6274772.8599999985,6276816.772596703,6297432.772596703,0.0,0.0,0.09914205455493007,22659.91259670444,20616.0
10103.0,6297634.79,6297634.79,6297839.79,0.0,0.0,0.0,205.0,205.0
10104.0,6297759.92,6297839.79,6298012.79,0.0,0.0,0.4616763005786807,252.87000000011176,173.0
10105.0,6297886.02,6298012.79,6298183.79,0.0,0.0,0.7413450292425982,297.7700000004843,171.0
10082.0,6272189.75,6273000.724129851,6299268.724129851,0.0,0.0,0.030873082452070055,27078.974129850976,26268.0
10083.0,6273281.0,6273281.0,6300413.0,0.0,0.0,0.0,27132.0,27132.0
10089.0,6278924.46,6279623.46,6300588.46,0.0,0.0,0.03334128309086573,21664.0,20965.0
10090.0,6279407.52,6280358.714866447,6301331.714866447,0.0,0.0,0.045353305032551826,21924.19486644771,20973.0
10084.0,6273607.89,6275455.3599999985,6302585.3599999985,0.0,0.0,0.06809694065605632,28977.469999998808,27130.0
10085.0,6273686.46,6276513.735132396,6302951.735132396,0.0,0.0,0.1069398264768991,29265.27513239626,26438.0
9981.0,6182166.96,6182166.96,6304171.85036544,0.0,1.0,0.0,122004.8903654404,122004.8903654404
10092.0,6286002.55,6286758.53,6308901.53,0.0,0.0,0.034140811994781514,22898.980000000447,22143.0
10093.0,6286021.95,6288813.739477818,6310891.739477818,0.0,0.0,0.12645119475576203,24869.789477817714,22078.0
10099.0,6294690.84,6294696.927339812,6315221.927339812,0.0,0.0,0.0002965817204364615,20531.08733981196,20525.0
10100.0,6294695.69,6294900.88,6315383.88,0.0,0.0,0.010017575550431014,20688.18999999948,20483.0
9906.0,6114891.64,6192791.53721423,6318563.653167519,1.0,0.0,0.6193733533366149,203672.01316751912,125772.11595328897
10107.0,6299225.59,6299268.724129851,6320166.724129851,0.0,0.0,0.0020640314791427494,20941.134129851125,20898.0
9820.0,6087696.72,6101353.583168711,6322037.764339355,3.0,12.0,0.061884196213187845,234341.04433935508,220684.18117064424
10110.0,6299676.64,6301331.714866447,6322164.714866447,0.0,0.0,0.07944486470732001,22488.074866447598,20833.0
10096.0,6293762.55,6293762.55,6323627.55,0.0,0.0,0.0,29865.0,29865.0
10013.0,6194776.96,6194776.96,6323628.96,0.0,0.0,0.0,128852.0,128852.0
10119.0,6323456.19,6323627.55,6323825.55,0.0,0.0,0.8654545454515351,369.35999999940395,198.0
10121.0,6323784.05,6323825.557976303,6323997.557976303,0.0,0.0,0.2413254436213783,213.50797630287707,172.0
10122.0,6323912.09,6323997.557976303,6324174.557976303,0.0,0.0,0.48286992261491424,262.4679763028398,177.0
10123.0,6324039.16,6324174.557976303,6324346.557976303,0.0,0.0,0.7871975366426849,307.3979763025418,172.0
10106.0,6298012.12,6298183.79,6324494.79,0.0,0.0,0.006524647485839591,26482.669999999925,26311.0
10102.0,6294910.06,6295888.266328921,6325689.266328921,0.0,0.0,0.032824614238482604,30779.20632892102,29801.0
10108.0,6299293.49,6300413.0,6326701.0,0.0,0.0,0.04258635118684481,27407.509999999776,26288.0
10109.0,6299557.33,6300588.46,6327287.46,0.0,0.0,0.03862054758604773,27730.12999999989,26699.0
10111.0,6299853.18,6302585.3599999985,6329157.3599999985,0.0,0.0,0.1028217672737758,29304.17999999877,26572.0
10112.0,6307395.8999999985,6307395.8999999985,6329487.8999999985,0.0,0.0,0.0,22092.0,22092.0
10113.0,6307435.67,6308901.53,6330993.53,0.0,0.0,0.06635252580121018,23557.860000000335,22092.0
10114.0,6314519.58,6314519.58,6335150.58,0.0,0.0,0.0,20631.0,20631.0
10115.0,6314527.34,6315221.927339812,6335872.927339812,0.0,0.0,0.03363456199757679,21345.58733981196,20651.0
10118.0,6322696.68,6322696.68,6336965.68,0.0,0.0,0.0,14269.0,14269.0
10117.0,6319847.79,6320166.743751095,6341167.743751095,0.0,0.0,0.015187550644952112,21319.95375109464,21001.0
10116.0,6319454.94,6320166.724129851,6341765.724129851,0.0,0.0,0.03295449464561167,22310.784129850566,21599.0
9962.0,6170401.83,6171117.64,6347647.902773046,0.0,0.0,0.004054885483968614,177246.07277304586,176530.26277304627
9834.0,6093080.22,6186930.167913281,6348176.833139915,41.0,36.0,0.5820272176257082,255096.61313991528,161246.66522663366
10135.0,6342561.31,6348176.833139915,6350011.833139915,0.0,0.0,3.060230593959362,7450.523139915429,1835.0
10120.0,6323583.26,6323825.55,6350153.55,0.0,0.0,0.009202749924036663,26570.290000000037,26328.0
10146.0,6348918.69,6350153.55,6350421.55,0.0,0.0,4.607686567161955,1502.859999999404,268.0
10149.0,6349216.48,6350421.55,6350633.55,0.0,0.0,5.684292452827202,1417.0699999993667,212.0
10125.0,6324751.14,6324751.14,6351172.14,0.0,0.0,0.0,26421.0,26421.0
10147.0,6349078.74,6351172.14,6351374.14,0.0,0.0,10.363366336630897,2295.399999999441,202.0
10128.0,6328787.31,6328787.31,6352060.31,0.0,0.0,0.0,23273.0,23273.0
10126.0,6325377.76,6325689.266328921,6352166.266328921,0.0,0.0,0.01176516708542636,26788.506328920834,26477.0
10127.0,6325546.54,6325689.27867466,6352184.27867466,0.0,0.0,0.005387381568605899,26637.738674660213,26495.0
10129.0,6328826.1099999985,6329157.3599999985,6352472.3599999985,0.0,0.0,0.014207591679176497,23646.25,23315.0
10138.0,6344787.46,6350011.833139915,6353162.833139915,0.0,0.0,1.6580048047969078,8375.373139915057,3151.0
10124.0,6324168.17,6324174.586229353,6354007.586229353,0.0,0.0,0.00021507154336762398,29839.416229353286,29833.0
10140.0,6346887.51,6353162.833139915,6354147.833139915,0.0,0.0,6.370886436462175,7260.323139915243,985.0
10130.0,6334481.21,6334481.21,6354973.21,0.0,0.0,0.0,20492.0,20492.0
9833.0,6093071.49,6166899.454090558,6355397.88606793,15.0,20.0,0.3916635449753792,262326.39606792945,188498.43197737169
10157.0,6352149.76,6354973.21,6355561.21,0.0,0.0,4.801785714286031,3411.4500000001863,588.0
10131.0,6334489.94,6335150.58,6355599.58,0.0,0.0,0.03230671426473983,21109.639999999665,20449.0
10158.0,6352176.92,6355397.88606793,6355917.88606793,0.0,0.0,6.194165515249523,3740.966067929752,520.0
10159.0,6352198.26,6355561.21,6356154.21,0.0,0.0,5.671079258010432,3955.9500000001863,593.0
10160.0,6352211.84,6355917.88606793,6356487.88606793,0.0,0.0,6.501835206894433,4276.046067929827,570.0
10163.0,6353197.3599999985,6356154.21,6356753.21,0.0,0.0,4.9363105175317035,3555.85000000149,599.0
10167.0,6354708.62,6356487.88606793,6357069.88606793,0.0,0.0,3.0571581923188416,2361.266067929566,582.0
10168.0,6354788.16,6356753.21,6357344.21,0.0,0.0,3.324957698815252,2556.0499999998137,591.0
10170.0,6356206.3,6357344.21,6357568.21,0.0,0.0,5.079955357143523,1361.910000000149,224.0
10169.0,6354851.21,6357069.88606793,6357682.88606793,0.0,0.0,3.6193736834089965,2831.676067929715,613.0
10171.0,6357069.6,6357568.21,6357786.21,0.0,0.0,2.2872018348639234,716.6100000003353,218.0
10150.0,6349395.93,6350633.55,6357835.55,0.0,0.0,0.17184393224105968,8439.620000000112,7202.0
10161.0,6353028.58,6357786.21,6358006.21,0.0,0.0,21.625590909090402,4977.629999999888,220.0
10091.0,6285372.05,6296101.266328921,6358240.266328921,0.0,0.0,0.17266477299153182,72868.2163289208,62139.0
10133.0,6340178.02,6340178.02,6361037.02,0.0,0.0,0.0,20859.0,20859.0
10134.0,6340367.17,6341167.743751095,6362007.743751095,0.0,0.0,0.038415247173452544,21640.57375109475,20840.0
10077.0,6266216.49,6277265.5434028115,6363763.5434028115,0.0,0.0,0.12773767489203552,97547.05340281129,86498.0
10174.0,6360705.16,6363763.5434028115,6363881.5434028115,0.0,0.0,25.91850341365562,3176.3834028113633,118.0
10175.0,6361080.55,6363881.5434028115,6364102.5434028115,0.0,0.0,12.674178293265605,3021.9934028116986,221.0
10176.0,6361102.8599999985,6364102.5434028115,6364163.5434028115,0.0,0.0,49.17513775103344,3060.6834028130397,61.0
10177.0,6362027.27,6364163.5434028115,6364360.5434028115,0.0,0.0,10.844027425441418,2333.2734028119594,197.0
10178.0,6362583.08,6364360.5434028115,6364588.5434028115,0.0,0.0,7.7958921175940254,2005.4634028114378,228.0
10179.0,6362831.3999999985,6364588.5434028115,6364785.5434028115,0.0,0.0,8.91950965894925,1954.1434028130025,197.0
10180.0,6364311.62,6364785.5434028115,6364965.5434028115,0.0,0.0,2.63290779339667,653.9234028114006,180.0
10132.0,6336461.95,6336461.95,6365578.95,0.0,0.0,0.0,29117.0,29117.0
10017.0,6196056.39,6215138.278344296,6369847.278344296,0.0,0.0,0.12334051893746488,173790.88834429625,154709.0
9885.0,6106084.04,6125589.702882472,6371513.881642643,1.0,1.0,0.07931575894981278,265429.8416426433,245924.17876017094
10155.0,6351321.38,6352472.3599999985,6375837.3599999985,0.0,0.0,0.04926086026101367,24515.979999998584,23365.0
10156.0,6351399.95,6354007.586229353,6377340.586229353,0.0,0.0,0.11175743493562874,25940.636229353026,23333.0
10148.0,6349205.81,6351374.14,6377774.14,0.0,0.0,0.08213371212121494,28568.330000000075,26400.0
10152.0,6350338.77,6352060.31,6378311.31,0.0,0.0,0.06557997790560502,27972.540000000037,26251.0
10165.0,6354276.97,6358006.21,6378572.21,0.0,0.0,0.18133035106487522,24295.240000000224,20566.0
10154.0,6351215.6499999985,6352184.27867466,6378933.27867466,0.0,0.0,0.03621177145544658,27717.62867466174,26749.0
10153.0,6351026.5,6352166.266328921,6378970.266328921,0.0,0.0,0.04252224775856627,27943.76632892061,26804.0
10143.0,6347841.99,6358240.266328921,6380607.266328921,0.0,0.0,0.46489365265437416,32765.276328920387,22367.0
10166.0,6354284.73,6361037.02,6381591.02,0.0,0.0,0.3285146443514209,27306.289999999106,20554.0
10172.0,6360369.54,6362007.743751095,6382995.743751095,0.0,0.0,0.07805430489301693,22626.20375109464,20988.0
10173.0,6360541.23,6363763.5434028115,6384677.5434028115,0.0,0.0,0.15407446699871213,24136.313402811065,20914.0
10094.0,6287883.38,6293762.5665593725,6386120.5665593725,0.0,0.0,0.06365649493679575,98237.18655937258,92358.0
10187.0,6375758.59,6377340.586229353,6386761.586229353,0.0,0.0,0.16792232558681253,11002.99622935336,9421.0
10162.0,6353162.44,6357835.55,6387113.55,0.0,0.0,0.15961165380146883,33951.109999999404,29278.0
10038.0,6212088.55,6215138.265465789,6387938.265465789,0.0,0.0,0.017648816352944036,175849.71546578873,172800.0
10144.0,6348488.98,6369847.278344296,6389160.278344296,0.0,0.0,1.1059026740690454,40671.29834429547,19313.0
10185.0,6374155.18,6374155.18,6394759.18,0.0,0.0,0.0,20604.0,20604.0
10184.0,6374142.569999998,6374142.569999998,6394799.569999998,0.0,0.0,0.0,20657.0,20657.0
10181.0,6364670.52,6364965.5434028115,6394826.5434028115,0.0,0.0,0.009879890251899111,30156.02340281196,29861.0
10205.0,6393593.01,6394759.18,6394932.18,0.0,0.0,6.740867052022691,1339.1699999999255,173.0
10182.0,6373941.78,6373941.78,6396857.78,0.0,0.0,0.0,22916.0,22916.0
10183.0,6373996.1,6373996.1,6396879.1,0.0,0.0,0.0,22883.0,22883.0
10199.0,6377518.17,6378933.27867466,6398548.27867466,0.0,0.0,0.07214420977111012,21030.108674660325,19615.0
10211.0,6400610.96,6400610.96,6400787.96,0.0,0.0,0.0,177.0,177.0
10201.0,6380685.22,6380685.22,6401792.22,0.0,0.0,0.0,21107.0,21107.0
10186.0,6374740.09,6375837.3599999985,6402582.3599999985,0.0,0.0,0.041027107870578484,27842.26999999862,26745.0
10202.0,6380787.069999998,6381591.02,6402626.02,0.0,0.0,0.03821963394348075,21838.950000001118,21035.0
10189.0,6376963.33,6377774.14,6404481.14,0.0,0.0,0.030359456322297158,27517.80999999959,26707.0
10193.0,6377090.3999999985,6378311.31,6405053.31,0.0,0.0,0.04565514920354051,27962.91000000108,26742.0
10054.0,6229493.26,6276073.684490122,6405795.684490122,0.0,0.0,0.35907883389187745,176302.42449012212,129722.0
10055.0,6229523.33,6278563.714866447,6408515.714866447,0.0,0.0,0.37737306748989774,178992.3848664472,129952.0
10204.0,6384859.13,6384859.13,6411485.13,0.0,0.0,0.0,26626.0,26626.0
10203.0,6381525.24,6382995.743751095,6412143.743751095,0.0,0.0,0.05044955918397328,30618.503751094453,29148.0
10188.0,6376785.819999998,6376785.819999998,6413460.819999998,0.0,0.0,0.0,36675.0,36675.0
10207.0,6394103.23,6394826.5434028115,6415453.5434028115,0.0,0.0,0.03506634036995517,21350.313402811065,20627.0
10208.0,6394105.17,6394932.18,6415579.18,0.0,0.0,0.040054729500643024,21474.009999999776,20647.0
10095.0,6290756.52,6292885.53721423,6416046.53721423,0.0,0.0,0.01728645605532808,125290.01721423026,123161.0
10209.0,6396098.52,6396857.78,6419922.78,0.0,0.0,0.032918274441825615,23824.260000000708,23065.0
10210.0,6396132.47,6396879.1,6419943.1,0.0,0.0,0.03237209503988416,23810.62999999989,23064.0
10213.0,6401084.319999998,6401084.319999998,6422104.319999998,0.0,0.0,0.0,21020.0,21020.0
10214.0,6401150.28,6401792.22,6422754.22,0.0,0.0,0.03062398626082809,21603.93999999948,20962.0
10206.0,6393722.02,6394799.569999998,6424696.569999998,0.0,0.0,0.03604207780041083,30974.549999998882,29897.0
10227.0,6426441.09,6426441.09,6426609.09,0.0,0.0,0.0,168.0,168.0
10212.0,6400746.76,6400746.76,6427274.76,0.0,0.0,0.0,26528.0,26528.0
10215.0,6402823.53,6402823.53,6429357.53,0.0,0.0,0.0,26534.0,26534.0
10216.0,6402989.3999999985,6402989.3999999985,6429688.3999999985,0.0,0.0,0.0,26699.0,26699.0
10136.0,6344262.69,6348176.833139915,6430167.833139915,0.0,0.0,0.047738692538383594,85905.14313991461,81991.0
10234.0,6431154.319999998,6431154.319999998,6431367.319999998,0.0,0.0,0.0,213.0,213.0
10235.0,6431436.59,6431436.59,6431652.59,0.0,0.0,0.0,216.0,216.0
10233.0,6429539.27,6429539.27,6433244.27,0.0,0.0,0.0,3705.0,3705.0
10236.0,6433262.13,6433262.13,6433501.13,0.0,0.0,0.0,239.0,239.0
10237.0,6433687.96,6433687.96,6433945.96,0.0,0.0,0.0,258.0,258.0
10220.0,6414043.52,6414043.52,6434480.52,0.0,0.0,0.0,20437.0,20437.0
10221.0,6414071.6499999985,6414071.6499999985,6434510.6499999985,0.0,0.0,0.0,20439.0,20439.0
10241.0,6435819.05,6435819.05,6435912.05,0.0,0.0,0.0,93.0,93.0
10243.0,6435939.33,6435939.33,6436069.33,0.0,0.0,0.0,130.0,130.0
10244.0,6436139.1499999985,6436139.1499999985,6436269.1499999985,0.0,0.0,0.0,130.0,130.0
10164.0,6353339.95,6369847.278344296,6436533.278344296,0.0,0.0,0.2475381391040958,83193.32834429573,66686.0
10247.0,6436516.48,6436516.48,6436660.48,0.0,0.0,0.0,144.0,144.0
10142.0,6347795.43,6354147.833139915,6436682.833139915,0.0,0.0,0.0769661736222853,88887.40313991532,82535.0
10245.0,6436270.1,6436533.278344296,6436895.278344296,0.0,0.0,0.7270120008184847,625.1783442962915,362.0
10250.0,6436865.68,6436865.68,6436987.68,0.0,0.0,0.0,122.0,122.0
10219.0,6410644.64,6410644.64,6437165.64,0.0,0.0,0.0,26521.0,26521.0
10251.0,6437046.1,6437046.1,6437181.1,0.0,0.0,0.0,135.0,135.0
10253.0,6438618.47,6438618.47,6438745.47,0.0,0.0,0.0,127.0,127.0
10254.0,6438932.75,6438932.75,6439025.75,0.0,0.0,0.0,93.0,93.0
10217.0,6409718.29,6409718.29,6439507.29,0.0,0.0,0.0,29789.0,29789.0
10222.0,6418402.7,6418402.7,6441760.7,0.0,0.0,0.0,23358.0,23358.0
10223.0,6418434.71,6418434.71,6441803.71,0.0,0.0,0.0,23369.0,23369.0
10257.0,6440904.76,6441760.7,6441916.7,0.0,0.0,5.486794871797499,1011.9400000004098,156.0
10151.0,6350078.81,6355599.58,6442008.58,0.0,0.0,0.06389114559826505,91929.77000000048,86409.0
10249.0,6436583.41,6436895.278344296,6442224.278344296,0.0,0.0,0.05852286438276786,5640.86834429577,5329.0
10224.0,6421406.79,6421406.79,6442242.79,0.0,0.0,0.0,20836.0,20836.0
10252.0,6438581.6099999985,6438581.6099999985,6442251.6099999985,0.0,0.0,0.0,3670.0,3670.0
10225.0,6421441.71,6421441.71,6442274.71,0.0,0.0,0.0,20833.0,20833.0
10266.0,6442191.95,6442191.95,6442337.95,0.0,0.0,0.0,146.0,146.0
10255.0,6439217.93,6439507.29,6442563.29,0.0,0.0,0.09468586387445527,3345.3600000003353,3056.0
10271.0,6442543.09,6442543.09,6442758.09,0.0,0.0,0.0,215.0,215.0
10248.0,6436555.28,6436682.833139915,6442797.833139915,0.0,0.0,0.02085905804002592,6242.5531399147585,6115.0
10272.0,6442985.41,6442985.41,6443132.41,0.0,0.0,0.0,147.0,147.0
10260.0,6441338.35,6442224.278344296,6443395.278344296,0.0,0.0,0.7565570830882079,2056.9283442962915,1171.0
10263.0,6441654.569999998,6442797.833139915,6443630.833139915,0.0,0.0,1.3724647538014212,1976.263139916584,833.0
10264.0,6441702.1,6443395.278344296,6444164.278344296,0.0,0.0,2.2017923853007693,2462.1783442962915,769.0
10139.0,6346609.12,6346609.12,6444319.12,0.0,0.0,0.0,97710.0,97710.0
10229.0,6427405.27,6427405.27,6445104.27,0.0,0.0,0.0,17699.0,17699.0
10276.0,6445118.44,6445118.44,6445265.44,0.0,0.0,0.0,147.0,147.0
10242.0,6435917.99,6435917.99,6445312.99,0.0,0.0,0.0,9395.0,9395.0
9914.0,6116143.91,6318563.653167519,6449689.680419992,1.0,1.0,1.5437037742154363,333545.7704199916,131126.02725247294
10284.0,6446397.87,6449689.680419992,6449782.680419992,0.0,0.0,35.39581096765175,3384.8104199916124,93.0
10286.0,6447095.3,6449689.680419992,6449794.680419992,0.0,0.0,24.70838495230391,2699.3804199919105,105.0
10289.0,6447578.3599999985,6449794.680419992,6449921.680419992,0.0,0.0,17.45134188971064,2343.3204199932516,127.0
10291.0,6448091.49,6449921.680419992,6450109.680419992,0.0,0.0,9.735055425486706,2018.1904199915007,188.0
10292.0,6448291.31,6450109.680419992,6450321.680419992,0.0,0.0,8.577218962227047,2030.370419992134,212.0
10285.0,6446861.53,6449689.680419992,6450323.680419992,0.0,0.0,4.460805078850889,3462.1504199914634,634.0
10293.0,6448314.59,6450321.680419992,6450458.680419992,0.0,0.0,14.650295036437031,2144.090419991873,137.0
10294.0,6448333.99,6450323.680419992,6450524.680419992,0.0,0.0,9.89895731339055,2190.6904199915007,201.0
10296.0,6448844.21,6450524.680419992,6450743.680419992,0.0,0.0,7.67338091320439,1899.4704199917614,219.0
10288.0,6447565.75,6449782.680419992,6450810.680419992,0.0,0.0,2.1565471011592647,3244.930419991724,1028.0
10297.0,6448887.8599999985,6450743.680419992,6450955.680419992,0.0,0.0,8.753869905628545,2067.8204199932516,212.0
10304.0,6450950.08,6450950.08,6450993.08,0.0,0.0,0.0,43.0,43.0
10145.0,6348739.24,6369847.278344296,6450993.278344296,0.0,0.0,0.2601242001367374,102254.0383442957,81146.0
10305.0,6450978.21,6450978.21,6451032.21,0.0,0.0,0.0,54.0,54.0
10306.0,6451013.13,6451013.13,6451055.13,0.0,0.0,0.0,42.0,42.0
10300.0,6449600.81,6450993.278344296,6451120.278344296,0.0,0.0,10.964317671624636,1519.4683442963287,127.0
10274.0,6444851.69,6450993.278344296,6451137.278344296,0.0,0.0,42.649919057607704,6285.588344295509,144.0
10299.0,6449412.63,6450955.680419992,6451160.680419992,0.0,0.0,7.527075219472371,1748.050419991836,205.0
10309.0,6451124.68,6451124.68,6451215.68,0.0,0.0,0.0,91.0,91.0
10301.0,6449882.1099999985,6451120.278344296,6451265.278344296,0.0,0.0,8.53909202963756,1383.1683442974463,145.0
10310.0,6451232.35,6451232.35,6451306.35,0.0,0.0,0.0,74.0,74.0
10302.0,6449897.63,6451160.680419992,6451315.680419992,0.0,0.0,8.148712387044103,1418.050419991836,155.0
10313.0,6451309.95,6451309.95,6451369.95,0.0,0.0,0.0,60.0,60.0
10303.0,6450796.819999998,6451265.278344296,6451413.278344296,0.0,0.0,3.1652590830911054,616.4583442974836,148.0
10307.0,6451063.569999998,6451315.680419992,6451462.680419992,0.0,0.0,1.715036870702645,399.1104199932888,147.0
10315.0,6451453.51,6451453.51,6451543.51,0.0,0.0,0.0,90.0,90.0
10308.0,6451094.6099999985,6451413.278344296,6451550.278344296,0.0,0.0,2.326046308740484,455.6683442974463,137.0
10311.0,6451238.17,6451462.680419992,6451580.680419992,0.0,0.0,1.9026306778965991,342.5104199917987,118.0
10275.0,6445112.62,6451137.278344296,6451599.278344296,0.0,0.0,13.040386026614302,6486.658344295807,462.0
10314.0,6451437.99,6451580.680419992,6451765.680419992,0.0,0.0,0.7712995675216253,327.6904199915007,185.0
10316.0,6451463.21,6451765.680419992,6451976.680419992,0.0,0.0,1.433509099487021,513.4704199917614,211.0
10317.0,6451692.13,6451976.680419992,6452046.680419992,0.0,0.0,4.065005999883371,354.55041999183595,70.0
10277.0,6445181.49,6451599.278344296,6452067.278344296,0.0,0.0,13.713222957896786,6885.788344295695,468.0
10318.0,6451732.87,6452046.680419992,6452179.680419992,0.0,0.0,2.3594768420421985,446.81041999161243,133.0
10226.0,6422678.46,6422678.46,6452197.46,0.0,0.0,0.0,29519.0,29519.0
10319.0,6451734.81,6451734.81,6452204.81,0.0,0.0,0.0,470.0,470.0
10321.0,6451997.68,6452197.46,6452308.46,0.0,0.0,1.799819819822169,310.78000000026077,111.0
10320.0,6451861.88,6452179.680419992,6452314.680419992,0.0,0.0,2.354077185124711,452.80041999183595,135.0
10298.0,6449231.24,6450458.680419992,6452352.680419992,0.0,0.0,0.6480678035857976,3121.4404199915007,1894.0
10278.0,6445200.89,6452067.278344296,6452476.278344296,0.0,0.0,16.78823556062654,7275.388344296254,409.0
10324.0,6452151.91,6452308.46,6452493.46,0.0,0.0,0.8462162162152094,341.54999999981374,185.0
10326.0,6452299.35,6452352.680419992,6452553.680419992,0.0,0.0,0.2653254725974961,254.33041999209672,201.0
10327.0,6452391.5,6452493.46,6452643.46,0.0,0.0,0.6797333333330849,251.95999999996275,150.0
10322.0,6452047.1499999985,6452197.46,6452676.46,0.0,0.0,0.3137995824664987,629.3100000014529,479.0
10329.0,6452538.94,6452643.46,6452777.46,0.0,0.0,0.7799999999966639,238.51999999955297,134.0
10279.0,6445216.41,6452476.278344296,6452880.278344296,0.0,0.0,17.969971149246955,7663.86834429577,404.0
10312.0,6451264.3599999985,6451550.278344296,6452966.278344296,0.0,0.0,0.2019197346733378,1701.9183442974463,1416.0
10228.0,6426563.31,6426563.31,6453023.31,0.0,0.0,0.0,26460.0,26460.0
10335.0,6452966.71,6452966.71,6453104.71,0.0,0.0,0.0,138.0,138.0
10331.0,6452555.43,6452676.46,6453147.46,0.0,0.0,0.2569639065822946,592.0300000002608,471.0
10328.0,6452424.48,6452966.278344296,6453166.278344296,0.0,0.0,2.7089917214773593,741.7983442954719,200.0
10330.0,6452544.76,6453023.31,6453240.31,0.0,0.0,2.2052995391696486,695.5499999998137,217.0
10337.0,6453145.19,6453145.19,6453281.19,0.0,0.0,0.0,136.0,136.0
10332.0,6452578.71,6453166.278344296,6453345.278344296,0.0,0.0,3.2825047167371855,766.5683442959562,179.0
10338.0,6453231.52,6453281.19,6453458.19,0.0,0.0,0.28062146893139445,226.67000000085682,177.0
10341.0,6453528.34,6453528.34,6453617.34,0.0,0.0,0.0,89.0,89.0
10339.0,6453525.43,6453525.43,6453710.43,0.0,0.0,0.0,185.0,185.0
10340.0,6453526.3999999985,6453710.43,6453841.43,0.0,0.0,1.4048091603144435,315.0300000011921,131.0
10239.0,6433816.0,6433816.0,6454228.0,0.0,0.0,0.0,20412.0,20412.0
10238.0,6433801.45,6433801.45,6454277.45,0.0,0.0,0.0,20476.0,20476.0
10344.0,6453887.24,6453887.24,6454364.24,0.0,0.0,0.0,477.0,477.0
10346.0,6454268.45,6454268.45,6454414.45,0.0,0.0,0.0,146.0,146.0
10347.0,6454444.99,6454444.99,6454657.99,0.0,0.0,0.0,213.0,213.0
10351.0,6454817.47,6454817.47,6455036.47,0.0,0.0,0.0,219.0,219.0
10352.0,6455162.79,6455162.79,6455226.79,0.0,0.0,0.0,64.0,64.0
10353.0,6455194.8,6455226.79,6455368.79,0.0,0.0,0.22528169014241914,173.99000000022352,142.0
10356.0,6455395.59,6455395.59,6455497.59,0.0,0.0,0.0,102.0,102.0
10354.0,6455208.38,6455368.79,6455499.79,0.0,0.0,1.2245038167950306,291.410000000149,131.0
10231.0,6428519.8,6428519.8,6455587.8,0.0,0.0,0.0,27068.0,27068.0
10232.0,6428842.81,6428842.81,6455610.81,0.0,0.0,0.0,26768.0,26768.0
10355.0,6455333.51,6455499.79,6455654.79,0.0,0.0,1.0727741935500694,321.28000000026077,155.0
10358.0,6455507.14,6455654.79,6455732.79,0.0,0.0,1.892948717953494,225.65000000037253,78.0
10359.0,6455715.69,6455715.69,6455850.69,0.0,0.0,0.0,135.0,135.0
10360.0,6455951.3999999985,6455951.3999999985,6456054.3999999985,0.0,0.0,0.0,103.0,103.0
10361.0,6456054.22,6456054.22,6456098.22,0.0,0.0,0.0,44.0,44.0
10362.0,6456084.29,6456084.29,6456175.29,0.0,0.0,0.0,91.0,91.0
10363.0,6456120.18,6456120.18,6456242.18,0.0,0.0,0.0,122.0,122.0
10367.0,6456284.1099999985,6456284.1099999985,6456410.1099999985,0.0,0.0,0.0,126.0,126.0
10357.0,6455417.8999999985,6455497.59,6456478.59,0.0,0.0,0.0812334352714996,1060.690000001341,981.0
10364.0,6456166.74,6456478.59,6456613.59,0.0,0.0,2.3099999999972405,446.84999999962747,135.0
10366.0,6456181.29,6456613.59,6456768.59,0.0,0.0,2.7890322580633145,587.2999999998137,155.0
10365.0,6456179.35,6456179.35,6456858.35,0.0,0.0,0.0,679.0,679.0
10368.0,6456637.19,6456768.59,6456892.59,0.0,0.0,1.0596774193503322,255.3999999994412,124.0
10369.0,6456863.2,6456863.2,6456910.2,0.0,0.0,0.0,47.0,47.0
10370.0,6457032.95,6457032.95,6457153.95,0.0,0.0,0.0,121.0,121.0
10372.0,6457198.819999998,6457198.819999998,6457440.819999998,0.0,0.0,0.0,242.0,242.0
10373.0,6457441.319999998,6457441.319999998,6457546.319999998,0.0,0.0,0.0,105.0,105.0
10374.0,6457499.52,6457499.52,6457580.52,0.0,0.0,0.0,81.0,81.0
10375.0,6457647.93,6457647.93,6457876.93,0.0,0.0,0.0,229.0,229.0
10377.0,6457924.38,6457924.38,6458612.38,0.0,0.0,0.0,688.0,688.0
10381.0,6458450.12,6458612.38,6458716.38,0.0,0.0,1.5601923076901585,266.2599999997765,104.0
10378.0,6457956.39,6457956.39,6458886.39,0.0,0.0,0.0,930.0,930.0
10141.0,6347109.64,6355397.88606793,6459618.88606793,0.0,0.0,0.07952568165657606,112509.24606793001,104221.0
10371.0,6457161.96,6457161.96,6460761.96,0.0,0.0,0.0,3600.0,3600.0
10376.0,6457781.79,6457781.79,6461381.79,0.0,0.0,0.0,3600.0,3600.0
10379.0,6458001.98,6458001.98,6461601.98,0.0,0.0,0.0,3600.0,3600.0
10380.0,6458318.2,6458318.2,6461918.2,0.0,0.0,0.0,3600.0,3600.0
10382.0,6458742.09,6458742.09,6462342.09,0.0,0.0,0.0,3600.0,3600.0
10246.0,6436329.27,6436329.27,6462771.27,0.0,0.0,0.0,26442.0,26442.0
10261.0,6441547.87,6442008.58,6462830.58,0.0,0.0,0.022126116607432654,21282.709999999963,20822.0
10262.0,6441578.91,6442242.79,6463093.79,0.0,0.0,0.031839240324199714,21514.87999999989,20851.0
10290.0,6447612.31,6452553.680419992,6464798.680419992,0.0,0.0,0.4035418881169566,17186.370419992134,12245.0
10258.0,6441018.25,6441803.71,6465176.71,0.0,0.0,0.03360544217686916,24158.459999999963,23373.0
10259.0,6441066.75,6441916.7,6465266.7,0.0,0.0,0.0364004282655326,24199.950000000186,23350.0
10265.0,6442070.7,6442251.6099999985,6472384.6099999985,0.0,0.0,0.006003716855218079,30313.909999998286,30133.0
10198.0,6377392.069999998,6380607.266328921,6473393.266328921,0.0,0.0,0.03465173979826886,96001.19632892217,92786.0
10342.0,6453580.72,6454228.0,6474672.0,0.0,0.0,0.031661123067905535,21091.28000000026,20444.0
10343.0,6453620.49,6454277.45,6474710.45,0.0,0.0,0.03215191112416007,21089.959999999963,20433.0
10383.0,6458830.3599999985,6458886.39,6476886.39,0.0,0.0,0.003112777777844005,18056.030000001192,18000.0
10387.0,6461749.09,6464798.680419992,6477036.680419992,0.0,0.0,0.24919026147997003,15287.590419991873,12238.0
10384.0,6458841.03,6459618.88606793,6477618.88606793,0.0,0.0,0.043214225996078715,18777.856067929417,18000.0
9915.0,6116425.21,6348176.833139915,6479400.833139915,0.0,0.0,1.7660765038401136,362975.62313991506,131224.0
10333.0,6452671.83,6453240.31,6479577.31,0.0,0.0,0.02158484261683243,26905.479999999516,26337.0
10350.0,6454740.84,6455610.81,6482109.81,0.0,0.0,0.03283029548283857,27368.96999999974,26499.0
10398.0,6480947.33,6482109.81,6482282.81,0.0,0.0,6.719537572251536,1335.4799999995157,173.0
10349.0,6454720.47,6455587.8,6482296.8,0.0,0.0,0.03247332359878972,27576.330000000075,26709.0
10334.0,6452716.45,6453345.278344296,6482488.278344296,0.0,0.0,0.02157733741535644,29771.828344295733,29143.0
10385.0,6461689.92,6461918.2,6482766.2,0.0,0.0,0.01094973138911458,21076.28000000026,20848.0
10386.0,6461719.99,6462771.27,6483619.27,0.0,0.0,0.05042594013811058,21899.27999999933,20848.0
10389.0,6463620.22,6463620.22,6486768.22,0.0,0.0,0.0,23148.0,23148.0
10390.0,6463675.51,6465176.71,6488355.71,0.0,0.0,0.06476552051426664,24680.200000000186,23179.0
10388.0,6461932.42,6462830.58,6489002.58,0.0,0.0,0.03431759131897253,27070.16000000015,26172.0
10393.0,6473340.59,6473340.59,6493946.59,0.0,0.0,0.0,20606.0,20606.0
10394.0,6473372.6,6474672.0,6495299.0,0.0,0.0,0.06299510350513271,21926.400000000373,20627.0
10137.0,6344339.319999998,6348176.833139915,6498746.833139915,0.0,0.0,0.025486571959331766,154407.51313991658,150570.0
10392.0,6471258.97,6471258.97,6499544.97,0.0,0.0,0.0,28286.0,28286.0
10287.0,6447203.94,6498746.833139915,6499753.833139915,0.0,0.0,51.18460093338094,52549.89313991461,1007.0
10323.0,6452064.6099999985,6499753.833139915,6499918.833139915,0.0,0.0,289.025594787373,47854.22313991655,165.0
10400.0,6481847.49,6482296.8,6503312.8,0.0,0.0,0.021379425199828238,21465.30999999959,21016.0
10401.0,6481871.74,6482488.278344296,6503511.278344296,0.0,0.0,0.029326848893863645,21639.538344295695,21023.0
10273.0,6444596.58,6445312.99,6503888.99,0.0,0.0,0.012230435673315847,59292.41000000015,58576.0
10395.0,6478183.8,6478183.8,6504654.8,0.0,0.0,0.0,26471.0,26471.0
10396.0,6480404.13,6480404.13,6507112.13,0.0,0.0,0.0,26708.0,26708.0
10397.0,6480550.6,6480550.6,6507567.6,0.0,0.0,0.0,27017.0,27017.0
10413.0,6507527.27,6507527.27,6507747.27,0.0,0.0,0.0,220.0,220.0
10414.0,6507623.3,6507623.3,6507800.3,0.0,0.0,0.0,177.0,177.0
10416.0,6508774.69,6508774.69,6508989.69,0.0,0.0,0.0,215.0,215.0
10418.0,6508902.73,6508902.73,6509093.73,0.0,0.0,0.0,191.0,191.0
10402.0,6486037.89,6486037.89,6509135.89,0.0,0.0,0.0,23098.0,23098.0
10419.0,6509129.71,6509129.71,6509348.71,0.0,0.0,0.0,219.0,219.0
10403.0,6486120.34,6486120.34,6509519.34,0.0,0.0,0.0,23399.0,23399.0
10399.0,6481074.3999999985,6482282.81,6511968.81,0.0,0.0,0.04070639358623864,30894.41000000108,29686.0
10427.0,6510896.08,6511968.81,6512181.81,0.0,0.0,5.036291079809933,1285.7299999995157,213.0
10426.0,6510686.56,6511968.81,6512185.81,0.0,0.0,5.908986175115207,1499.25,217.0
10429.0,6512284.1499999985,6512284.1499999985,6512450.1499999985,0.0,0.0,0.0,166.0,166.0
10267.0,6442415.05,6443630.833139915,6512858.833139915,0.0,0.0,0.017562014501577475,70443.7831399152,69228.0
10268.0,6442422.81,6444164.278344296,6513403.278344296,0.0,0.0,0.02515155251081513,70980.46834429633,69239.0
10269.0,6442429.6,6444319.12,6513558.12,0.0,0.0,0.027289822210033135,71128.52000000048,69239.0
10405.0,6493288.64,6493288.64,6513772.64,0.0,0.0,0.0,20484.0,20484.0
10406.0,6493336.17,6493336.17,6513837.17,0.0,0.0,0.0,20501.0,20501.0
10404.0,6487283.37,6487283.37,6513861.37,0.0,0.0,0.0,26578.0,26578.0
10270.0,6442445.12,6445104.27,6514343.27,0.0,0.0,0.03840537847166252,71898.14999999944,69239.0
10240.0,6433821.819999998,6433945.96,6520552.96,0.0,0.0,0.0014333714365066031,86731.14000000153,86607.0
10428.0,6511733.19,6514343.27,6520564.27,0.0,0.0,0.4195595563412865,8831.079999999143,6221.0
10435.0,6514120.3599999985,6520552.96,6520689.96,0.0,0.0,46.95328467154372,6569.60000000149,137.0
10436.0,6514194.08,6520552.96,6520940.96,0.0,0.0,16.388865979381155,6746.879999999888,388.0
10437.0,6514371.59,6520689.96,6521125.96,0.0,0.0,14.491674311926861,6754.370000000112,436.0
10438.0,6515362.93,6520940.96,6521138.96,0.0,0.0,28.171868686870003,5776.030000000261,198.0
10445.0,6518373.81,6521138.96,6521381.96,0.0,0.0,11.379218106997417,3008.1500000003725,243.0
10439.0,6517044.91,6521125.96,6521384.96,0.0,0.0,15.756949806949088,4340.049999999814,259.0
10446.0,6518453.35,6521381.96,6521625.96,0.0,0.0,12.002500000001374,3172.6100000003353,244.0
10256.0,6440777.69,6442563.29,6522728.29,0.0,0.0,0.022274059751757343,81950.59999999963,80165.0
10408.0,6502168.99,6502168.99,6523111.99,0.0,0.0,0.0,20943.0,20943.0
10421.0,6509530.319999998,6509530.319999998,6523690.319999998,0.0,0.0,0.0,14160.0,14160.0
10409.0,6502192.27,6503312.8,6524269.8,0.0,0.0,0.05346805363364321,22077.53000000026,20957.0
10434.0,6514076.71,6520564.27,6524403.27,0.0,0.0,1.689908830424483,10326.55999999959,3839.0
10454.0,6522666.06,6524269.8,6524487.8,0.0,0.0,7.356605504588181,1821.7400000002235,218.0
10455.0,6522713.59,6524487.8,6524683.8,0.0,0.0,9.052091836734505,1970.2099999999627,196.0
10460.0,6523062.79,6524683.8,6524880.8,0.0,0.0,8.228477157359272,1818.0099999997765,197.0
10461.0,6523295.59,6524880.8,6525071.8,0.0,0.0,8.299528795811323,1776.2099999999627,191.0
10466.0,6523652.55,6525071.8,6525238.8,0.0,0.0,8.498502994011975,1586.25,167.0
10190.0,6376993.3999999985,6389160.278344296,6525383.278344296,0.0,0.0,0.08931588897834733,148389.8783442974,136223.0
10467.0,6524634.19,6525238.8,6525431.8,0.0,0.0,3.1326943005150465,797.609999999404,193.0
10440.0,6517728.76,6522728.29,6525538.29,0.0,0.0,1.779192170818598,7809.530000000261,2810.0
10468.0,6525354.8999999985,6525431.8,6525620.8,0.0,0.0,0.40687830688520554,265.90000000130385,189.0
10469.0,6525917.5,6525917.5,6526122.5,0.0,0.0,0.0,205.0,205.0
10442.0,6517759.8,6523690.319999998,6526481.319999998,0.0,0.0,2.124872805445583,8721.519999998622,2791.0
10471.0,6526196.8599999985,6526481.319999998,6526697.319999998,0.0,0.0,1.316944444444272,500.45999999996275,216.0
10407.0,6498665.35,6498665.35,6526807.35,0.0,0.0,0.0,28142.0,28142.0
10422.0,6509540.99,6512858.833139915,6527018.833139915,0.0,0.0,0.234310956208672,17477.843139914796,14160.0
10443.0,6517831.58,6524403.27,6527139.27,0.0,0.0,2.4019334795319733,9307.689999999478,2736.0
10423.0,6509550.69,6513403.278344296,6527552.278344296,0.0,0.0,0.2722869704074853,18001.58834429551,14149.0
10430.0,6512655.66,6512655.66,6527657.66,0.0,0.0,0.0,15002.0,15002.0
10424.0,6509562.33,6513558.12,6527707.12,0.0,0.0,0.2824079440243153,18144.790000000037,14149.0
10444.0,6517860.68,6525538.29,6528244.29,0.0,0.0,2.8372542498153495,10383.610000000335,2706.0
10472.0,6528597.6099999985,6528597.6099999985,6528681.6099999985,0.0,0.0,0.0,84.0,84.0
10410.0,6503790.83,6503790.83,6530004.83,0.0,0.0,0.0,26214.0,26214.0
10476.0,6530160.28,6530160.28,6530306.28,0.0,0.0,0.0,146.0,146.0
10477.0,6530403.75,6530403.75,6530507.75,0.0,0.0,0.0,104.0,104.0
10479.0,6530558.95,6530558.95,6530687.95,0.0,0.0,0.0,129.0,129.0
10480.0,6530672.44,6530672.44,6530814.44,0.0,0.0,0.0,142.0,142.0
10482.0,6530812.12,6530812.12,6530936.12,0.0,0.0,0.0,124.0,124.0
10483.0,6530931.43,6530931.43,6531055.43,0.0,0.0,0.0,124.0,124.0
10485.0,6531111.85,6531111.85,6531240.85,0.0,0.0,0.0,129.0,129.0
10486.0,6531241.83,6531241.83,6531382.83,0.0,0.0,0.0,141.0,141.0
10415.0,6508405.12,6508405.12,6531871.12,0.0,0.0,0.0,23466.0,23466.0
10417.0,6508775.66,6508775.66,6532201.66,0.0,0.0,0.0,23426.0,23426.0
10411.0,6506270.1499999985,6506270.1499999985,6532990.1499999985,0.0,0.0,0.0,26720.0,26720.0
10218.0,6410183.89,6410183.89,6533133.89,0.0,0.0,0.0,122950.0,122950.0
10412.0,6506692.1,6506692.1,6533445.1,0.0,0.0,0.0,26753.0,26753.0
10433.0,6513185.28,6513861.37,6534340.37,0.0,0.0,0.03301381903412525,21155.08999999985,20479.0
10432.0,6513117.38,6513837.17,6534343.17,0.0,0.0,0.035101433726715946,21225.790000000037,20506.0
10512.0,6537273.29,6537273.29,6537962.29,0.0,0.0,0.0,689.0,689.0
10447.0,6520041.24,6520041.24,6538041.24,0.0,0.0,0.0,18000.0,18000.0
10513.0,6537962.96,6537962.96,6538051.96,0.0,0.0,0.0,89.0,89.0
10518.0,6538584.73,6538584.73,6538817.73,0.0,0.0,0.0,233.0,233.0
10448.0,6521203.3,6526807.35,6538959.35,0.0,0.0,0.4611627715602217,17756.049999999814,12152.0
10449.0,6521308.06,6527657.66,6539716.66,0.0,0.0,0.5265444895928816,18408.60000000056,12059.0
10450.0,6521347.83,6527707.12,6539746.12,0.0,0.0,0.528224104992112,18398.290000000037,12039.0
10425.0,6509824.23,6509824.23,6539879.23,0.0,0.0,0.0,30055.0,30055.0
10523.0,6539940.79,6539940.79,6540057.79,0.0,0.0,0.0,117.0,117.0
10431.0,6512994.19,6513772.64,6540284.64,0.0,0.0,0.029362175618559708,27290.449999999255,26512.0
10525.0,6540423.85,6540423.85,6540589.85,0.0,0.0,0.0,166.0,166.0
10527.0,6540710.0,6540710.0,6540770.0,0.0,0.0,0.0,60.0,60.0
10529.0,6541195.97,6541195.97,6541255.97,0.0,0.0,0.0,60.0,60.0
10452.0,6522416.77,6522728.29,6543652.29,0.0,0.0,0.01488816669855115,21235.520000000484,20924.0
10453.0,6522449.75,6523111.99,6544000.99,0.0,0.0,0.03170281009144638,21551.240000000224,20889.0
10451.0,6521390.51,6534340.37,6546337.37,0.0,0.0,1.0794248562140814,24946.860000000335,11997.0
10280.0,6445513.23,6452880.278344296,6548369.278344296,0.0,0.0,0.07715075395381114,102856.04834429547,95489.0
10456.0,6522753.3599999985,6538959.35,6549353.35,0.0,0.0,1.5591677891092126,26599.990000001155,10394.0
10457.0,6522758.21,6539716.66,6550333.66,0.0,0.0,1.5972920787416582,27575.450000000186,10617.0
10458.0,6522763.06,6539746.12,6550363.12,0.0,0.0,1.5996100593388454,27600.06000000052,10617.0
10492.0,6532936.42,6532990.1499999985,6553688.1499999985,0.0,0.0,0.0025959029857273355,20751.729999998584,20698.0
10496.0,6532986.8599999985,6533133.89,6553799.89,0.0,0.0,0.007114584341488052,20813.030000001192,20666.0
10470.0,6526050.39,6526122.5,6554071.5,0.0,0.0,0.002580056531551586,28021.110000000335,27949.0
10536.0,6553119.21,6554071.5,6554239.5,0.0,0.0,5.668392857143079,1120.2900000000373,168.0
10484.0,6531090.51,6531090.51,6554607.51,0.0,0.0,0.0,23517.0,23517.0
10488.0,6531461.05,6531461.05,6554974.05,0.0,0.0,0.0,23513.0,23513.0
10283.0,6445578.22,6459618.88606793,6555045.88606793,0.0,0.0,0.14713515114097622,109467.66606792994,95427.0
10282.0,6445544.27,6459618.88606793,6555074.88606793,0.0,0.0,0.14744611200898974,109530.61606793012,95456.0
10281.0,6445528.75,6459618.88606793,6555085.88606793,0.0,0.0,0.1475916920813441,109557.13606792968,95467.0
10473.0,6529177.67,6529177.67,6555872.67,0.0,0.0,0.0,26695.0,26695.0
10459.0,6522765.97,6546337.37,6556965.37,0.0,0.0,2.217858487015466,34199.40000000037,10628.0
10474.0,6529596.71,6556965.37,6557090.37,0.0,0.0,218.94928000000118,27493.66000000015,125.0
10475.0,6529911.96,6557090.37,6557194.37,0.0,0.0,261.3308653846168,27282.41000000015,104.0
10478.0,6530545.37,6557194.37,6557323.37,0.0,0.0,206.58139534883722,26778.0,129.0
10481.0,6530777.2,6557323.37,6557464.37,0.0,0.0,188.27070921985762,26687.169999999925,141.0
10487.0,6531442.62,6557464.37,6557647.37,0.0,0.0,142.19535519125682,26204.75,183.0
10462.0,6523316.93,6548369.278344296,6558442.278344296,0.0,0.0,2.4870791565865398,35125.34834429622,10073.0
10489.0,6532147.81,6532147.81,6559097.81,0.0,0.0,0.0,26950.0,26950.0
10490.0,6532602.74,6532602.74,6559331.74,0.0,0.0,0.0,26729.0,26729.0
10463.0,6523319.84,6549353.35,6559448.35,0.0,0.0,2.5788519068845743,36128.50999999978,10095.0
10464.0,6523325.66,6550333.66,6560439.66,0.0,0.0,2.672471798931328,37114.0,10106.0
10465.0,6523328.569999998,6550363.12,6560480.12,0.0,0.0,2.6721903726402765,37151.55000000168,10117.0
10530.0,6542666.49,6542666.49,6563844.49,0.0,0.0,0.0,21178.0,21178.0
10531.0,6542672.31,6543652.29,6564763.29,0.0,0.0,0.04642034958080844,22090.980000000447,21111.0
10519.0,6538674.94,6538674.94,6565024.94,0.0,0.0,0.0,26350.0,26350.0
10391.0,6467331.44,6473393.266328921,6567126.266328921,0.0,0.0,0.0646712078875124,99794.8263289202,93733.0
10520.0,6538939.75,6539879.23,6568249.23,0.0,0.0,0.0331152626013552,29309.480000000447,28370.0
10551.0,6566419.85,6568249.23,6568422.23,0.0,0.0,10.574450867056761,2002.3800000008196,173.0
10491.0,6532800.62,6557647.37,6569259.37,0.0,0.0,2.1397476748191524,36458.75,11612.0
10499.0,6533029.54,6569259.37,6569400.37,0.0,0.0,256.94914893617073,36370.830000000075,141.0
10493.0,6532953.88,6558442.278344296,6570245.278344296,0.0,0.0,2.1594847364480243,37291.39834429603,11803.0
10494.0,6532968.43,6559448.35,6571506.35,0.0,0.0,2.1960457787361025,38537.919999999925,12058.0
10495.0,6532980.069999998,6560439.66,6572252.66,0.0,0.0,2.324522983154297,39272.59000000171,11813.0
10497.0,6532988.8,6560480.12,6572271.12,0.0,0.0,2.331551183105784,39282.3200000003,11791.0
10534.0,6552943.64,6553688.1499999985,6574262.1499999985,0.0,0.0,0.036186934966406396,21318.509999998845,20574.0
10535.0,6552972.74,6553799.89,6574380.89,0.0,0.0,0.040189981050456305,21408.14999999944,20581.0
10538.0,6553862.23,6554607.51,6578792.51,0.0,0.0,0.03081579491417529,24930.27999999933,24185.0
10192.0,6377054.51,6449689.680419992,6578800.680419992,0.0,0.0,0.5625792567634976,201746.17041999195,129111.0
10498.0,6533013.05,6567126.266328921,6579055.266328921,0.0,0.0,2.859687847172504,46042.2163289208,11929.0
10539.0,6554188.1499999985,6554974.05,6579190.05,0.0,0.0,0.032453749587103724,25001.900000001304,24216.0
10500.0,6533029.54,6569400.37,6581189.37,0.0,0.0,3.0851497158368035,48159.830000000075,11789.0
10540.0,6555027.2,6555872.67,6582188.67,0.0,0.0,0.03212760297916626,27161.46999999974,26316.0
10501.0,6533041.18,6570245.278344296,6582195.278344296,0.0,0.0,3.113313668978763,49154.09834429622,11950.0
10502.0,6533053.79,6571506.35,6583642.35,0.0,0.0,3.168470665787705,50588.55999999959,12136.0
10537.0,6553241.43,6554239.5,6583680.5,0.0,0.0,0.03390068272138508,30439.070000000298,29441.0
10503.0,6533074.16,6572252.66,6584059.66,0.0,0.0,3.3182434149233506,50985.5,11807.0
10504.0,6533087.74,6572271.12,6584123.12,0.0,0.0,3.306056361795468,51035.37999999989,11852.0
10510.0,6535633.99,6584123.12,6584300.12,0.0,0.0,273.9498870056491,48666.12999999989,177.0
10511.0,6536578.77,6584300.12,6584477.12,0.0,0.0,269.61214689265853,47898.35000000056,177.0
10548.0,6563083.05,6563844.49,6584758.49,0.0,0.0,0.03640814765230992,21675.44000000041,20914.0
10325.0,6452154.819999998,6499918.833139915,6584805.833139915,0.0,0.0,0.5626775965685745,132651.01313991658,84887.0
10521.0,6539441.24,6584805.833139915,6584940.833139915,0.0,0.0,336.0340232586281,45499.593139914796,135.0
10524.0,6539973.77,6584940.833139915,6585500.833139915,0.0,0.0,80.29832703556333,45527.063139915466,560.0
10544.0,6558218.5,6559097.81,6585521.81,0.0,0.0,0.03327694520131661,27303.30999999959,26424.0
10549.0,6563120.88,6564763.29,6585688.29,0.0,0.0,0.07849032258065228,22567.41000000015,20925.0
10545.0,6558488.16,6559331.74,6586093.74,0.0,0.0,0.031521560421495946,27605.580000000075,26762.0
10505.0,6533099.38,6579055.266328921,6590703.266328921,0.0,0.0,3.945388592798826,57603.88632892072,11648.0
10550.0,6564191.76,6565024.94,6591129.94,0.0,0.0,0.031916491093684475,26938.180000000633,26105.0
10563.0,6589471.8999999985,6591129.94,6591297.94,0.0,0.0,9.869285714297023,1826.0400000019,168.0
10564.0,6589596.06,6591297.94,6591465.94,0.0,0.0,10.130238095242973,1869.8800000008196,168.0
10506.0,6534375.8999999985,6581189.37,6593101.37,0.0,0.0,3.9299420752184018,58725.4700000016,11912.0
10507.0,6534379.78,6582195.278344296,6594242.278344296,0.0,0.0,3.969079301427381,59862.49834429566,12047.0
10553.0,6572845.13,6574262.1499999985,6594726.1499999985,0.0,0.0,0.06924452697413123,21881.01999999862,20464.0
10566.0,6590657.24,6594726.1499999985,6594786.1499999985,0.0,0.0,67.8151666666381,4128.909999998286,60.0
10567.0,6590833.78,6594726.1499999985,6594786.1499999985,0.0,0.0,64.87283333330416,3952.369999998249,60.0
10568.0,6591277.069999998,6594726.1499999985,6594786.1499999985,0.0,0.0,57.484666666667906,3509.0800000000745,60.0
10569.0,6591532.18,6594726.1499999985,6594786.1499999985,0.0,0.0,53.232833333313465,3253.969999998808,60.0
10554.0,6572852.89,6574380.89,6594801.89,0.0,0.0,0.07482493511581216,21949.0,20421.0
10570.0,6591650.52,6594786.1499999985,6594979.1499999985,0.0,0.0,16.246787564761433,3328.629999998957,193.0
10572.0,6591820.27,6594801.89,6595257.89,0.0,0.0,6.538640350877438,3437.6200000001118,456.0
10508.0,6534389.48,6583642.35,6595543.35,0.0,0.0,4.138548861440146,61153.86999999918,11901.0
10509.0,6534394.33,6584059.66,6596053.66,0.0,0.0,4.140847923961987,61659.330000000075,11994.0
10552.0,6566545.95,6568422.23,6596728.23,0.0,0.0,0.06628559316046989,30182.28000000026,28306.0
10528.0,6541019.43,6590703.266328921,6597440.266328921,0.0,0.0,7.374771608864615,56420.83632892091,6737.0
10585.0,6599619.069999998,6599619.069999998,6599708.069999998,0.0,0.0,0.0,89.0,89.0
10592.0,6599905.22,6599905.22,6599985.22,0.0,0.0,0.0,80.0,80.0
10599.0,6600040.05,6600040.05,6600145.05,0.0,0.0,0.0,105.0,105.0
10600.0,6600095.34,6600095.34,6600191.34,0.0,0.0,0.0,96.0,96.0
10601.0,6600140.93,6600140.93,6600221.93,0.0,0.0,0.0,81.0,81.0
10603.0,6600494.01,6600494.01,6600574.01,0.0,0.0,0.0,80.0,80.0
10604.0,6600572.58,6600572.58,6600662.58,0.0,0.0,0.0,90.0,90.0
10607.0,6600821.87,6600821.87,6601421.87,0.0,0.0,0.0,600.0,600.0
10611.0,6602813.28,6602813.28,6602902.28,0.0,0.0,0.0,89.0,89.0
10555.0,6577283.85,6578792.51,6602968.51,0.0,0.0,0.06240320979484402,25684.66000000015,24176.0
10556.0,6577606.8599999985,6579190.05,6603342.05,0.0,0.0,0.0655510930772334,25735.19000000134,24152.0
10613.0,6603517.5,6603517.5,6604117.5,0.0,0.0,0.0,600.0,600.0
10605.0,6600704.5,6602968.51,6604245.51,0.0,0.0,1.7729130775252753,3541.0099999997765,1277.0
10612.0,6603331.26,6604245.51,6604305.51,0.0,0.0,15.2375,974.25,60.0
10618.0,6605222.76,6605222.76,6605282.76,0.0,0.0,0.0,60.0,60.0
10559.0,6583335.68,6584477.12,6605507.12,0.0,0.0,0.05427674750358582,22171.44000000041,21030.0
10560.0,6583384.18,6584758.49,6605767.49,0.0,0.0,0.06541529820555579,22383.31000000052,21009.0
10617.0,6605183.96,6605183.96,6606127.96,0.0,0.0,0.0,944.0,944.0
10623.0,6606204.3999999985,6606204.3999999985,6606264.3999999985,0.0,0.0,0.0,60.0,60.0
10622.0,6606181.12,6606181.12,6606340.12,0.0,0.0,0.0,159.0,159.0
10632.0,6607976.59,6607976.59,6608065.59,0.0,0.0,0.0,89.0,89.0
10635.0,6608383.02,6608383.02,6608462.02,0.0,0.0,0.0,79.0,79.0
10630.0,6607589.56,6607589.56,6608499.56,0.0,0.0,0.0,910.0,910.0
10441.0,6517756.89,6521625.96,6608576.96,0.0,0.0,0.04449713056779448,90820.0700000003,86951.0
10631.0,6607816.54,6608499.56,6608577.56,0.0,0.0,8.756666666660935,761.019999999553,78.0
10557.0,6580514.92,6582188.67,6608701.67,0.0,0.0,0.063129408214838,28186.75,26513.0
10194.0,6377214.56,6479400.833139915,6608847.833139915,0.0,0.0,0.7894062677382668,231633.27313991543,129447.0
10230.0,6428344.23,6608847.833139915,6609002.833139915,0.0,0.0,1164.539375096223,180658.60313991457,155.0
10582.0,6599217.49,6609002.833139915,6609186.833139915,0.0,0.0,53.181212716928236,9969.343139914796,184.0
10643.0,6609892.34,6609892.34,6609970.34,0.0,0.0,0.0,78.0,78.0
10645.0,6610174.6099999985,6610174.6099999985,6610259.6099999985,0.0,0.0,0.0,85.0,85.0
10575.0,6593624.47,6596053.66,6610854.66,0.0,0.0,0.16412337004259236,17230.19000000041,14801.0
10647.0,6610290.04,6610290.04,6610890.04,0.0,0.0,0.0,600.0,600.0
10580.0,6599148.62,6610854.66,6610993.66,0.0,0.0,84.21611510791394,11845.040000000037,139.0
10561.0,6583807.1,6584805.833139915,6611699.833139915,0.0,0.0,0.03713590912156584,27892.73313991539,26894.0
10625.0,6606407.13,6606407.13,6611739.13,0.0,0.0,0.0,5332.0,5332.0
10640.0,6609813.77,6611739.13,6611798.13,0.0,0.0,32.633220338988735,1984.3600000003353,59.0
10639.0,6609632.38,6611739.13,6611799.13,0.0,0.0,35.1125,2166.75,60.0
10642.0,6609880.7,6611798.13,6611858.13,0.0,0.0,31.9571666666617,1977.429999999702,60.0
10644.0,6610081.49,6611799.13,6611859.13,0.0,0.0,28.627333333327744,1777.6399999996647,60.0
10621.0,6606156.87,6611699.833139915,6611902.833139915,0.0,0.0,27.305237142437967,5745.9631399149075,203.0
10646.0,6610245.42,6611858.13,6611918.13,0.0,0.0,26.87849999999938,1672.7099999999627,60.0
10624.0,6606293.64,6611902.833139915,6612120.833139915,0.0,0.0,25.73024376107961,5827.193139915355,218.0
10562.0,6584376.49,6585521.81,6612576.81,0.0,0.0,0.04233302531877164,28200.319999999367,27055.0
10634.0,6608157.98,6612576.81,6612713.81,0.0,0.0,32.25423357663608,4555.829999999143,137.0
10638.0,6609329.74,6612713.81,6612825.81,0.0,0.0,30.21491071428006,3496.0699999993667,112.0
10663.0,6612653.93,6612653.93,6613253.93,0.0,0.0,0.0,600.0,600.0
10673.0,6613235.93,6613235.93,6613306.93,0.0,0.0,0.0,71.0,71.0
10674.0,6613416.35,6613416.35,6613498.35,0.0,0.0,0.0,82.0,82.0
10558.0,6581720.63,6583680.5,6613523.5,0.0,0.0,0.06567268706229641,31802.87000000011,29843.0
10675.0,6613508.5,6613508.5,6614108.5,0.0,0.0,0.0,600.0,600.0
10655.0,6611796.45,6611918.13,6615619.13,0.0,0.0,0.03287760064839286,3822.679999999702,3701.0
10573.0,6592592.39,6594979.1499999985,6615662.1499999985,0.0,0.0,0.11539718609480468,23069.759999998845,20683.0
10649.0,6610636.33,6615662.1499999985,6615837.1499999985,0.0,0.0,28.718971428562487,5200.819999998435,175.0
10678.0,6615350.53,6615350.53,6615950.53,0.0,0.0,0.0,600.0,600.0
10650.0,6610805.1099999985,6615837.1499999985,6616045.1499999985,0.0,0.0,24.19250000000018,5240.040000000037,208.0
10577.0,6593950.39,6597440.266328921,6616135.266328921,0.0,0.0,0.1866743155346855,22184.876328920946,18695.0
10574.0,6592624.3999999985,6595257.89,6616197.89,0.0,0.0,0.1257636103152414,23573.490000001155,20940.0
10677.0,6615217.64,6616197.89,6616257.89,0.0,0.0,16.3375,1040.25,60.0
10654.0,6611649.01,6616197.89,6616348.89,0.0,0.0,30.12503311258204,4699.879999999888,151.0
10656.0,6611976.87,6616348.89,6616479.89,0.0,0.0,33.37419847327903,4503.019999999553,131.0
10657.0,6612141.77,6616479.89,6616610.89,0.0,0.0,33.1154198473291,4469.120000000112,131.0
10658.0,6612266.8999999985,6616610.89,6616769.89,0.0,0.0,27.320691823906635,4502.990000001155,159.0
10671.0,6612909.04,6615619.13,6616822.13,0.0,0.0,2.2527763923523283,3913.089999999851,1203.0
10659.0,6612548.2,6616769.89,6616912.89,0.0,0.0,29.522307692304047,4364.6899999994785,143.0
10672.0,6613197.13,6616822.13,6616975.13,0.0,0.0,23.69281045751634,3778.0,153.0
10583.0,6599242.71,6616135.266328921,6617115.266328921,0.0,0.0,17.23730237644964,17872.556328920648,980.0
10526.0,6540704.18,6585500.833139915,6617655.833139915,0.0,0.0,1.393147353130627,76951.65313991532,32155.0
10565.0,6589718.28,6591465.94,6617799.94,0.0,0.0,0.06636515531252939,28081.66000000015,26334.0
10682.0,6619675.76,6619675.76,6619760.76,0.0,0.0,0.0,85.0,85.0
10686.0,6620158.819999998,6620158.819999998,6620206.819999998,0.0,0.0,0.0,48.0,48.0
10579.0,6599132.13,6608847.833139915,6621203.833139915,0.0,0.0,0.7863145953314286,22071.70313991513,12356.0
10533.0,6548595.13,6593101.37,6622632.37,0.0,0.0,1.5071023670041728,74037.24000000022,29531.0
10609.0,6601929.6099999985,6602968.51,6623209.51,0.0,0.0,0.05132651548842961,21279.900000001304,20241.0
10581.0,6599197.12,6610993.66,6623539.66,0.0,0.0,0.940263032042088,24342.540000000037,12546.0
10681.0,6619538.02,6623209.51,6623561.51,0.0,0.0,10.430369318182453,4023.4900000002235,352.0
10683.0,6619783.43,6623561.51,6623935.51,0.0,0.0,10.10181818181838,4152.0800000000745,374.0
10576.0,6593926.14,6596728.23,6624712.23,0.0,0.0,0.1001318610634928,30786.090000000782,27984.0
10685.0,6620070.55,6623935.51,6624759.51,0.0,0.0,4.690485436893159,4688.959999999963,824.0
10687.0,6620432.3599999985,6624759.51,6625787.51,0.0,0.0,4.209289883269751,5355.150000001304,1028.0
10679.0,6618547.6499999985,6623209.51,6626088.51,0.0,0.0,1.6192636332064143,7540.860000001267,2879.0
10722.0,6625821.68,6625821.68,6626408.68,0.0,0.0,0.0,587.0,587.0
10731.0,6626318.319999998,6626318.319999998,6626541.319999998,0.0,0.0,0.0,223.0,223.0
10728.0,6625955.54,6625955.54,6626564.54,0.0,0.0,0.0,609.0,609.0
10688.0,6620570.1,6625787.51,6626637.51,0.0,0.0,6.138129411764881,6067.410000000149,850.0
10732.0,6626554.03,6626554.03,6626668.03,0.0,0.0,0.0,114.0,114.0
10614.0,6603683.37,6605767.49,6626916.49,0.0,0.0,0.09854461203839954,23233.12000000011,21149.0
10698.0,6621511.0,6626088.51,6627029.51,0.0,0.0,4.8645164718382325,5518.5099999997765,941.0
10693.0,6621096.81,6626088.51,6627177.51,0.0,0.0,4.583746556474,6080.700000000186,1089.0
10696.0,6621450.8599999985,6627029.51,6627189.51,0.0,0.0,34.86656250000815,5738.650000001304,160.0
10606.0,6600704.5,6603342.05,6627289.05,0.0,0.0,0.11014114502859705,26584.549999999814,23947.0
10542.0,6558019.6499999985,6595543.35,6627850.35,0.0,0.0,1.1614727458445884,69830.70000000112,32307.0
10541.0,6557764.54,6594242.278344296,6628044.278344296,0.0,0.0,1.0791591723654186,70279.73834429588,33802.0
10700.0,6621933.92,6626637.51,6628222.51,0.0,0.0,2.967564668769622,6288.589999999851,1585.0
10684.0,6619790.22,6626916.49,6628395.49,0.0,0.0,4.818302907370172,8605.270000000484,1479.0
10608.0,6601001.319999998,6605507.12,6629339.12,0.0,0.0,0.18906512252440738,28337.800000001676,23832.0
10699.0,6621640.98,6627189.51,6629752.51,0.0,0.0,2.1648575887629065,8111.529999999329,2563.0
10615.0,6603694.04,6608701.67,6629781.67,0.0,0.0,0.23755360531308767,26087.62999999989,21080.0
10733.0,6626739.3,6626739.3,6629939.3,0.0,0.0,0.0,3200.0,3200.0
10584.0,6599358.14,6617655.833139915,6630190.833139915,0.0,0.0,1.459728212199071,30832.693139915355,12535.0
10734.0,6626943.97,6626943.97,6630749.97,0.0,0.0,0.0,3806.0,3806.0
10735.0,6627779.14,6627779.14,6632659.14,0.0,0.0,0.0,4880.0,4880.0
10586.0,6599773.3,6621203.833139915,6632794.833139915,0.0,0.0,1.8488942403515836,33021.533139915206,11591.0
10587.0,6599777.18,6622632.37,6634579.37,0.0,0.0,1.9130484640495864,34802.19000000041,11947.0
10588.0,6599782.03,6623539.66,6635676.66,0.0,0.0,1.9574548900057582,35894.62999999989,12137.0
10660.0,6612603.49,6616975.13,6637465.13,0.0,0.0,0.21335480722301928,24861.639999999665,20490.0
10670.0,6612863.45,6617799.94,6638236.94,0.0,0.0,0.2415467045065432,25373.490000000224,20437.0
10626.0,6606426.53,6612120.833139915,6638827.833139915,0.0,0.0,0.2132138817506556,32401.30313991476,26707.0
10641.0,6609822.5,6612825.81,6639688.81,0.0,0.0,0.1118009902095667,29866.30999999959,26863.0
10590.0,6599896.49,6628044.278344296,6639827.278344296,0.0,0.0,2.3888473516333444,39930.788344295695,11783.0
10589.0,6599790.76,6627850.35,6639923.35,0.0,0.0,2.324160523482138,40132.58999999985,12073.0
10648.0,6610540.3,6613523.5,6640100.5,0.0,0.0,0.1122474319900736,29560.200000000186,26577.0
10651.0,6611100.96,6616045.1499999985,6644727.1499999985,0.0,0.0,0.1723795411755996,33626.18999999855,28682.0
10591.0,6599899.3999999985,6634579.37,6646621.37,0.0,0.0,2.879917787743033,46721.9700000016,12042.0
10593.0,6599912.98,6635676.66,6647702.66,0.0,0.0,2.9738632961915603,47789.6799999997,12026.0
10595.0,6599921.71,6639923.35,6651317.35,0.0,0.0,3.51076355976827,51395.639999999665,11394.0
10676.0,6615207.94,6624712.23,6651378.23,0.0,0.0,0.35641978549463876,36170.29000000004,26666.0
10594.0,6599915.89,6639827.278344296,6651895.278344296,0.0,0.0,3.307208182324847,51979.388344296254,12068.0
10708.0,6623862.28,6629339.12,6653382.12,0.0,0.0,0.22779353658028745,29519.83999999985,24043.0
10709.0,6624050.46,6629781.67,6653849.67,0.0,0.0,0.23812572710652993,29799.209999999963,24068.0
10195.0,6377288.28,6525383.278344296,6654900.278344296,0.0,0.0,1.1434406166317599,277611.99834429566,129517.0
10345.0,6454109.37,6654900.278344296,6655046.278344296,0.0,0.0,1375.2801941390123,200936.9083442958,146.0
10514.0,6538149.2,6555045.88606793,6656284.88606793,0.0,0.0,0.16689898228873745,118135.68606792949,101239.0
10516.0,6538206.43,6555085.88606793,6656405.88606793,0.0,0.0,0.16659550007826665,118199.45606792998,101320.0
10691.0,6621022.12,6627289.05,6656696.05,0.0,0.0,0.2131101438432925,35673.9299999997,29407.0
10710.0,6624082.47,6637465.13,6658316.13,0.0,0.0,0.6418234137451513,34233.66000000015,20851.0
10596.0,6599925.59,6646621.37,6658716.37,0.0,0.0,3.8607507234394594,58790.78000000026,12095.0
10712.0,6624105.75,6638236.94,6659106.94,0.0,0.0,0.6771054144705515,35001.19000000041,20870.0
10597.0,6599930.44,6647702.66,6659663.66,0.0,0.0,3.9939988295292816,59733.21999999974,11961.0
10748.0,6632407.98,6639688.81,6660308.81,0.0,0.0,0.3530955383122766,27900.829999999143,20620.0
10749.0,6632654.3599999985,6640100.5,6660642.5,0.0,0.0,0.362483691948278,27988.140000001527,20542.0
10515.0,6538187.03,6555074.88606793,6662173.88606793,0.0,0.0,0.15768453550387415,123986.85606792942,107099.0
10598.0,6599934.319999998,6651317.35,6663321.35,0.0,0.0,4.280492335888137,63387.03000000119,12004.0
10602.0,6600222.41,6651895.278344296,6664084.278344296,0.0,0.0,4.239303334506175,63861.86834429577,12189.0
10747.0,6632259.569999998,6638827.833139915,6665193.833139915,0.0,0.0,0.24911868087372313,32934.263139916584,26366.0
10750.0,6635882.52,6644727.1499999985,6671482.1499999985,0.0,0.0,0.3305785834423082,35599.62999999896,26755.0
10777.0,6666596.6,6671482.1499999985,6671686.1499999985,0.0,0.0,23.948774509798444,5089.549999998882,204.0
10420.0,6509188.88,6655046.278344296,6672204.278344296,0.0,0.0,8.500839162157362,163015.39834429603,17158.0
10348.0,6454668.09,6654900.278344296,6672537.278344296,0.0,0.0,11.352961861104273,217869.18834429607,17637.0
10578.0,6597072.819999998,6608576.96,6672938.96,0.0,0.0,0.17874118268545924,75866.14000000153,64362.0
10636.0,6608868.02,6658716.37,6674029.37,0.0,0.0,3.255296153595021,65161.35000000056,15313.0
10517.0,6538226.8,6584477.12,6674232.12,0.0,0.0,0.5152951924683895,136005.3200000003,89755.0
10784.0,6672967.56,6674232.12,6674367.12,0.0,0.0,9.367111111114975,1399.5600000005215,135.0
10637.0,6608926.22,6659663.66,6674661.66,0.0,0.0,3.382947059607975,65735.44000000041,14998.0
10785.0,6673484.569999998,6674232.12,6674954.12,0.0,0.0,1.0353878116366708,1469.5500000016764,722.0
10652.0,6611330.85,6663321.35,6675130.35,0.0,0.0,4.4026166483190785,63799.5,11809.0
10790.0,6675426.51,6675426.51,6675515.51,0.0,0.0,0.0,89.0,89.0
10792.0,6675734.0,6675734.0,6675861.0,0.0,0.0,0.0,127.0,127.0
10653.0,6611334.73,6664084.278344296,6675893.278344296,0.0,0.0,4.46689375428025,64558.54834429547,11809.0
10795.0,6676025.97,6676025.97,6676125.97,0.0,0.0,0.0,100.0,100.0
10797.0,6676618.64,6676618.64,6676716.64,0.0,0.0,0.0,98.0,98.0
10798.0,6676680.72,6676680.72,6676779.72,0.0,0.0,0.0,99.0,99.0
10799.0,6676736.01,6676736.01,6676796.01,0.0,0.0,0.0,60.0,60.0
10760.0,6644266.23,6656284.88606793,6677223.88606793,0.0,0.0,0.5739842431791982,32957.65606792923,20939.0
10801.0,6677158.93,6677223.88606793,6677358.88606793,0.0,0.0,0.48115605874056067,199.9560679299757,135.0
10759.0,6644256.53,6656284.88606793,6677360.88606793,0.0,0.0,0.5707134213289722,33104.35606792942,21076.0
10800.0,6676950.38,6677223.88606793,6677392.88606793,0.0,0.0,1.6183791001762688,442.5060679297894,169.0
10803.0,6677410.16,6677410.16,6677457.16,0.0,0.0,0.0,47.0,47.0
10791.0,6675572.01,6675572.01,6677686.01,0.0,0.0,0.0,2114.0,2114.0
10804.0,6677415.98,6677415.98,6678022.98,0.0,0.0,0.0,607.0,607.0
10796.0,6676074.47,6676074.47,6678029.47,0.0,0.0,0.0,1955.0,1955.0
10751.0,6636338.42,6651378.23,6678092.23,0.0,0.0,0.562993561428484,41753.81000000052,26714.0
10806.0,6678063.94,6678063.94,6678273.94,0.0,0.0,0.0,210.0,210.0
10805.0,6677876.73,6677876.73,6678552.73,0.0,0.0,0.0,676.0,676.0
10807.0,6678123.1099999985,6678123.1099999985,6678671.1099999985,0.0,0.0,0.0,548.0,548.0
10770.0,6652325.96,6658316.13,6678729.13,0.0,0.0,0.29344878263851104,26403.169999999925,20413.0
10802.0,6677318.01,6677358.88606793,6678759.88606793,0.0,0.0,0.029176351127695347,1441.8760679299012,1401.0
10811.0,6678721.6,6678721.6,6678802.6,0.0,0.0,0.0,81.0,81.0
10820.0,6678961.19,6678961.19,6679104.19,0.0,0.0,0.0,143.0,143.0
10543.0,6558190.37,6586093.74,6679292.74,0.0,0.0,0.2993955943733314,121102.37000000011,93199.0
10761.0,6647141.31,6656405.88606793,6679350.88606793,0.0,0.0,0.40377319973545817,32209.576067930087,22945.0
10763.0,6647352.77,6656405.88606793,6679401.88606793,0.0,0.0,0.3936822085549715,32049.116067930125,22996.0
10829.0,6679215.33,6679350.88606793,6679426.88606793,0.0,0.0,1.7836324727579362,211.55606792960316,76.0
10831.0,6679255.1,6679255.1,6679447.1,0.0,0.0,0.0,192.0,192.0
10832.0,6679478.2,6679478.2,6679537.2,0.0,0.0,0.0,59.0,59.0
10771.0,6652539.3599999985,6659106.94,6679547.94,0.0,0.0,0.3212944572184305,27008.580000001937,20441.0
10834.0,6679652.8,6679652.8,6679759.8,0.0,0.0,0.0,107.0,107.0
10835.0,6679821.58,6679821.58,6679910.58,0.0,0.0,0.0,89.0,89.0
10833.0,6679540.28,6679540.28,6679985.28,0.0,0.0,0.0,445.0,445.0
10830.0,6679242.49,6679350.88606793,6680218.88606793,0.0,0.0,0.12488026259153703,976.3960679294541,868.0
10836.0,6679997.1499999985,6679997.1499999985,6680219.1499999985,0.0,0.0,0.0,222.0,222.0
10758.0,6640995.39,6653849.67,6680307.67,0.0,0.0,0.48583717590143854,39312.28000000026,26458.0
10837.0,6680267.78,6680267.78,6680488.78,0.0,0.0,0.0,221.0,221.0
10839.0,6680649.96,6680649.96,6680726.96,0.0,0.0,0.0,77.0,77.0
10838.0,6680497.67,6680497.67,6680741.67,0.0,0.0,0.0,244.0,244.0
10840.0,6680723.68,6680723.68,6680795.68,0.0,0.0,0.0,72.0,72.0
10841.0,6680794.49,6680794.49,6680847.49,0.0,0.0,0.0,53.0,53.0
10842.0,6680800.31,6680800.31,6680883.31,0.0,0.0,0.0,83.0,83.0
10843.0,6680931.26,6680931.26,6681020.26,0.0,0.0,0.0,89.0,89.0
10812.0,6678733.24,6678759.88606793,6681608.88606793,0.0,0.0,0.009352779196017602,2875.646067929454,2849.0
10810.0,6678614.8999999985,6678671.1099999985,6681620.1099999985,0.0,0.0,0.01906069854186597,3005.2099999999627,2949.0
10809.0,6678588.71,6678588.71,6681818.71,0.0,0.0,0.0,3230.0,3230.0
10755.0,6638884.67,6653382.12,6682533.12,0.0,0.0,0.49732256183321966,43648.450000000186,29151.0
10860.0,6682069.069999998,6682533.12,6682655.12,0.0,0.0,3.803688524603905,586.0500000016764,122.0
10861.0,6682391.1099999985,6682655.12,6682782.12,0.0,0.0,2.078818897650702,391.0100000016391,127.0
10862.0,6682465.8,6682782.12,6682871.12,0.0,0.0,3.554157303374135,405.320000000298,89.0
10865.0,6683176.81,6683176.81,6683270.81,0.0,0.0,0.0,94.0,94.0
10867.0,6683470.72,6683470.72,6683544.72,0.0,0.0,0.0,74.0,74.0
10864.0,6683099.21,6683099.21,6684661.21,0.0,0.0,0.0,1562.0,1562.0
10662.0,6612643.26,6674661.66,6684916.66,0.0,0.0,6.047625548512957,72273.40000000037,10255.0
10775.0,6664537.29,6664537.29,6685397.29,0.0,0.0,0.0,20860.0,20860.0
10874.0,6685837.52,6685837.52,6685926.52,0.0,0.0,0.0,89.0,89.0
10661.0,6612619.98,6674029.37,6686018.37,0.0,0.0,5.122144465760252,73398.38999999966,11989.0
10776.0,6664659.51,6665193.833139915,6686042.833139915,0.0,0.0,0.025628238280744533,21383.323139915243,20849.0
10769.0,6649525.569999998,6656696.05,6686181.05,0.0,0.0,0.24319077497037064,36655.48000000138,29485.0
10877.0,6686479.66,6686479.66,6686558.66,0.0,0.0,0.0,79.0,79.0
10772.0,6657782.21,6660308.81,6686769.81,0.0,0.0,0.09548391973091068,28987.599999999627,26461.0
10871.0,6685392.29,6686769.81,6686869.81,0.0,0.0,13.775199999995529,1477.519999999553,100.0
10878.0,6686796.85,6686796.85,6686878.85,0.0,0.0,0.0,82.0,82.0
10870.0,6685291.41,6686769.81,6686884.81,0.0,0.0,12.855652173908185,1593.3999999994412,115.0
10664.0,6612674.3,6675130.35,6686956.35,0.0,0.0,5.2812489430069185,74282.04999999981,11826.0
10872.0,6685533.91,6686869.81,6687007.81,0.0,0.0,9.680434782604646,1473.8999999994412,138.0
10873.0,6685616.3599999985,6686884.81,6687080.81,0.0,0.0,6.4716836734750895,1464.4500000011176,196.0
10879.0,6687132.47,6687132.47,6687210.47,0.0,0.0,0.0,78.0,78.0
10880.0,6687486.52,6687486.52,6687564.52,0.0,0.0,0.0,78.0,78.0
10881.0,6687585.46,6687585.46,6687674.46,0.0,0.0,0.0,89.0,89.0
10882.0,6687675.67,6687675.67,6687932.67,0.0,0.0,0.0,257.0,257.0
10884.0,6687846.39,6687846.39,6688153.39,0.0,0.0,0.0,307.0,307.0
10665.0,6612697.58,6675893.278344296,6688493.278344296,0.0,0.0,5.015531614626655,75795.69834429584,12600.0
10773.0,6661759.21,6661759.21,6688561.21,0.0,0.0,0.0,26802.0,26802.0
10774.0,6662215.1099999985,6662215.1099999985,6689000.1099999985,0.0,0.0,0.0,26785.0,26785.0
10875.0,6685986.8999999985,6685986.8999999985,6689022.8999999985,0.0,0.0,0.0,3036.0,3036.0
10886.0,6689721.3999999985,6689721.3999999985,6689878.3999999985,0.0,0.0,0.0,157.0,157.0
10887.0,6689842.6499999985,6689842.6499999985,6689995.6499999985,0.0,0.0,0.0,153.0,153.0
10888.0,6689929.95,6689929.95,6690118.95,0.0,0.0,0.0,189.0,189.0
10889.0,6690051.2,6690051.2,6690195.2,0.0,0.0,0.0,144.0,144.0
10890.0,6690458.6,6690458.6,6690592.6,0.0,0.0,0.0,134.0,134.0
10901.0,6690931.96,6690931.96,6691072.96,0.0,0.0,0.0,141.0,141.0
10666.0,6612721.83,6679547.94,6691145.94,0.0,0.0,5.761864976720153,78424.11000000034,11598.0
10906.0,6691032.84,6691032.84,6691147.84,0.0,0.0,0.0,115.0,115.0
10669.0,6612823.68,6684916.66,6691156.66,0.0,0.0,11.553362179487252,78332.98000000045,6240.0
10782.0,6672090.68,6672938.96,6693329.96,0.0,0.0,0.041600706193921866,21239.28000000026,20391.0
10910.0,6691240.42,6693329.96,6693449.96,0.0,0.0,17.412833333333644,2209.5400000000373,120.0
10667.0,6612745.1099999985,6681608.88606793,6693468.88606793,0.0,0.0,5.806389213147656,80723.7760679312,11860.0
10668.0,6612807.19,6681620.1099999985,6693564.1099999985,0.0,0.0,5.761296048224888,80756.91999999806,11944.0
10911.0,6691352.94,6693449.96,6693574.96,0.0,0.0,16.776159999996423,2222.019999999553,125.0
10701.0,6622056.14,6693564.1099999985,6693766.1099999985,0.0,0.0,353.9998514851426,71709.96999999881,202.0
10702.0,6622872.88,6693766.1099999985,6693915.1099999985,0.0,0.0,475.7934899328764,71042.22999999858,149.0
10703.0,6622949.51,6693915.1099999985,6694086.1099999985,0.0,0.0,415.0035087719222,71136.5999999987,171.0
10695.0,6621439.22,6693468.88606793,6694097.88606793,0.0,0.0,114.51457244503965,72658.66606792994,629.0
10705.0,6623306.47,6694097.88606793,6694444.88606793,0.0,0.0,204.00984457616698,71138.41606792994,347.0
10706.0,6623531.51,6694444.88606793,6694609.88606793,0.0,0.0,429.77803677533274,71078.3760679299,165.0
10783.0,6672320.569999998,6674232.12,6694622.12,0.0,0.0,0.09374938695447162,22301.550000001676,20390.0
10704.0,6623153.21,6694086.1099999985,6694689.1099999985,0.0,0.0,117.63333333333087,71535.89999999851,603.0
10930.0,6694601.47,6694622.12,6694760.12,0.0,0.0,0.14963768116211978,158.65000000037253,138.0
10913.0,6691561.49,6694622.12,6694767.12,0.0,0.0,21.107793103447506,3205.6299999998882,145.0
10916.0,6691678.8599999985,6694767.12,6694884.12,0.0,0.0,26.395384615398626,3205.260000001639,117.0
10931.0,6694607.29,6694760.12,6694886.12,0.0,0.0,1.2129365079370993,278.8300000000745,126.0
10918.0,6691804.96,6694884.12,6694993.12,0.0,0.0,28.249174311927973,3188.160000000149,109.0
10780.0,6669353.34,6672537.278344296,6695071.278344296,0.0,0.0,0.1412948586267892,25717.938344296068,22534.0
10781.0,6669590.99,6672938.96,6695539.96,0.0,0.0,0.14813371089773636,25948.96999999974,22601.0
10707.0,6623758.49,6694609.88606793,6695548.88606793,0.0,0.0,75.4540959189877,71790.39606792945,939.0
10932.0,6695497.75,6695497.75,6695589.75,0.0,0.0,0.0,92.0,92.0
10920.0,6692152.22,6695539.96,6695677.96,0.0,0.0,24.548840579711765,3525.7400000002235,138.0
10689.0,6620938.7,6686956.35,6695710.35,0.0,0.0,7.5414267763307565,74771.64999999944,8754.0
10921.0,6692234.67,6695677.96,6695825.96,0.0,0.0,23.265472972973225,3591.2900000000373,148.0
10922.0,6692325.85,6695825.96,6695925.96,0.0,0.0,35.001100000003355,3600.1100000003353,100.0
10610.0,6602020.79,6609186.833139915,6695997.833139915,0.0,0.0,0.08254763958386589,93977.04313991498,86811.0
10923.0,6692467.47,6695925.96,6696132.96,0.0,0.0,16.70768115942137,3665.4900000002235,207.0
10934.0,6696015.73,6696015.73,6696213.73,0.0,0.0,0.0,198.0,198.0
10924.0,6692531.49,6696132.96,6696251.96,0.0,0.0,30.264453781510415,3720.4699999997392,119.0
10935.0,6696228.16,6696228.16,6697206.16,0.0,0.0,0.0,978.0,978.0
10690.0,6621009.51,6688493.278344296,6697404.278344296,0.0,0.0,7.573085887587941,76394.76834429614,8911.0
10680.0,6618846.41,6686018.37,6697724.37,0.0,0.0,5.738250469844521,78877.95999999996,11706.0
10716.0,6625585.0,6697724.37,6697842.37,0.0,0.0,611.3505932203399,72257.37000000011,118.0
10778.0,6666732.3999999985,6671686.1499999985,6698293.1499999985,0.0,0.0,0.18618220768970573,31560.75,26607.0
10926.0,6692964.1099999985,6698293.1499999985,6698447.1499999985,0.0,0.0,34.60415584415609,5483.040000000037,154.0
10927.0,6693064.99,6698447.1499999985,6698600.1499999985,0.0,0.0,35.17751633985808,5535.159999998286,153.0
10928.0,6693175.569999998,6698600.1499999985,6698715.1499999985,0.0,0.0,47.170260869565865,5539.5800000000745,115.0
10929.0,6693392.85,6698715.1499999985,6698820.1499999985,0.0,0.0,50.688571428560785,5427.299999998882,105.0
10863.0,6683025.49,6683025.49,6698924.49,0.0,0.0,0.0,15899.0,15899.0
10938.0,6697979.01,6698924.49,6698984.49,0.0,0.0,15.758000000007451,1005.480000000447,60.0
10940.0,6698126.45,6698984.49,6699044.49,0.0,0.0,14.300666666667288,918.0400000000373,60.0
10941.0,6698161.37,6699044.49,6699104.49,0.0,0.0,14.718666666668529,943.1200000001118,60.0
10946.0,6699059.59,6699059.59,6699148.59,0.0,0.0,0.0,89.0,89.0
10942.0,6698189.5,6699104.49,6699164.49,0.0,0.0,15.249833333337058,974.9900000002235,60.0
10943.0,6698293.29,6699164.49,6699286.49,0.0,0.0,7.140983606558904,993.2000000001863,122.0
10948.0,6699274.93,6699274.93,6699361.93,0.0,0.0,0.0,87.0,87.0
10692.0,6621056.069999998,6691145.94,6699377.94,0.0,0.0,8.514318513119774,78321.87000000197,8232.0
10949.0,6699318.58,6699318.58,6699398.58,0.0,0.0,0.0,80.0,80.0
10944.0,6698400.96,6699286.49,6699421.49,0.0,0.0,6.559481481483413,1020.5300000002608,135.0
10950.0,6699358.35,6699358.35,6699430.35,0.0,0.0,0.0,72.0,72.0
10951.0,6699772.54,6699772.54,6699877.54,0.0,0.0,0.0,105.0,105.0
10336.0,6453119.97,6527139.27,6699939.27,0.0,0.0,0.4283524305555545,246819.2999999998,172800.0
10952.0,6699918.04,6699918.04,6699999.04,0.0,0.0,0.0,81.0,81.0
10954.0,6700040.26,6700040.26,6700127.26,0.0,0.0,0.0,87.0,87.0
10955.0,6700124.6499999985,6700124.6499999985,6700176.6499999985,0.0,0.0,0.0,52.0,52.0
10956.0,6700180.91,6700180.91,6700232.91,0.0,0.0,0.0,52.0,52.0
10958.0,6700271.12,6700271.12,6700352.12,0.0,0.0,0.0,81.0,81.0
10959.0,6700353.569999998,6700353.569999998,6700425.569999998,0.0,0.0,0.0,72.0,72.0
10960.0,6700423.41,6700423.41,6700629.41,0.0,0.0,0.0,206.0,206.0
10961.0,6700625.17,6700625.17,6700707.17,0.0,0.0,0.0,82.0,82.0
10962.0,6700774.55,6700774.55,6700843.55,0.0,0.0,0.0,69.0,69.0
10963.0,6700812.38,6700812.38,6700910.38,0.0,0.0,0.0,98.0,98.0
10964.0,6700846.33,6700846.33,6700915.33,0.0,0.0,0.0,69.0,69.0
10966.0,6700951.09,6700951.09,6700998.09,0.0,0.0,0.0,47.0,47.0
10965.0,6700931.69,6700931.69,6701014.69,0.0,0.0,0.0,83.0,83.0
10967.0,6700990.8599999985,6700990.8599999985,6701064.8599999985,0.0,0.0,0.0,74.0,74.0
10969.0,6701081.069999998,6701081.069999998,6701170.069999998,0.0,0.0,0.0,89.0,89.0
10546.0,6561968.52,6617115.266328921,6701398.266328921,0.0,0.0,0.654304501844038,139429.74632892106,84283.0
10779.0,6667124.28,6672204.278344296,6701511.278344296,0.0,0.0,0.17333737142306133,34386.99834429566,29307.0
10968.0,6701051.0,6701051.0,6701585.0,0.0,0.0,0.0,534.0,534.0
10957.0,6700263.3599999985,6701511.278344296,6701652.278344296,0.0,0.0,8.850484711329406,1388.9183442974463,141.0
10953.0,6699999.52,6701511.278344296,6701656.278344296,0.0,0.0,10.425919615837007,1656.758344296366,145.0
10971.0,6701530.18,6701652.278344296,6701768.278344296,0.0,0.0,1.0525719335880772,238.09834429621696,116.0
10972.0,6701671.8,6701671.8,6701787.8,0.0,0.0,0.0,116.0,116.0
10719.0,6625720.8,6699939.27,6702219.27,0.0,0.0,32.551960526315675,76498.46999999974,2280.0
10813.0,6678763.31,6699939.27,6702735.27,0.0,0.0,7.57366237482116,23971.959999999963,2796.0
10717.0,6625682.0,6697842.37,6702753.37,0.0,0.0,14.693620443901468,77071.37000000011,4911.0
10547.0,6562004.41,6630190.833139915,6702813.833139915,0.0,0.0,0.9389094796402637,140809.42313991487,72623.0
10718.0,6625696.55,6699377.94,6703972.94,0.0,0.0,16.035122959738977,78276.3900000006,4595.0
10997.0,6703778.64,6703778.64,6704530.64,0.0,0.0,0.0,752.0,752.0
10697.0,6621480.93,6628395.49,6704799.49,0.0,0.0,0.09049997382336686,83318.56000000052,76404.0
10973.0,6701897.81,6704799.49,6704904.49,0.0,0.0,27.63504761905365,3006.6800000006333,105.0
10723.0,6625829.44,6702753.37,6705011.37,0.0,0.0,34.067285208148675,79181.9299999997,2258.0
11003.0,6704498.38,6704498.38,6705100.38,0.0,0.0,0.0,602.0,602.0
11010.0,6704623.51,6705100.38,6705196.38,0.0,0.0,4.967395833334497,572.8700000001118,96.0
11004.0,6704591.5,6704591.5,6705237.5,0.0,0.0,0.0,646.0,646.0
10814.0,6678795.319999998,6702735.27,6705402.27,0.0,0.0,8.976359205099781,26606.950000001118,2667.0
10724.0,6625855.63,6702813.833139915,6705487.833139915,0.0,0.0,28.780180680596533,79632.20313991513,2674.0
11008.0,6704618.66,6704904.49,6705524.49,0.0,0.0,0.4610161290323782,905.8300000000745,620.0
11006.0,6704597.319999998,6704904.49,6705572.49,0.0,0.0,0.45983532934399424,975.1700000017881,668.0
11007.0,6704613.81,6704904.49,6705581.49,0.0,0.0,0.42936484490492366,967.6800000006333,677.0
11005.0,6704594.41,6704799.49,6705863.49,0.0,0.0,0.19274436090232566,1269.0800000000745,1064.0
11009.0,6704620.6,6704904.49,6705942.49,0.0,0.0,0.2734971098271638,1321.890000000596,1038.0
10726.0,6625917.71,6705011.37,6706088.37,0.0,0.0,73.43886722376988,80170.66000000015,1077.0
11013.0,6705193.87,6705524.49,6706200.49,0.0,0.0,0.4890828402368517,1006.6200000001118,676.0
11011.0,6704643.88,6705196.38,6706245.38,0.0,0.0,0.5266920877025739,1601.5,1049.0
10720.0,6625768.33,6701398.266328921,6706264.266328921,0.0,0.0,15.542526989091767,80495.93632892054,4866.0
10721.0,6625797.43,6702219.27,6706521.27,0.0,0.0,17.764258484425813,80723.83999999985,4302.0
10725.0,6625883.76,6703972.94,6706566.94,0.0,0.0,30.10377023901335,80683.18000000063,2594.0
10868.0,6684728.81,6686042.833139915,6706846.833139915,0.0,0.0,0.0631620428723048,22118.02313991543,20804.0
10869.0,6684813.2,6686181.05,6706985.05,0.0,0.0,0.06574937512015129,22171.849999999627,20804.0
10808.0,6678198.77,6678198.77,6707068.77,0.0,0.0,0.0,28870.0,28870.0
10736.0,6629817.1099999985,6706521.27,6707214.27,0.0,0.0,110.68421356421513,77397.16000000108,693.0
10737.0,6629848.1499999985,6706566.94,6707247.94,0.0,0.0,112.65607929515697,77399.7900000019,681.0
10730.0,6626044.78,6706264.266328921,6707352.266328921,0.0,0.0,73.73114552290474,81307.48632892035,1088.0
10727.0,6625942.93,6705487.833139915,6707374.833139915,0.0,0.0,42.15416170636742,81431.90313991532,1887.0
11012.0,6704648.73,6705237.5,6707526.5,0.0,0.0,0.2572171253820677,2877.769999999553,2289.0
10197.0,6377343.569999998,6578800.680419992,6707880.680419992,0.0,0.0,1.5607151411527216,330537.1104199933,129080.0
10739.0,6629931.569999998,6707247.94,6707916.94,0.0,0.0,115.57005979073539,77985.37000000197,669.0
10742.0,6630756.069999998,6707880.680419992,6707958.680419992,0.0,0.0,988.7770566665806,77202.61041999329,78.0
10729.0,6626020.53,6706088.37,6707987.37,0.0,0.0,42.16315955766185,81966.83999999985,1899.0
10738.0,6629878.22,6707214.27,6708014.27,0.0,0.0,96.67006249999977,78136.04999999981,800.0
10616.0,6605160.68,6707880.680419992,6708064.680419992,0.0,0.0,558.2608718477827,102904.00041999202,184.0
10816.0,6678860.31,6705402.27,6708164.27,0.0,0.0,9.609688631426488,29303.959999999963,2762.0
10619.0,6605507.94,6708064.680419992,6708250.680419992,0.0,0.0,551.380324838663,102742.74041999131,186.0
11023.0,6708710.12,6708710.12,6708770.12,0.0,0.0,0.0,60.0,60.0
11024.0,6709163.1099999985,6709163.1099999985,6709223.1099999985,0.0,0.0,0.0,60.0,60.0
11025.0,6709335.77,6709335.77,6709395.77,0.0,0.0,0.0,60.0,60.0
11026.0,6709635.5,6709635.5,6709695.5,0.0,0.0,0.0,60.0,60.0
11027.0,6709721.83,6709721.83,6709781.83,0.0,0.0,0.0,60.0,60.0
10817.0,6678895.23,6708164.27,6710895.27,0.0,0.0,10.71733430977631,32000.039999999106,2731.0
10866.0,6683383.42,6685397.29,6711808.29,0.0,0.0,0.07625118321911747,28424.87000000011,26411.0
10295.0,6448516.35,6609002.833139915,6711995.833139915,0.0,0.0,1.558227094461909,263479.4831399154,102993.0
11030.0,6711745.25,6711995.833139915,6712168.833139915,0.0,0.0,1.4484574561561807,423.5831399150193,173.0
10571.0,6591698.05,6632794.833139915,6712932.833139915,0.0,0.0,0.5128251658378697,121234.7831399152,80138.0
10532.0,6547452.47,6672537.278344296,6713036.278344296,0.0,0.0,3.0885900477615786,165583.80834429618,40499.0
10711.0,6624089.26,6694689.1099999985,6713382.1099999985,0.0,0.0,3.776806826084561,89292.8499999987,18693.0
10937.0,6697882.98,6701787.8,6713433.8,0.0,0.0,0.3352928043963049,15550.819999999367,11646.0
10818.0,6678912.69,6710895.27,6713631.27,0.0,0.0,11.689539473683897,34718.57999999914,2736.0
10764.0,6647777.63,6713631.27,6713704.27,0.0,0.0,902.1046575342419,65926.63999999966,73.0
10714.0,6624755.6499999985,6695710.35,6714325.35,0.0,0.0,3.8116948697287736,89569.70000000112,18615.0
10883.0,6687694.1,6687694.1,6714359.1,0.0,0.0,0.0,26665.0,26665.0
10743.0,6630796.81,6707916.94,6714481.94,0.0,0.0,11.74716374714407,83685.13000000082,6565.0
10713.0,6624694.54,6695548.88606793,6714531.88606793,0.0,0.0,3.732515728174137,89837.34606792964,18983.0
10744.0,6630830.76,6707958.680419992,6714590.680419992,0.0,0.0,11.629662306995167,83759.92041999195,6632.0
10909.0,6691137.6,6691147.84,6715013.84,0.0,0.0,0.0004290622643184244,23876.240000000224,23866.0
10885.0,6688155.819999998,6688561.21,6715199.21,0.0,0.0,0.015218484871293918,27043.390000001527,26638.0
10917.0,6691787.5,6694993.12,6715489.12,0.0,0.0,0.15640222482436142,23701.62000000011,20496.0
10919.0,6692055.22,6695071.278344296,6715500.278344296,0.0,0.0,0.14763612238955306,23445.05834429618,20429.0
10715.0,6624948.68,6697404.278344296,6715868.278344296,0.0,0.0,3.924155022979648,90919.59834429622,18464.0
10912.0,6691447.03,6693574.96,6717469.96,0.0,0.0,0.08905335844317648,26022.929999999702,23895.0
10745.0,6630958.8,6707987.37,6717592.37,0.0,0.0,8.01963248308176,86633.5700000003,9605.0
10746.0,6631055.8,6708014.27,6717846.27,0.0,0.0,7.827346419853513,86790.46999999974,9832.0
10740.0,6630128.48,6707352.266328921,6718024.266328921,0.0,0.0,7.236111912380076,87895.78632892016,10672.0
10741.0,6630160.49,6707374.833139915,6718088.833139915,0.0,0.0,7.206864209437633,87928.3431399148,10714.0
10819.0,6678932.09,6717469.96,6720167.96,0.0,0.0,14.283865826538218,41235.87000000011,2698.0
10793.0,6675973.59,6717846.27,6720629.27,0.0,0.0,15.045878548329034,44655.6799999997,2783.0
10794.0,6676004.63,6718024.266328921,6720778.266328921,0.0,0.0,15.257674774481018,44773.63632892072,2754.0
11037.0,6718162.77,6720778.266328921,6720945.266328921,0.0,0.0,15.661654664197949,2782.4963289210573,167.0
11038.0,6718286.93,6720945.266328921,6721111.266328921,0.0,0.0,16.014074270607882,2824.3363289209083,166.0
10815.0,6678839.94,6718088.833139915,6721126.833139915,0.0,0.0,12.919319664224691,42286.89313991461,3038.0
11039.0,6718416.91,6721111.266328921,6721288.266328921,0.0,0.0,15.222352140793566,2871.3563289204612,177.0
10925.0,6692602.3,6696251.96,6722678.96,0.0,0.0,0.1381034548000208,30076.66000000015,26427.0
10821.0,6678965.069999998,6720167.96,6722881.96,0.0,0.0,15.181610169492089,43916.89000000153,2714.0
10822.0,6678992.23,6720629.27,6723333.27,0.0,0.0,15.398313609467126,44341.039999999106,2704.0
10823.0,6679006.78,6720778.266328921,6723477.266328921,0.0,0.0,15.476652956250593,44470.48632892035,2699.0
10752.0,6637645.01,6711995.833139915,6723734.833139915,0.0,0.0,6.333659011833652,86089.82313991524,11739.0
10824.0,6679026.18,6721126.833139915,6723814.833139915,0.0,0.0,15.662445364551829,44788.65313991532,2688.0
10753.0,6637741.04,6711995.833139915,6723822.833139915,0.0,0.0,6.278413218898705,86081.79313991498,11827.0
11041.0,6723950.76,6723950.76,6724126.76,0.0,0.0,0.0,176.0,176.0
10754.0,6637852.59,6712932.833139915,6725202.833139915,0.0,0.0,6.119009220856982,87350.24313991517,12270.0
10825.0,6679070.8,6722678.96,6725335.96,0.0,0.0,16.412555513737352,46265.16000000015,2657.0
10826.0,6679121.24,6722881.96,6725496.96,0.0,0.0,16.734500956022845,46375.71999999974,2615.0
10827.0,6679133.85,6723333.27,6725948.27,0.0,0.0,16.902263862332667,46814.419999999925,2615.0
10828.0,6679155.19,6723477.266328921,6726081.266328921,0.0,0.0,17.020766639370276,46926.0763289202,2604.0
11016.0,6706271.54,6706846.833139915,6727656.833139915,0.0,0.0,0.027645033153050554,21385.293139914982,20810.0
11018.0,6706288.03,6706985.05,6727784.05,0.0,0.0,0.03351218808594418,21496.019999999553,20799.0
10933.0,6695500.66,6698820.1499999985,6728190.1499999985,0.0,0.0,0.11302315287702965,32689.48999999836,29370.0
10756.0,6640450.25,6713036.278344296,6731585.278344296,0.0,0.0,3.913204396155907,91135.02834429592,18549.0
11029.0,6711631.76,6711808.29,6732177.29,0.0,0.0,0.008666601207730412,20545.53000000026,20369.0
10765.0,6647922.16,6713704.27,6732385.27,0.0,0.0,3.5213377228199456,84463.1099999994,18681.0
10762.0,6647315.91,6713433.8,6732541.8,0.0,0.0,3.460220326564772,85225.88999999966,19108.0
11031.0,6711815.09,6712168.833139915,6732599.833139915,0.0,0.0,0.017314039445703505,20784.74313991517,20431.0
10766.0,6648092.88,6714325.35,6732983.35,0.0,0.0,3.5498161646478583,84890.46999999974,18658.0
10767.0,6648158.84,6714481.94,6732996.94,0.0,0.0,3.582128004320851,84838.10000000056,18515.0
10847.0,6681481.25,6725202.833139915,6733126.833139915,0.0,0.0,5.517615237243188,51645.58313991502,7924.0
10846.0,6681471.55,6723822.833139915,6733145.833139915,0.0,0.0,4.542666860443549,51674.283139915206,9323.0
10844.0,6681449.24,6723734.833139915,6733232.833139915,0.0,0.0,4.452052341536618,51783.593139914796,9498.0
10845.0,6681461.85,6723814.833139915,6733327.833139915,0.0,0.0,4.452116381784442,51865.98313991539,9513.0
10757.0,6640510.39,6713382.1099999985,6733373.1099999985,0.0,0.0,3.645226351858277,92862.71999999881,19991.0
10787.0,6674865.85,6714590.680419992,6733404.680419992,0.0,0.0,2.1114505378968906,58538.8304199921,18814.0
10786.0,6674861.97,6714531.88606793,6733714.88606793,0.0,0.0,2.0679724791706167,58852.91606792994,19183.0
11047.0,6734304.54,6734304.54,6734508.54,0.0,0.0,0.0,204.0,204.0
10788.0,6674870.7,6715868.278344296,6734517.278344296,0.0,0.0,2.1983794489943556,59646.57834429573,18649.0
11048.0,6734431.6099999985,6734508.54,6734685.54,0.0,0.0,0.4346327683704216,253.93000000156462,177.0
11049.0,6734558.68,6734558.68,6734782.68,0.0,0.0,0.0,224.0,224.0
10849.0,6681511.319999998,6725496.96,6735063.96,0.0,0.0,4.597641894010821,53552.64000000153,9567.0
11015.0,6706126.04,6706245.38,6735337.38,0.0,0.0,0.004102158669044788,29211.33999999985,29092.0
10850.0,6681526.84,6725948.27,6735537.27,0.0,0.0,4.632540410887444,54010.4299999997,9589.0
10848.0,6681501.62,6725335.96,6735550.96,0.0,0.0,4.291173764072428,54049.33999999985,10215.0
10851.0,6681553.03,6726081.266328921,6735656.266328921,0.0,0.0,4.650468546101342,54103.23632892035,9575.0
10620.0,6606143.29,6708250.680419992,6735708.680419992,0.0,0.0,3.718675446863999,129565.39041999169,27458.0
10789.0,6674873.6099999985,6717592.37,6736614.37,0.0,0.0,2.245755441068323,61740.76000000164,19022.0
10852.0,6681568.55,6728190.1499999985,6737812.1499999985,0.0,0.0,4.845312824776419,56243.599999998696,9622.0
11032.0,6711875.23,6712932.833139915,6738976.833139915,0.0,0.0,0.040608322067062365,27101.603139914572,26044.0
11035.0,6714250.76,6715199.21,6739060.21,0.0,0.0,0.03974896274255841,24809.450000000186,23861.0
11036.0,6714615.48,6715489.12,6739360.12,0.0,0.0,0.036598382975144096,24744.639999999665,23871.0
10859.0,6681637.42,6733126.833139915,6740860.833139915,0.0,0.0,6.657539842244,59223.413139915094,7734.0
10853.0,6681580.19,6731585.278344296,6741234.278344296,0.0,0.0,5.182411477282154,59654.08834429551,9649.0
11033.0,6713488.34,6714359.1,6741246.1,0.0,0.0,0.032385911406991354,27757.759999999776,26887.0
11034.0,6713952.97,6715013.84,6741962.84,0.0,0.0,0.03936583917771019,28009.87000000011,26949.0
10854.0,6681591.83,6732385.27,6742056.27,0.0,0.0,5.252139385792522,60464.43999999948,9671.0
10978.0,6702796.03,6742056.27,6742159.27,0.0,0.0,381.1673786407698,39363.23999999929,103.0
10979.0,6702808.64,6742159.27,6742228.27,0.0,0.0,570.2989855072448,39419.62999999989,69.0
10855.0,6681601.53,6732541.8,6742234.8,0.0,0.0,5.255366759517131,60633.26999999955,9693.0
10856.0,6681609.29,6732599.833139915,6742306.833139915,0.0,0.0,5.252966224365404,60697.54313991498,9707.0
10858.0,6681627.72,6732996.94,6742470.94,0.0,0.0,5.422125818028359,60843.22000000067,9474.0
10857.0,6681618.99,6732983.35,6742718.35,0.0,0.0,5.2762568053414896,61099.359999999404,9735.0
10986.0,6703181.12,6742470.94,6743657.94,0.0,0.0,33.10010109519823,40476.8200000003,1187.0
11043.0,6726424.26,6726424.26,6747176.26,0.0,0.0,0.0,20752.0,20752.0
11040.0,6718538.16,6721126.833139915,6747534.833139915,0.0,0.0,0.09802609587681271,28996.67313991487,26408.0
11044.0,6726424.26,6727656.833139915,6748481.833139915,0.0,0.0,0.059187185590167724,22057.573139915243,20825.0
10894.0,6690699.16,6733373.1099999985,6748978.1099999985,0.0,0.0,2.7346331304068134,58278.94999999832,15605.0
10898.0,6690812.6499999985,6734517.278344296,6750187.278344296,0.0,0.0,2.789063710548654,59374.62834429741,15670.0
10903.0,6690963.97,6735550.96,6751044.96,0.0,0.0,2.877693946043644,60080.99000000022,15494.0
10936.0,6697378.58,6751044.96,6751191.96,0.0,0.0,365.0774149659856,53813.37999999989,147.0
10893.0,6690680.73,6733327.833139915,6752552.833139915,0.0,0.0,2.2183148577328775,61872.10313991457,19225.0
11045.0,6731350.89,6732177.29,6752718.29,0.0,0.0,0.04023173165865209,21367.400000000373,20541.0
11046.0,6731568.17,6732385.27,6752869.27,0.0,0.0,0.03988966998631261,21301.099999999627,20484.0
11042.0,6724080.74,6724126.76,6753121.76,0.0,0.0,0.0015871702017435064,29041.019999999553,28995.0
11061.0,6752133.14,6753121.76,6753293.76,0.0,0.0,5.747790697675068,1160.6200000001118,172.0
11062.0,6752259.24,6753293.76,6753461.76,0.0,0.0,6.157857142854482,1202.519999999553,168.0
11063.0,6752379.52,6753461.76,6753630.76,0.0,0.0,6.403786982249843,1251.2400000002235,169.0
11064.0,6752504.6499999985,6753630.76,6753801.76,0.0,0.0,6.585438596498635,1297.1100000012666,171.0
10947.0,6699169.2,6751191.96,6754341.96,0.0,0.0,16.515161904761833,55172.75999999978,3150.0
10974.0,6701971.53,6752552.833139915,6754511.833139915,0.0,0.0,25.81996076565327,52540.30313991476,1959.0
10908.0,6691097.83,6740860.833139915,6756111.833139915,0.0,0.0,3.262933784008586,65014.003139914945,15251.0
10975.0,6702287.75,6754341.96,6756267.96,0.0,0.0,27.027107995846293,53980.20999999996,1926.0
10976.0,6702415.79,6754511.833139915,6756456.833139915,0.0,0.0,26.784598015380453,54041.04313991498,1945.0
11066.0,6757461.35,6757461.35,6757571.35,0.0,0.0,0.0,110.0,110.0
11067.0,6757468.14,6757468.14,6757578.14,0.0,0.0,0.0,110.0,110.0
10907.0,6691060.97,6737812.1499999985,6757604.1499999985,0.0,0.0,2.3621251010508675,66543.17999999877,19792.0
11068.0,6757473.96,6757473.96,6757619.96,0.0,0.0,0.0,146.0,146.0
10984.0,6703076.3599999985,6757604.1499999985,6757669.1499999985,0.0,0.0,838.8890769230775,54592.79000000004,65.0
10977.0,6702538.01,6756267.96,6758184.96,0.0,0.0,28.028142931664156,55646.950000000186,1917.0
10981.0,6702972.569999998,6756456.833139915,6758401.833139915,0.0,0.0,27.49833580458436,55429.263139916584,1945.0
11075.0,6758416.8,6758416.8,6758476.8,0.0,0.0,0.0,60.0,60.0
10985.0,6703096.73,6757669.1499999985,6759589.1499999985,0.0,0.0,28.42313541666566,56492.41999999806,1920.0
11077.0,6759768.01,6759768.01,6759940.01,0.0,0.0,0.0,172.0,172.0
10987.0,6703211.19,6758184.96,6760080.96,0.0,0.0,28.99460443037951,56869.76999999955,1896.0
10988.0,6703314.01,6758401.833139915,6760330.833139915,0.0,0.0,28.557710285077885,57016.82313991524,1929.0
11078.0,6759944.55,6759944.55,6761168.55,0.0,0.0,0.0,1224.0,1224.0
10989.0,6703431.38,6759589.1499999985,6761523.1499999985,0.0,0.0,29.037109617372607,58091.76999999862,1934.0
10990.0,6703538.08,6760080.96,6762048.96,0.0,0.0,28.731138211382056,58510.87999999989,1968.0
10991.0,6703646.72,6760330.833139915,6762262.833139915,0.0,0.0,29.33960307449031,58616.11313991528,1932.0
11052.0,6737356.16,6739060.21,6762485.21,0.0,0.0,0.07274493062966121,25129.049999999814,23425.0
11053.0,6737727.67,6739360.12,6762760.12,0.0,0.0,0.06976282051282848,25032.450000000186,23400.0
11093.0,6763010.72,6763010.72,6763077.72,0.0,0.0,0.0,67.0,67.0
11094.0,6763058.25,6763058.25,6763127.25,0.0,0.0,0.0,69.0,69.0
11104.0,6763723.67,6763723.67,6763812.67,0.0,0.0,0.0,89.0,89.0
11105.0,6763773.14,6763773.14,6763854.14,0.0,0.0,0.0,81.0,81.0
11103.0,6763628.6099999985,6763628.6099999985,6763944.6099999985,0.0,0.0,0.0,316.0,316.0
11050.0,6734682.84,6734685.54,6764033.54,0.0,0.0,9.199945482439227e-05,29350.700000000186,29348.0
11106.0,6763969.08,6763969.08,6764037.08,0.0,0.0,0.0,68.0,68.0
10897.0,6690783.55,6733714.88606793,6764093.88606793,0.0,0.0,1.4131912198535128,73310.33606792986,30379.0
11001.0,6704292.74,6742718.35,6764754.35,0.0,0.0,1.7437652023960521,60461.609999999404,22036.0
11051.0,6737096.2,6738976.833139915,6765109.833139915,0.0,0.0,0.07196392071001542,28013.633139914833,26133.0
11097.0,6763187.26,6765109.833139915,6765171.833139915,0.0,0.0,31.009244192181335,1984.5731399152428,62.0
10982.0,6703040.47,6742234.8,6765205.8,0.0,0.0,1.706252666405471,62165.330000000075,22971.0
11108.0,6765073.91,6765073.91,6765214.91,0.0,0.0,0.0,141.0,141.0
11098.0,6763203.75,6765171.833139915,6765316.833139915,0.0,0.0,13.57298717182772,2113.0831399150193,145.0
11111.0,6765225.23,6765225.23,6765326.23,0.0,0.0,0.0,101.0,101.0
11099.0,6763236.73,6765316.833139915,6765433.833139915,0.0,0.0,17.778659315509163,2197.1031399145722,117.0
11002.0,6704450.85,6743657.94,6765916.94,0.0,0.0,1.761403926501675,61466.09000000078,22259.0
11100.0,6763325.0,6765433.833139915,6766606.833139915,0.0,0.0,1.79781171348254,3281.8331399150193,1173.0
10915.0,6691640.06,6750187.278344296,6766648.278344296,0.0,0.0,3.556723063258388,75008.21834429633,16461.0
11101.0,6763489.8999999985,6766606.833139915,6767134.833139915,0.0,0.0,5.903282461963086,3644.9331399165094,528.0
10905.0,6691023.14,6736614.37,6767461.37,0.0,0.0,1.477979382111727,76438.23000000045,30847.0
11072.0,6758292.64,6767461.37,6767525.37,0.0,0.0,143.26140625000698,9232.730000000447,64.0
11102.0,6763507.3599999985,6767134.833139915,6767639.833139915,0.0,0.0,7.183115128547617,4132.473139916547,505.0
10996.0,6703749.54,6765916.94,6767814.94,0.0,0.0,32.75416227608028,64065.40000000037,1898.0
11054.0,6739494.04,6741246.1,6768331.1,0.0,0.0,0.0646874653867303,28837.05999999959,27085.0
11057.0,6746478.04,6747534.833139915,6768472.833139915,0.0,0.0,0.05047249689153606,21994.793139914982,20938.0
11055.0,6740052.76,6741962.84,6769036.84,0.0,0.0,0.07055034350299455,28984.080000000075,27074.0
11058.0,6746583.77,6748481.833139915,6769486.833139915,0.0,0.0,0.0903624441759327,22903.063139915466,21005.0
10998.0,6703841.69,6767814.94,6769733.94,0.0,0.0,33.33676393955185,65892.25,1919.0
11113.0,6765646.21,6767639.833139915,6770101.833139915,0.0,0.0,0.8097575710459206,4455.6231399150565,2462.0
10627.0,6606988.16,6735708.680419992,6770745.680419992,0.0,0.0,3.673845375459987,163757.52041999158,35037.0
10768.0,6648525.5,6679292.74,6771926.74,0.0,0.0,0.3321376600384332,123401.24000000022,92634.0
11139.0,6772272.28,6772272.28,6772703.28,0.0,0.0,0.0,431.0,431.0
11140.0,6772862.04,6772862.04,6772934.04,0.0,0.0,0.0,72.0,72.0
11059.0,6751200.0,6752718.29,6773060.29,0.0,0.0,0.07463818700226316,21860.290000000037,20342.0
11060.0,6751395.94,6752869.27,6773227.27,0.0,0.0,0.07237105806067115,21831.329999999143,20358.0
11056.0,6744089.8999999985,6747176.26,6773885.26,0.0,0.0,0.1155550563480949,29795.360000001267,26709.0
11141.0,6772989.1099999985,6773885.26,6773958.26,0.0,0.0,12.276027397278135,969.1500000013039,73.0
11142.0,6773087.08,6773087.08,6774842.08,0.0,0.0,0.0,1755.0,1755.0
10891.0,6690623.5,6733145.833139915,6776345.833139915,0.0,0.0,0.9843132671276624,85722.33313991502,43200.0
10892.0,6690653.569999998,6733232.833139915,6776432.833139915,0.0,0.0,0.9856310912017727,85779.26313991658,43200.0
10895.0,6690733.1099999985,6733373.1099999985,6776573.1099999985,0.0,0.0,0.987037037037037,85840.0,43200.0
10896.0,6690756.39,6733404.680419992,6776604.680419992,0.0,0.0,0.9872289449072236,85848.29041999206,43200.0
11169.0,6776773.08,6776773.08,6776843.08,0.0,0.0,0.0,70.0,70.0
11170.0,6776966.1099999985,6776966.1099999985,6777002.1099999985,0.0,0.0,0.0,36.0,36.0
10694.0,6621145.31,6691156.66,6777556.66,0.0,0.0,0.8103165509259324,156411.35000000056,86400.0
10899.0,6690867.94,6735063.96,6778263.96,0.0,0.0,1.0230560185185082,87396.01999999955,43200.0
11171.0,6777964.24,6777964.24,6778321.24,0.0,0.0,0.0,357.0,357.0
10900.0,6690906.74,6735337.38,6778537.38,0.0,0.0,1.0284870370370294,87630.63999999966,43200.0
10902.0,6690939.72,6735537.27,6778737.27,0.0,0.0,1.03235069444444,87797.54999999981,43200.0
10904.0,6690989.19,6735656.266328921,6778856.266328921,0.0,0.0,1.0339601002064862,87867.0763289202,43200.0
11021.0,6707685.8,6771926.74,6779228.74,0.0,0.0,8.797718433306,71542.94000000041,7302.0
11172.0,6779172.8599999985,6779172.8599999985,6780038.8599999985,0.0,0.0,0.0,866.0,866.0
10992.0,6703656.42,6761523.1499999985,6780249.1499999985,0.0,0.0,3.090181031720527,76592.72999999858,18726.0
11076.0,6758820.319999998,6777556.66,6780539.66,0.0,0.0,6.281039222260045,21719.340000001714,2983.0
10993.0,6703660.3,6762048.96,6780774.96,0.0,0.0,3.1180529744740015,77114.66000000015,18726.0
10994.0,6703663.21,6762262.833139915,6780867.833139915,0.0,0.0,3.149670687445045,77204.62313991506,18605.0
11184.0,6780761.72,6780774.96,6780942.96,0.0,0.0,0.07880952381085427,181.24000000022352,168.0
11190.0,6781167.18,6781167.18,6781399.18,0.0,0.0,0.0,232.0,232.0
11189.0,6780928.56,6780942.96,6781442.96,0.0,0.0,0.02880000000074506,514.4000000003725,500.0
11082.0,6761254.05,6776573.1099999985,6781654.1099999985,0.0,0.0,3.0149694941937923,20400.05999999866,5081.0
11083.0,6761257.93,6776604.680419992,6781696.680419992,0.0,0.0,3.0138944265498866,20438.750419992022,5092.0
11081.0,6760962.08,6776432.833139915,6781730.833139915,0.0,0.0,2.9201119554388346,20768.753139914945,5298.0
11084.0,6762324.93,6778263.96,6782129.96,0.0,0.0,4.122873771339954,19805.03000000026,3866.0
11085.0,6762343.3599999985,6778537.38,6782414.38,0.0,0.0,4.1769460923398025,20071.020000001416,3877.0
11086.0,6762368.58,6778737.27,6782608.27,0.0,0.0,4.228543012141431,20239.68999999948,3871.0
11088.0,6762400.59,6778856.266328921,6782738.266328921,0.0,0.0,4.238968657630283,20337.67632892076,3882.0
10876.0,6686164.41,6695997.833139915,6782827.833139915,0.0,0.0,0.11324914361297789,96663.42313991487,86830.0
11065.0,6752630.75,6753801.76,6782881.76,0.0,0.0,0.04026856946354115,30251.009999999776,29080.0
11089.0,6762433.569999998,6779228.74,6783086.74,0.0,0.0,4.353335925350386,20653.170000001788,3858.0
11079.0,6760010.51,6760010.51,6783875.51,0.0,0.0,0.0,23865.0,23865.0
11090.0,6762464.6099999985,6780539.66,6784398.66,0.0,0.0,4.683868877948089,21934.050000001676,3859.0
11193.0,6783221.64,6783875.51,6784768.51,0.0,0.0,0.7322172452408866,1546.8700000001118,893.0
11022.0,6707764.37,6776345.833139915,6784879.833139915,0.0,0.0,8.036262378710441,77115.46313991491,8534.0
10995.0,6703666.12,6766648.278344296,6785195.278344296,0.0,0.0,3.3958137889845155,81529.1583442958,18547.0
11192.0,6783117.85,6783875.51,6785676.51,0.0,0.0,0.4206885063854242,2558.660000000149,1801.0
11080.0,6760386.87,6762485.21,6786254.21,0.0,0.0,0.08828053346795621,25867.33999999985,23769.0
11087.0,6762376.34,6762760.12,6789057.12,0.0,0.0,0.014594060158963409,26680.78000000026,26297.0
11132.0,6766742.31,6769036.84,6789760.84,0.0,0.0,0.11071849063888539,23018.53000000026,20724.0
11133.0,6766919.819999998,6769486.833139915,6790179.833139915,0.0,0.0,0.12405224664942656,23260.013139916584,20693.0
11117.0,6766045.85,6781696.680419992,6790322.680419992,0.0,0.0,1.8143786714574655,24276.830419992097,8626.0
11197.0,6787806.83,6790179.833139915,6790336.833139915,0.0,0.0,15.114669680986909,2530.0031399149448,157.0
11118.0,6766056.52,6781730.833139915,6790345.833139915,0.0,0.0,1.8194211421840356,24289.313139915466,8615.0
11198.0,6787922.26,6790336.833139915,6790486.833139915,0.0,0.0,16.09715426610162,2564.573139915243,150.0
11148.0,6775688.62,6790345.833139915,6790554.833139915,0.0,0.0,70.13020641107612,14866.213139914908,209.0
11149.0,6775729.3599999985,6790554.833139915,6790699.833139915,0.0,0.0,102.24464234425204,14970.473139916547,145.0
11119.0,6766062.34,6782129.96,6790733.96,0.0,0.0,1.8674593212459452,24671.62000000011,8604.0
11150.0,6775760.3999999985,6790699.833139915,6790861.833139915,0.0,0.0,92.21872308590437,15101.43313991651,162.0
11151.0,6775795.319999998,6790733.96,6790881.96,0.0,0.0,100.93675675676708,15086.640000001527,148.0
11120.0,6766071.069999998,6782414.38,6791054.38,0.0,0.0,1.8915868055557237,24983.310000001453,8640.0
11121.0,6766079.8,6782608.27,6791201.27,0.0,0.0,1.9234807401372906,25121.46999999974,8593.0
11122.0,6766102.1099999985,6782738.266328921,6791298.266328921,0.0,0.0,1.9434762066497824,25196.156328922138,8560.0
11123.0,6766110.84,6783086.74,6791646.74,0.0,0.0,1.9831658878505107,25535.900000000373,8560.0
11124.0,6766122.48,6784398.66,6792994.66,0.0,0.0,2.1261261051651585,26872.179999999702,8596.0
11092.0,6762545.12,6780867.833139915,6793151.833139915,0.0,0.0,1.4915917567498296,30606.713139914908,12284.0
11091.0,6762487.89,6780774.96,6793179.96,0.0,0.0,1.4741692865780167,30692.070000000298,12405.0
11095.0,6763076.68,6764033.54,6793318.54,0.0,0.0,0.0326740652211144,30241.860000000335,29285.0
11137.0,6770895.85,6773060.29,6793328.29,0.0,0.0,0.10679100059208653,22432.44000000041,20268.0
11125.0,6766133.1499999985,6784879.833139915,6793417.833139915,0.0,0.0,2.195676170053468,27284.68313991651,8538.0
11138.0,6771103.43,6773227.27,6793450.27,0.0,0.0,0.10502101567521391,22346.83999999985,20223.0
11126.0,6766144.79,6785195.278344296,6793711.278344296,0.0,0.0,2.2370230559295305,27566.48834429588,8516.0
11127.0,6766156.43,6786254.21,6794759.21,0.0,0.0,2.363054673721371,28602.78000000026,8505.0
11116.0,6765694.71,6768331.1,6795048.1,0.0,0.0,0.09867836957741007,29353.389999999665,26717.0
11130.0,6766234.03,6768472.833139915,6795301.833139915,0.0,0.0,0.0834471333227015,29067.80313991476,26829.0
11154.0,6775853.52,6790881.96,6795626.96,0.0,0.0,3.167216016859939,19773.44000000041,4745.0
11153.0,6775829.27,6790861.833139915,6795632.833139915,0.0,0.0,3.150820192813973,19803.563139915466,4771.0
11155.0,6775874.8599999985,6791054.38,6795789.38,0.0,0.0,3.2058120380150825,19914.520000001416,4735.0
11156.0,6775891.35,6791201.27,6795902.27,0.0,0.0,3.2567368644969,20010.919999999925,4701.0
11157.0,6775918.51,6791298.266328921,6795978.266328921,0.0,0.0,3.286272719854879,20059.756328920834,4680.0
11158.0,6775952.46,6791646.74,6796290.74,0.0,0.0,3.3794745908699957,20338.28000000026,4644.0
11135.0,6769956.89,6770101.833139915,6796399.833139915,0.0,0.0,0.005511565134814608,26442.943139915355,26298.0
11159.0,6775990.29,6792994.66,6797595.66,0.0,0.0,3.6957987394045015,21605.37000000011,4601.0
11161.0,6776058.19,6793179.96,6797703.96,0.0,0.0,3.7846529619804494,21645.769999999553,4524.0
11160.0,6776016.48,6793151.833139915,6797740.833139915,0.0,0.0,3.734005914123899,21724.353139914572,4589.0
11176.0,6780643.38,6797703.96,6797783.96,0.0,0.0,213.25725000000094,17140.580000000075,80.0
11175.0,6780634.6499999985,6797595.66,6797813.66,0.0,0.0,77.80279816514513,17179.01000000164,218.0
11162.0,6776079.53,6793417.833139915,6797930.833139915,0.0,0.0,3.84185755371477,21851.30313991476,4513.0
10980.0,6702872.66,6742228.27,6797983.27,0.0,0.0,0.7058669177652122,95110.6099999994,55755.0
11163.0,6776101.84,6793711.278344296,6798201.278344296,0.0,0.0,3.9219239074156054,22099.438344296068,4490.0
11128.0,6766166.13,6790322.680419992,6798863.680419992,0.0,0.0,2.8283046973412755,32697.550419991836,8541.0
10983.0,6703053.08,6742306.833139915,6799140.833139915,0.0,0.0,0.6906737716844661,96087.75313991494,56834.0
11164.0,6776129.0,6794759.21,6799220.21,0.0,0.0,4.176240753194342,23091.209999999963,4461.0
11166.0,6776214.3599999985,6795632.833139915,6800006.833139915,0.0,0.0,4.439522894356778,23792.473139916547,4374.0
11165.0,6776185.26,6795626.96,6800030.96,0.0,0.0,4.4145549500454555,23845.700000000186,4404.0
11167.0,6776233.76,6795789.38,6800141.38,0.0,0.0,4.493478860294143,23907.62000000011,4352.0
11168.0,6776258.01,6795902.27,6800231.27,0.0,0.0,4.537828597828546,23973.259999999776,4329.0
11144.0,6774215.19,6800231.27,6800387.27,0.0,0.0,166.76974358973808,26172.079999999143,156.0
11145.0,6774246.23,6800387.27,6800507.27,0.0,0.0,217.84199999999254,26261.039999999106,120.0
10628.0,6607000.77,6770745.680419992,6801059.680419992,0.0,0.0,5.401626655010628,194058.91041999217,30314.0
10914.0,6691605.14,6741234.278344296,6801614.278344296,0.0,0.0,0.8219466436617465,110009.13834429625,60380.0
10939.0,6698014.8999999985,6801614.278344296,6802193.278344296,0.0,0.0,178.92811458427877,104178.37834429741,579.0
11134.0,6769152.76,6800141.38,6805196.38,0.0,0.0,6.130290801186966,36043.62000000011,5055.0
11191.0,6783089.72,6783089.72,6806990.72,0.0,0.0,0.0,23901.0,23901.0
10945.0,6698653.16,6802193.278344296,6807103.278344296,0.0,0.0,21.087600477453314,108450.11834429577,4910.0
11194.0,6783401.09,6784879.833139915,6808828.833139915,0.0,0.0,0.06174550669819902,25427.74313991517,23949.0
10970.0,6701516.6,6807103.278344296,6809068.278344296,0.0,0.0,53.73367854671567,107551.67834429629,1965.0
10999.0,6703871.76,6809068.278344296,6809200.278344296,0.0,0.0,796.9433207901222,105328.51834429614,132.0
11000.0,6704129.78,6809200.278344296,6809337.278344296,0.0,0.0,766.9379441189465,105207.49834429566,137.0
11222.0,6809389.33,6809389.33,6809588.33,0.0,0.0,0.0,199.0,199.0
11195.0,6786808.7,6789057.12,6809704.12,0.0,0.0,0.10889814500895653,22895.419999999925,20647.0
11223.0,6809506.7,6809588.33,6809776.33,0.0,0.0,0.43420212765898003,269.62999999988824,188.0
11188.0,6780883.94,6780883.94,6810309.94,0.0,0.0,0.0,29426.0,29426.0
11196.0,6786957.1099999985,6789760.84,6810395.84,0.0,0.0,0.13587254664411816,23438.73000000138,20635.0
11201.0,6790678.03,6793328.29,6813607.29,0.0,0.0,0.13068987622662737,22929.259999999776,20279.0
11200.0,6790514.1,6793318.54,6813669.54,0.0,0.0,0.13780354773723208,23155.44000000041,20351.0
11199.0,6788031.87,6790486.833139915,6816893.833139915,0.0,0.0,0.09296637785113446,28861.963139914908,26407.0
11014.0,6705241.3999999985,6809337.278344296,6817198.278344296,0.0,0.0,13.242065684301922,111956.87834429741,7861.0
11017.0,6706272.51,6817198.278344296,6817269.278344296,0.0,0.0,1562.3347654126217,110996.76834429614,71.0
11019.0,6706362.72,6817269.278344296,6817399.278344296,0.0,0.0,853.1273718792014,111036.55834429618,130.0
11203.0,6791537.45,6795048.1,6821861.1,0.0,0.0,0.13093089173160188,30323.64999999944,26813.0
11204.0,6792197.05,6795301.833139915,6822270.833139915,0.0,0.0,0.11512414772202179,30073.783139915206,26969.0
11205.0,6795424.24,6796399.833139915,6822395.833139915,0.0,0.0,0.03752858670236943,26971.593139914796,25996.0
11230.0,6819733.41,6822270.833139915,6822428.833139915,0.0,0.0,16.059640126043483,2695.4231399148703,158.0
11202.0,6791452.09,6793450.27,6822648.27,0.0,0.0,0.06843550928144743,31196.179999999702,29198.0
11173.0,6780601.67,6795978.266328921,6822783.266328921,0.0,0.0,0.5736465707487665,42181.596328920685,26805.0
11174.0,6780623.01,6796290.74,6823170.74,0.0,0.0,0.5828768601190643,42547.73000000045,26880.0
10629.0,6607021.14,6801059.680419992,6823440.680419992,0.0,0.0,8.66978867878969,216419.54041999206,22381.0
11177.0,6780665.69,6797740.833139915,6824631.833139915,0.0,0.0,0.634976131044387,43966.14313991461,26891.0
11179.0,6780706.43,6797813.66,6824635.66,0.0,0.0,0.6378059055998974,43929.23000000045,26822.0
11178.0,6780689.94,6797783.96,6824639.96,0.0,0.0,0.6365065534703438,43950.01999999955,26856.0
11180.0,6780723.89,6797930.833139915,6824763.833139915,0.0,0.0,0.641260505344738,44039.943139915355,26833.0
11181.0,6780736.5,6797983.27,6824816.27,0.0,0.0,0.6427447545932081,44079.76999999955,26833.0
11182.0,6780746.2,6798201.278344296,6825045.278344296,0.0,0.0,0.6502413330463319,44299.07834429573,26844.0
11183.0,6780756.87,6798863.680419992,6825707.680419992,0.0,0.0,0.6745198338545527,44950.81041999161,26844.0
11185.0,6780769.48,6799140.833139915,6825984.833139915,0.0,0.0,0.6843746513155481,45215.35313991457,26844.0
11186.0,6780780.1499999985,6799220.21,6826064.21,0.0,0.0,0.686934137982471,45284.06000000145,26844.0
11187.0,6780789.85,6800006.833139915,6826850.833139915,0.0,0.0,0.7158762904155637,46060.98313991539,26844.0
11217.0,6806767.42,6806767.42,6827488.42,0.0,0.0,0.0,20721.0,20721.0
11221.0,6806932.319999998,6806990.72,6827645.72,0.0,0.0,0.0028274025660277825,20713.400000001304,20655.0
11020.0,6706677.0,6817399.278344296,6828665.278344296,0.0,0.0,9.828002693440078,121988.27834429592,11266.0
11096.0,6763182.41,6828665.278344296,6828783.278344296,0.0,0.0,554.9395622397947,65600.86834429577,118.0
11107.0,6764898.34,6828783.278344296,6828968.278344296,0.0,0.0,345.323991050249,64069.93834429607,185.0
11109.0,6765089.43,6828968.278344296,6829033.278344296,0.0,0.0,982.7515129891726,63943.84834429622,65.0
11110.0,6765121.44,6829033.278344296,6829389.278344296,0.0,0.0,179.52763579858288,64267.83834429551,356.0
11206.0,6806232.95,6806232.95,6829908.95,0.0,0.0,0.0,23676.0,23676.0
11207.0,6806551.1099999985,6806551.1099999985,6830196.1099999985,0.0,0.0,0.0,23645.0,23645.0
11225.0,6810177.94,6810177.94,6830396.94,0.0,0.0,0.0,20219.0,20219.0
11226.0,6810307.92,6810309.94,6830590.94,0.0,0.0,9.960061143357269e-05,20283.020000000484,20281.0
11112.0,6765393.04,6829389.278344296,6836971.278344296,0.0,0.0,8.440548449524648,71578.23834429588,7582.0
11239.0,6837947.1,6837947.1,6838098.1,0.0,0.0,0.0,151.0,151.0
11224.0,6809615.34,6809704.12,6838947.12,0.0,0.0,0.0030359402250200312,29331.78000000026,29243.0
11227.0,6813566.1499999985,6813566.1499999985,6840137.1499999985,0.0,0.0,0.0,26571.0,26571.0
11228.0,6817512.1099999985,6817512.1099999985,6843977.1099999985,0.0,0.0,0.0,26465.0,26465.0
11114.0,6765654.94,6836971.278344296,6844347.278344296,0.0,0.0,9.668700968586702,78692.33834429551,7376.0
11129.0,6766232.09,6844347.278344296,6844536.278344296,0.0,0.0,413.30787483754534,78304.18834429607,189.0
10522.0,6539800.14,6672204.278344296,6845004.278344296,0.0,0.0,0.7662276524554181,305204.13834429625,172800.0
11233.0,6826793.069999998,6826793.069999998,6847453.069999998,0.0,0.0,0.0,20660.0,20660.0
11244.0,6846292.01,6847453.069999998,6847641.069999998,0.0,0.0,6.175851063822654,1349.059999998659,188.0
11234.0,6826930.81,6826930.81,6847697.81,0.0,0.0,0.0,20767.0,20767.0
11229.0,6818319.1499999985,6821861.1,6848282.1,0.0,0.0,0.13405813557401755,29962.950000001118,26421.0
11232.0,6820595.74,6822428.833139915,6848995.833139915,0.0,0.0,0.06899887604602686,28400.093139914796,26567.0
11248.0,6847959.44,6848995.833139915,6849177.833139915,0.0,0.0,5.694467801728623,1218.3931399146095,182.0
11237.0,6829758.3599999985,6829758.3599999985,6850244.3599999985,0.0,0.0,0.0,20486.0,20486.0
11238.0,6829935.87,6829935.87,6850401.87,0.0,0.0,0.0,20466.0,20466.0
11231.0,6819841.08,6822395.833139915,6851421.833139915,0.0,0.0,0.0880160249402241,31580.753139914945,29026.0
11235.0,6829157.93,6829157.93,6852292.93,0.0,0.0,0.0,23135.0,23135.0
11236.0,6829448.93,6829448.93,6852562.93,0.0,0.0,0.0,23114.0,23114.0
10633.0,6608140.52,6823440.680419992,6853151.680419992,0.0,0.0,7.246479769108821,245011.16041999217,29711.0
11143.0,6774081.33,6853151.680419992,6854905.680419992,0.0,0.0,45.08001734321075,80824.35041999165,1754.0
11146.0,6774541.1099999985,6845004.278344296,6856538.278344296,0.0,0.0,6.109170135624887,81997.16834429745,11534.0
11147.0,6774748.69,6854905.680419992,6858765.680419992,0.0,0.0,20.766059694298267,84016.99041999131,3860.0
11131.0,6766603.6,6844536.278344296,6861935.278344296,0.0,0.0,4.4791469822573875,95331.67834429629,17399.0
11115.0,6765683.069999998,6781654.1099999985,6864652.1099999985,0.0,0.0,0.1924268054651924,98969.04000000004,82998.0
11241.0,6839308.01,6839308.01,6866041.01,0.0,0.0,0.0,26733.0,26733.0
11257.0,6867076.2,6867076.2,6867268.2,0.0,0.0,0.0,192.0,192.0
11240.0,6838053.8,6838053.8,6868019.8,0.0,0.0,0.0,29966.0,29966.0
11246.0,6846787.68,6847697.81,6868602.81,0.0,0.0,0.04353647452761963,21815.12999999989,20905.0
11247.0,6846998.17,6848282.1,6869171.1,0.0,0.0,0.06146440710420326,22172.929999999702,20889.0
11136.0,6770354.59,6782827.833139915,6869459.833139915,0.0,0.0,0.14397962808102283,99105.24313991517,86632.0
11242.0,6843112.35,6843112.35,6870161.35,0.0,0.0,0.0,27049.0,27049.0
11250.0,6849585.16,6850244.3599999985,6870405.3599999985,0.0,0.0,0.03269679083370486,20820.199999998324,20161.0
11251.0,6849752.0,6850401.87,6870637.87,0.0,0.0,0.03211454832971495,20885.87000000011,20236.0
11243.0,6843908.72,6843908.72,6870686.72,0.0,0.0,0.0,26778.0,26778.0
11245.0,6846403.56,6847641.069999998,6873689.069999998,0.0,0.0,0.04750882985253552,27285.509999998845,26048.0
11210.0,6806686.91,6823170.74,6874588.74,0.0,0.0,0.32058481465634747,67901.83000000007,51418.0
11216.0,6806756.75,6825045.278344296,6874735.278344296,0.0,0.0,0.3680524923384166,67978.52834429592,49690.0
11252.0,6851557.17,6851557.17,6875384.17,0.0,0.0,0.0,23827.0,23827.0
11073.0,6758337.26,6767525.37,6875929.37,0.0,0.0,0.08475803475886808,117592.11000000034,108404.0
11253.0,6851827.8,6852292.93,6876138.93,0.0,0.0,0.019505577455333736,24311.12999999989,23846.0
11069.0,6758082.1499999985,6764093.88606793,6877199.88606793,0.0,0.0,0.05315134535684374,119117.73606793117,113106.0
11249.0,6848064.2,6849177.833139915,6878469.833139915,0.0,0.0,0.0380183374271075,30405.633139914833,29292.0
11213.0,6806721.83,6824639.96,6879336.96,0.0,0.0,0.3275888988427133,72615.12999999989,54697.0
10191.0,6377020.56,6879336.96,6879444.96,0.0,0.0,4651.077777777781,502424.4000000004,108.0
10196.0,6377326.1099999985,6879444.96,6880035.96,0.0,0.0,849.6088832487335,502709.8500000015,591.0
11256.0,6866989.87,6866989.87,6887555.87,0.0,0.0,0.0,20566.0,20566.0
11259.0,6867225.58,6867225.58,6887789.58,0.0,0.0,0.0,20564.0,20564.0
11260.0,6869103.5,6869103.5,6889701.5,0.0,0.0,0.0,20598.0,20598.0
11262.0,6869309.14,6869309.14,6889857.14,0.0,0.0,0.0,20548.0,20548.0
11299.0,6890459.02,6890459.02,6890603.02,0.0,0.0,0.0,144.0,144.0
11219.0,6806781.0,6825984.833139915,6891233.833139915,0.0,0.0,0.29431612959455344,84452.83313991502,65249.0
11255.0,6865168.21,6865168.21,6891288.21,0.0,0.0,0.0,26120.0,26120.0
11074.0,6758362.48,6769733.94,6891923.94,0.0,0.0,0.09306375317129031,133561.45999999996,122190.0
11268.0,6885754.52,6891233.833139915,6893409.833139915,0.0,0.0,2.5180667003287986,7655.313139915466,2176.0
11269.0,6885769.069999998,6891923.94,6894043.94,0.0,0.0,2.9032405660386673,8274.870000001974,2120.0
11270.0,6886272.5,6893409.833139915,6894974.833139915,0.0,0.0,4.560596255536754,8702.33313991502,1565.0
11215.0,6806745.1099999985,6824816.27,6895220.27,0.0,0.0,0.25667802965742115,88475.16000000108,70404.0
11271.0,6886286.08,6894043.94,6895560.94,0.0,0.0,5.113948582729291,9274.860000000335,1517.0
11261.0,6869292.6499999985,6869292.6499999985,6895968.6499999985,0.0,0.0,0.0,26676.0,26676.0
11263.0,6869838.76,6869838.76,6896414.76,0.0,0.0,0.0,26576.0,26576.0
11272.0,6886343.31,6894974.833139915,6896531.833139915,0.0,0.0,5.543688593394624,10188.523139915429,1557.0
11273.0,6886366.59,6895220.27,6896710.27,0.0,0.0,5.94206711409376,10343.679999999702,1490.0
11258.0,6867186.78,6867186.78,6896937.78,0.0,0.0,0.0,29751.0,29751.0
11274.0,6886398.6,6895560.94,6896983.94,0.0,0.0,6.438749121574689,10585.340000000782,1423.0
11276.0,6886783.69,6896983.94,6897076.94,0.0,0.0,109.68010752688173,10293.25,93.0
11208.0,6806568.569999998,6813669.54,6897339.54,0.0,0.0,0.08486877016853833,90770.9700000016,83670.0
11278.0,6886861.29,6897076.94,6897366.94,0.0,0.0,35.22637931034611,10505.650000000373,290.0
11275.0,6886709.97,6896531.833139915,6897732.833139915,0.0,0.0,8.17807089085369,11022.86313991528,1201.0
11277.0,6886829.28,6896710.27,6897838.27,0.0,0.0,8.75974290780079,11008.989999999292,1128.0
11264.0,6871598.34,6871598.34,6898246.34,0.0,0.0,0.0,26648.0,26648.0
11265.0,6874597.58,6874597.58,6898443.58,0.0,0.0,0.0,23846.0,23846.0
11266.0,6874917.68,6874917.68,6898692.68,0.0,0.0,0.0,23775.0,23775.0
11212.0,6806709.22,6824635.66,6899155.66,0.0,0.0,0.2405587761674773,92446.44000000041,74520.0
11220.0,6806797.49,6826064.21,6901654.21,0.0,0.0,0.25488450853287126,94856.71999999974,75590.0
11070.0,6758160.72,6764754.35,6905302.35,0.0,0.0,0.04691372342544816,147141.6299999999,140548.0
11267.0,6876437.67,6876437.67,6906131.67,0.0,0.0,0.0,29694.0,29694.0
11209.0,6806659.75,6822783.266328921,6906376.266328921,0.0,0.0,0.19288117819578923,99716.51632892061,83593.0
11279.0,6886906.88,6886906.88,6907865.88,0.0,0.0,0.0,20959.0,20959.0
11211.0,6806699.52,6824631.833139915,6908199.833139915,0.0,0.0,0.21458349056954176,101500.31313991547,83568.0
11214.0,6806735.41,6824763.833139915,6908331.833139915,0.0,0.0,0.2157335719403943,101596.42313991487,83568.0
11280.0,6887102.819999998,6887555.87,6908507.87,0.0,0.0,0.02162323405888108,21405.050000001676,20952.0
11218.0,6806768.39,6825707.680419992,6909286.680419992,0.0,0.0,0.22660345804558632,102518.29041999206,83579.0
11297.0,6889040.88,6889040.88,6909352.88,0.0,0.0,0.0,20312.0,20312.0
11298.0,6889199.96,6889701.5,6910045.5,0.0,0.0,0.024652968934331363,20845.540000000037,20344.0
11314.0,6910026.83,6910045.5,6910787.5,0.0,0.0,0.02516172506728503,760.6699999999255,742.0
11316.0,6910033.62,6910787.5,6910873.5,0.0,0.0,8.766046511626607,839.8799999998882,86.0
11315.0,6910029.74,6910045.5,6911195.5,0.0,0.0,0.013704347825892594,1165.7599999997765,1150.0
11312.0,6910018.1,6910018.1,6911201.1,0.0,0.0,0.0,1183.0,1183.0
11313.0,6910022.95,6910045.5,6911206.5,0.0,0.0,0.019422911283215966,1183.5499999998137,1161.0
11318.0,6910041.38,6911195.5,6911301.5,0.0,0.0,10.88792452830294,1260.1200000001118,106.0
11320.0,6910291.64,6911206.5,6911408.5,0.0,0.0,4.529009900991759,1116.8600000003353,202.0
11321.0,6910487.58,6911301.5,6911529.5,0.0,0.0,3.569824561403182,1041.9199999999255,228.0
11322.0,6910719.41,6911408.5,6911835.5,0.0,0.0,1.6137939110066768,1116.089999999851,427.0
11323.0,6910807.68,6911529.5,6911864.5,0.0,0.0,2.1546865671650686,1056.820000000298,335.0
11317.0,6910037.5,6910873.5,6912012.5,0.0,0.0,0.7339771729587358,1975.0,1139.0
11324.0,6910909.53,6911835.5,6912054.5,0.0,0.0,4.2281735159805445,1144.9699999997392,219.0
11319.0,6910079.21,6911201.1,6912298.1,0.0,0.0,1.0226891522330581,2218.8899999996647,1097.0
11300.0,6890561.84,6890603.02,6917105.02,0.0,0.0,0.0015538449928194844,26543.179999999702,26502.0
11331.0,6911692.319999998,6917105.02,6919185.02,0.0,0.0,2.6022596153851527,7492.700000001118,2080.0
11332.0,6911695.23,6919185.02,6919610.02,0.0,0.0,17.623035294115542,7914.789999999106,425.0
11301.0,6895121.81,6895121.81,6921642.81,0.0,0.0,0.0,26521.0,26521.0
11305.0,6897687.46,6898246.34,6921940.34,0.0,0.0,0.023587406094365167,24252.87999999989,23694.0
11306.0,6897940.63,6898443.58,6922147.58,0.0,0.0,0.0212179379007841,24206.950000000186,23704.0
11302.0,6895578.68,6895968.6499999985,6922531.6499999985,0.0,0.0,0.01468094718212581,26952.969999998808,26563.0
11304.0,6897375.12,6897375.12,6923961.12,0.0,0.0,0.0,26586.0,26586.0
11330.0,6911688.44,6917105.02,6925787.02,0.0,0.0,0.623886201335999,14098.579999999143,8682.0
11303.0,6896009.3599999985,6896414.76,6926340.76,0.0,0.0,0.013546748646705334,30331.400000001304,29926.0
11339.0,6923131.53,6926340.76,6926497.76,0.0,0.0,20.440955414009654,3366.2299999995157,157.0
11308.0,6907197.34,6907197.34,6927930.34,0.0,0.0,0.0,20733.0,20733.0
11341.0,6924992.96,6927930.34,6928081.34,0.0,0.0,19.452847682118467,3088.3799999998882,151.0
11342.0,6925102.569999998,6928081.34,6928232.34,0.0,0.0,19.726953642393482,3129.7700000014156,151.0
11343.0,6925207.33,6928232.34,6928383.34,0.0,0.0,20.03317880794554,3176.0099999997765,151.0
11344.0,6925312.09,6928383.34,6928526.34,0.0,0.0,21.477272727272727,3214.25,143.0
11309.0,6907384.55,6907865.88,6928551.88,0.0,0.0,0.023268394082958256,21167.330000000075,20686.0
11310.0,6908705.69,6908705.69,6928937.69,0.0,0.0,0.0,20232.0,20232.0
11311.0,6908862.83,6909352.88,6929599.88,0.0,0.0,0.02420358571639323,20737.049999999814,20247.0
11307.0,6905209.81,6905209.81,6935344.81,0.0,0.0,0.0,30135.0,30135.0
11071.0,6758271.3,6765205.8,6938005.8,0.0,0.0,0.040130208333333334,179734.5,172800.0
11254.0,6854342.04,6854905.680419992,6941045.680419992,0.0,0.0,0.006543306477730287,86703.64041999169,86140.0
11294.0,6887842.93,6941045.680419992,6941297.680419992,0.0,0.0,211.12202547615883,53454.75041999202,252.0
11335.0,6920628.93,6921940.34,6945738.34,0.0,0.0,0.05510589125137192,25109.41000000015,23798.0
11337.0,6920854.94,6922531.6499999985,6946234.6499999985,0.0,0.0,0.07073830316829516,25379.7099999981,23703.0
11352.0,6941460.6499999985,6946234.6499999985,6946433.6499999985,0.0,0.0,23.98994974874372,4973.0,199.0
11353.0,6941579.96,6946433.6499999985,6946621.6499999985,0.0,0.0,25.817499999992272,5041.689999998547,188.0
11333.0,6912875.72,6912875.72,6946778.72,0.0,0.0,0.0,33903.0,33903.0
11325.0,6911665.16,6911864.5,6947016.5,0.0,0.0,0.005670801092394487,35351.33999999985,35152.0
11326.0,6911668.069999998,6912012.5,6947153.5,0.0,0.0,0.009801371617243808,35485.430000001565,35141.0
11327.0,6911670.98,6912054.5,6947195.5,0.0,0.0,0.010913747474447311,35524.51999999955,35141.0
11328.0,6911673.89,6912298.1,6947450.1,0.0,0.0,0.017757453345470037,35776.20999999996,35152.0
11334.0,6916223.19,6921642.81,6947701.81,0.0,0.0,0.20797497985337812,31478.61999999918,26059.0
11336.0,6920773.46,6922147.58,6948488.58,0.0,0.0,0.052166584412137416,27715.12000000011,26341.0
11346.0,6927266.64,6928551.88,6949251.88,0.0,0.0,0.062088888888899685,21985.240000000224,20700.0
11347.0,6927407.29,6928937.69,6949563.69,0.0,0.0,0.0741976146611254,22156.400000000373,20626.0
11348.0,6928287.08,6929599.88,6950018.88,0.0,0.0,0.06429306038492648,21731.799999999814,20419.0
11338.0,6921266.22,6923961.12,6950604.12,0.0,0.0,0.1011485193109024,29337.900000000373,26643.0
11329.0,6911682.62,6917105.02,6952246.02,0.0,0.0,0.15430408924047243,40563.39999999944,35141.0
11340.0,6923239.2,6926497.76,6952858.76,0.0,0.0,0.12361291301542393,29619.55999999959,26361.0
11028.0,6711394.1099999985,6780249.1499999985,6953049.1499999985,0.0,0.0,0.39846666666666686,241655.04000000004,172800.0
11349.0,6928459.74,6935344.81,6955701.81,0.0,0.0,0.33821633836023807,27242.069999999367,20357.0
11362.0,6946120.53,6952858.76,6957793.76,0.0,0.0,1.3653961499492433,11673.229999999516,4935.0
11345.0,6925410.06,6928526.34,6958628.34,0.0,0.0,0.10352401833766064,33218.28000000026,30102.0
11355.0,6943633.45,6948488.58,6972181.58,0.0,0.0,0.20491833030852522,28548.12999999989,23693.0
11356.0,6943814.84,6949251.88,6972933.88,0.0,0.0,0.22958533907609313,29119.040000000037,23682.0
11354.0,6941691.51,6946621.6499999985,6973081.6499999985,0.0,0.0,0.1863242630385009,31390.139999998733,26460.0
11369.0,6948771.54,6972933.88,6973113.88,0.0,0.0,134.23522222222138,24342.33999999985,180.0
11350.0,6934399.05,6945738.34,6975352.34,0.0,0.0,0.38290301884244066,40953.29000000004,29614.0
11365.0,6947266.1,6955701.81,6976475.81,0.0,0.0,0.40607056898045457,29209.709999999963,20774.0
11366.0,6947372.8,6957793.76,6978627.76,0.0,0.0,0.5001900739176328,31254.959999999963,20834.0
11367.0,6948054.71,6958628.34,6979020.34,0.0,0.0,0.5185185366810459,30965.62999999989,20392.0
11376.0,6967323.76,6979020.34,6979211.34,0.0,0.0,61.23863874345589,11887.580000000075,191.0
11363.0,6946251.48,6953049.1499999985,6979572.1499999985,0.0,0.0,0.2562934057232614,33320.66999999806,26523.0
11364.0,6947077.92,6953049.1499999985,6979643.1499999985,0.0,0.0,0.2245329773632618,32565.229999998584,26594.0
11378.0,6967428.52,6979572.1499999985,6979723.1499999985,0.0,0.0,80.42139072846992,12294.629999998957,151.0
11380.0,6967542.98,6979723.1499999985,6979898.1499999985,0.0,0.0,69.60097142856036,12355.169999998063,175.0
11381.0,6967640.95,6979898.1499999985,6980098.1499999985,0.0,0.0,61.28599999999162,12457.199999998324,200.0
11382.0,6967745.71,6980098.1499999985,6980246.1499999985,0.0,0.0,83.46243243242262,12500.439999998547,148.0
11394.0,6985567.52,6985567.52,6985735.52,0.0,0.0,0.0,168.0,168.0
11405.0,6985575.28,6985575.28,6985736.28,0.0,0.0,0.0,161.0,161.0
11411.0,6985576.25,6985576.25,6985739.25,0.0,0.0,0.0,163.0,163.0
11412.0,6985577.22,6985577.22,6985740.22,0.0,0.0,0.0,163.0,163.0
11404.0,6985575.28,6985575.28,6985746.28,0.0,0.0,0.0,171.0,171.0
11407.0,6985575.28,6985575.28,6985747.28,0.0,0.0,0.0,172.0,172.0
11408.0,6985576.25,6985576.25,6985748.25,0.0,0.0,0.0,172.0,172.0
11409.0,6985576.25,6985576.25,6985748.25,0.0,0.0,0.0,172.0,172.0
11395.0,6985572.37,6985572.37,6985751.37,0.0,0.0,0.0,179.0,179.0
11406.0,6985575.28,6985575.28,6985752.28,0.0,0.0,0.0,177.0,177.0
11396.0,6985573.34,6985573.34,6985752.34,0.0,0.0,0.0,179.0,179.0
11414.0,6985577.22,6985577.22,6985755.22,0.0,0.0,0.0,178.0,178.0
11397.0,6985573.34,6985573.34,6985773.34,0.0,0.0,0.0,200.0,200.0
11398.0,6985573.34,6985573.34,6985773.34,0.0,0.0,0.0,200.0,200.0
11399.0,6985573.34,6985573.34,6985773.34,0.0,0.0,0.0,200.0,200.0
11410.0,6985576.25,6985576.25,6985774.25,0.0,0.0,0.0,198.0,198.0
11400.0,6985574.31,6985574.31,6985774.31,0.0,0.0,0.0,200.0,200.0
11413.0,6985577.22,6985577.22,6985781.22,0.0,0.0,0.0,204.0,204.0
11401.0,6985574.31,6985574.31,6985825.31,0.0,0.0,0.0,251.0,251.0
11402.0,6985574.31,6985574.31,6985825.31,0.0,0.0,0.0,251.0,251.0
11403.0,6985574.31,6985574.31,6985825.31,0.0,0.0,0.0,251.0,251.0
11433.0,6985845.91,6985845.91,6985990.91,0.0,0.0,0.0,145.0,145.0
11434.0,6985845.91,6985845.91,6985993.91,0.0,0.0,0.0,148.0,148.0
11444.0,6985846.88,6985846.88,6985994.88,0.0,0.0,0.0,148.0,148.0
11415.0,6985841.06,6985841.06,6986002.06,0.0,0.0,0.0,161.0,161.0
11421.0,6985843.0,6985843.0,6986004.0,0.0,0.0,0.0,161.0,161.0
11416.0,6985841.06,6985841.06,6986007.06,0.0,0.0,0.0,166.0,166.0
11417.0,6985842.03,6985842.03,6986008.03,0.0,0.0,0.0,166.0,166.0
11418.0,6985842.03,6985842.03,6986008.03,0.0,0.0,0.0,166.0,166.0
11436.0,6985845.91,6985845.91,6986010.91,0.0,0.0,0.0,165.0,165.0
11450.0,6985847.85,6985847.85,6986011.85,0.0,0.0,0.0,164.0,164.0
11445.0,6985846.88,6985846.88,6986015.88,0.0,0.0,0.0,169.0,169.0
11437.0,6985845.91,6985845.91,6986015.91,0.0,0.0,0.0,170.0,170.0
11438.0,6985845.91,6985845.91,6986015.91,0.0,0.0,0.0,170.0,170.0
11424.0,6985843.0,6985843.0,6986016.0,0.0,0.0,0.0,173.0,173.0
11439.0,6985846.88,6985846.88,6986016.88,0.0,0.0,0.0,170.0,170.0
11440.0,6985846.88,6985846.88,6986016.88,0.0,0.0,0.0,170.0,170.0
11441.0,6985846.88,6985846.88,6986016.88,0.0,0.0,0.0,170.0,170.0
11425.0,6985843.97,6985843.97,6986016.97,0.0,0.0,0.0,173.0,173.0
11426.0,6985843.97,6985843.97,6986016.97,0.0,0.0,0.0,173.0,173.0
11427.0,6985843.97,6985843.97,6986016.97,0.0,0.0,0.0,173.0,173.0
11428.0,6985844.94,6985844.94,6986017.94,0.0,0.0,0.0,173.0,173.0
11429.0,6985844.94,6985844.94,6986017.94,0.0,0.0,0.0,173.0,173.0
11430.0,6985844.94,6985844.94,6986017.94,0.0,0.0,0.0,173.0,173.0
11431.0,6985844.94,6985844.94,6986017.94,0.0,0.0,0.0,173.0,173.0
11420.0,6985842.03,6985842.03,6986019.03,0.0,0.0,0.0,177.0,177.0
11423.0,6985843.0,6985843.0,6986024.0,0.0,0.0,0.0,181.0,181.0
11447.0,6985847.85,6985847.85,6986027.85,0.0,0.0,0.0,180.0,180.0
11448.0,6985847.85,6985847.85,6986027.85,0.0,0.0,0.0,180.0,180.0
11449.0,6985847.85,6985847.85,6986027.85,0.0,0.0,0.0,180.0,180.0
11432.0,6985845.91,6985845.91,6986027.91,0.0,0.0,0.0,182.0,182.0
11422.0,6985843.0,6985843.0,6986028.0,0.0,0.0,0.0,185.0,185.0
11419.0,6985842.03,6985842.03,6986029.03,0.0,0.0,0.0,187.0,187.0
11435.0,6985845.91,6985845.91,6986031.91,0.0,0.0,0.0,186.0,186.0
11446.0,6985847.85,6985847.85,6986032.85,0.0,0.0,0.0,185.0,185.0
11442.0,6985846.88,6985846.88,6986035.88,0.0,0.0,0.0,189.0,189.0
11443.0,6985846.88,6985846.88,6986035.88,0.0,0.0,0.0,189.0,189.0
11452.0,6985848.819999998,6985993.91,6986136.91,0.0,0.0,1.014615384627368,288.09000000171363,143.0
11453.0,6985848.819999998,6985994.88,6986137.88,0.0,0.0,1.0213986014087613,289.06000000145286,143.0
11455.0,6985848.819999998,6986004.0,6986184.0,0.0,0.0,0.8621111111198034,335.1800000015646,180.0
11461.0,6985849.79,6986015.88,6986185.88,0.0,0.0,0.9769999999991235,336.089999999851,170.0
11451.0,6985847.85,6985990.91,6986185.91,0.0,0.0,0.7336410256437003,338.06000000052154,195.0
11456.0,6985848.819999998,6986007.06,6986187.06,0.0,0.0,0.8791111111175269,338.24000000115484,180.0
11472.0,6985851.73,6986017.94,6986187.94,0.0,0.0,0.977705882352722,336.20999999996275,170.0
11473.0,6985851.73,6986017.94,6986187.94,0.0,0.0,0.977705882352722,336.20999999996275,170.0
11457.0,6985848.819999998,6986008.03,6986188.03,0.0,0.0,0.8845000000101411,339.2100000018254,180.0
11458.0,6985849.79,6986008.03,6986188.03,0.0,0.0,0.8791111111123528,338.2400000002235,180.0
11459.0,6985849.79,6986010.91,6986190.91,0.0,0.0,0.895111111111732,341.12000000011176,180.0
11460.0,6985849.79,6986011.85,6986191.85,0.0,0.0,0.9003333333310568,342.0599999995902,180.0
11464.0,6985849.79,6986016.0,6986196.0,0.0,0.0,0.923388888888682,346.20999999996275,180.0
11465.0,6985850.76,6986016.88,6986196.88,0.0,0.0,0.9228888888895098,346.12000000011176,180.0
11466.0,6985850.76,6986016.88,6986196.88,0.0,0.0,0.9228888888895098,346.12000000011176,180.0
11467.0,6985850.76,6986016.88,6986196.88,0.0,0.0,0.9228888888895098,346.12000000011176,180.0
11468.0,6985850.76,6986016.97,6986196.97,0.0,0.0,0.923388888888682,346.20999999996275,180.0
11469.0,6985850.76,6986016.97,6986196.97,0.0,0.0,0.923388888888682,346.20999999996275,180.0
11470.0,6985850.76,6986016.97,6986196.97,0.0,0.0,0.923388888888682,346.20999999996275,180.0
11471.0,6985850.76,6986017.94,6986197.94,0.0,0.0,0.9287777777812961,347.1800000006333,180.0
11474.0,6985852.7,6986017.94,6986197.94,0.0,0.0,0.9180000000012417,345.2400000002235,180.0
11475.0,6985852.7,6986019.03,6986199.03,0.0,0.0,0.9240555555559695,346.3300000000745,180.0
11454.0,6985848.819999998,6986002.06,6986203.06,0.0,0.0,0.762388059707238,354.24000000115484,201.0
11476.0,6985852.7,6986024.0,6986204.0,0.0,0.0,0.9516666666656318,351.29999999981374,180.0
11477.0,6985852.7,6986027.85,6986207.85,0.0,0.0,0.9730555555524512,355.1499999994412,180.0
11478.0,6985853.67,6986027.85,6986207.85,0.0,0.0,0.967666666665011,354.179999999702,180.0
11479.0,6985853.67,6986027.85,6986207.85,0.0,0.0,0.967666666665011,354.179999999702,180.0
11480.0,6985853.67,6986027.91,6986207.91,0.0,0.0,0.9680000000012418,354.2400000002235,180.0
11481.0,6985853.67,6986028.0,6986208.0,0.0,0.0,0.9685000000004139,354.3300000000745,180.0
11484.0,6985854.64,6986032.85,6986211.85,0.0,0.0,0.9955865921785628,357.20999999996275,179.0
11462.0,6985849.79,6986015.91,6986211.91,0.0,0.0,0.8475510204087334,362.12000000011176,196.0
11463.0,6985849.79,6986015.91,6986211.91,0.0,0.0,0.8475510204087334,362.12000000011176,196.0
11485.0,6985854.64,6986035.88,6986214.88,0.0,0.0,1.0125139664816956,360.2400000002235,179.0
11486.0,6985855.6099999985,6986035.88,6986214.88,0.0,0.0,1.0070949720749476,359.2700000014156,179.0
11482.0,6985854.64,6986029.03,6986218.03,0.0,0.0,0.9226984127015664,363.39000000059605,189.0
11483.0,6985854.64,6986031.91,6986220.91,0.0,0.0,0.9379365079390704,366.2700000004843,189.0
11487.0,6985855.6099999985,6986136.91,6986315.91,0.0,0.0,1.5715083798976335,460.3000000016764,179.0
11488.0,6985855.6099999985,6986137.88,6986316.88,0.0,0.0,1.5769273743095844,461.2700000014156,179.0
11504.0,6985858.52,6986196.97,6986356.97,0.0,0.0,2.1153125000011643,498.45000000018626,160.0
11492.0,6985856.58,6986187.06,6986357.06,0.0,0.0,1.9439999999971513,500.4799999995157,170.0
11493.0,6985856.58,6986187.94,6986357.94,0.0,0.0,1.9491764705902075,501.3600000003353,170.0
11505.0,6985858.52,6986196.97,6986358.97,0.0,0.0,2.089197530865347,500.45000000018626,162.0
11489.0,6985855.6099999985,6986184.0,6986363.0,0.0,0.0,1.834581005595125,507.39000000152737,179.0
11490.0,6985856.58,6986185.88,6986364.88,0.0,0.0,1.839664804468233,508.29999999981374,179.0
11491.0,6985856.58,6986185.91,6986364.91,0.0,0.0,1.8398324022350532,508.3300000000745,179.0
11506.0,6985858.52,6986197.94,6986365.94,0.0,0.0,2.020357142862243,507.4200000008568,168.0
11494.0,6985856.58,6986187.94,6986367.94,0.0,0.0,1.8408888888907515,511.3600000003353,180.0
11495.0,6985856.58,6986188.03,6986368.03,0.0,0.0,1.8413888888899237,511.45000000018626,180.0
11496.0,6985857.55,6986188.03,6986368.03,0.0,0.0,1.8360000000024834,510.48000000044703,180.0
11497.0,6985857.55,6986190.91,6986370.91,0.0,0.0,1.8520000000018626,513.3600000003353,180.0
11498.0,6985857.55,6986191.85,6986371.85,0.0,0.0,1.8572222222211874,514.2999999998137,180.0
11509.0,6985859.49,6986203.06,6986373.06,0.0,0.0,2.020999999996275,513.5699999993667,170.0
11514.0,6985859.49,6986207.91,6986374.91,0.0,0.0,2.0863473053887756,515.4199999999255,167.0
11499.0,6985857.55,6986196.0,6986376.0,0.0,0.0,1.8802777777788127,518.4500000001863,180.0
11500.0,6985857.55,6986196.88,6986376.88,0.0,0.0,1.8851666666670805,519.3300000000745,180.0
11501.0,6985857.55,6986196.88,6986376.88,0.0,0.0,1.8851666666670805,519.3300000000745,180.0
11507.0,6985858.52,6986197.94,6986377.94,0.0,0.0,1.8856666666714268,519.4200000008568,180.0
11511.0,6985859.49,6986207.85,6986378.85,0.0,0.0,2.037192982452655,519.359999999404,171.0
11508.0,6985858.52,6986199.03,6986379.03,0.0,0.0,1.8917222222261545,520.5100000007078,180.0
11510.0,6985859.49,6986204.0,6986385.0,0.0,0.0,1.9033701657446214,525.5099999997765,181.0
11512.0,6985859.49,6986207.85,6986385.85,0.0,0.0,1.9570786516820446,526.359999999404,178.0
11513.0,6985859.49,6986207.85,6986385.85,0.0,0.0,1.9570786516820446,526.359999999404,178.0
11502.0,6985858.52,6986196.88,6986386.88,0.0,0.0,1.7808421052649226,528.3600000003353,190.0
11503.0,6985858.52,6986196.97,6986386.97,0.0,0.0,1.7813157894746645,528.4500000001863,190.0
11368.0,6948164.319999998,6972181.58,6992574.58,0.0,0.0,1.177720786544483,44410.26000000164,20393.0
11370.0,6948874.3599999985,6973081.6499999985,6999705.6499999985,0.0,0.0,0.9092281400240398,50831.29000000004,26624.0
11377.0,6967370.319999998,6979211.34,7000143.34,0.0,0.0,0.5656898528569375,32773.020000001416,20932.0
11379.0,6967506.12,6979643.1499999985,7000535.1499999985,0.0,0.0,0.5809415087113918,33029.0299999984,20892.0
11374.0,6966584.62,6976475.81,7000552.81,0.0,0.0,0.4108148855754238,33968.18999999948,24077.0
11388.0,6974655.02,7000552.81,7000702.81,0.0,0.0,172.65193333333357,26047.790000000037,150.0
11383.0,6967793.24,6980246.1499999985,7000886.1499999985,0.0,0.0,0.6033386627906147,33092.90999999829,20640.0
11390.0,6982749.67,7000886.1499999985,7001074.1499999985,0.0,0.0,96.47063829786481,18324.479999998584,188.0
11391.0,6982862.19,7001074.1499999985,7001262.1499999985,0.0,0.0,96.87212765956436,18399.9599999981,188.0
11392.0,6982971.8,7001262.1499999985,7001450.1499999985,0.0,0.0,97.28909574467392,18478.349999998696,188.0
11371.0,6954567.29,6973113.88,7002248.88,0.0,0.0,0.6365742234425897,47681.58999999985,29135.0
11375.0,6966750.49,6978627.76,7002673.76,0.0,0.0,0.4939395325625698,35923.26999999955,24046.0
11373.0,6963053.819999998,6975352.34,7005057.34,0.0,0.0,0.41402188183812205,42003.520000001416,29705.0
11535.0,7010137.62,7010137.62,7010206.62,0.0,0.0,0.0,69.0,69.0
11539.0,7010739.02,7010739.02,7012531.02,0.0,0.0,0.0,1792.0,1792.0
10200.0,6377920.72,6880035.96,7014692.96,0.0,0.0,3.728846179552494,636772.2400000002,134657.0
11384.0,6967855.319999998,6992574.58,7018829.58,0.0,0.0,0.9415067606170877,50974.26000000164,26255.0
11357.0,6945986.67,6947153.5,7019726.5,0.0,0.0,0.01607801799567435,73739.83000000007,72573.0
11385.0,6967906.73,6999705.6499999985,7020270.6499999985,0.0,0.0,1.5462640408460036,52363.91999999806,20565.0
11358.0,6945988.6099999985,6949563.69,7022125.69,0.0,0.0,0.049269314517267127,76137.08000000194,72562.0
11359.0,6946024.5,6950018.88,7022560.88,0.0,0.0,0.05506299798737129,76536.37999999989,72542.0
11295.0,6887882.7,6941297.680419992,7022987.680419992,0.0,0.0,0.6538741635450059,135104.98041999154,81690.0
11360.0,6946056.51,6950604.12,7023115.12,0.0,0.0,0.06271613962020019,77058.61000000034,72511.0
11515.0,6987612.28,7002248.88,7023249.88,0.0,0.0,0.6969477643921541,35637.59999999963,21001.0
11516.0,6987685.03,7002673.76,7023697.76,0.0,0.0,0.7129342656011947,36012.729999999516,21024.0
11361.0,6946089.49,6952246.02,7024735.02,0.0,0.0,0.08493054118554993,78645.52999999933,72489.0
11517.0,6987737.41,7005057.34,7025648.34,0.0,0.0,0.8411407896653733,37910.9299999997,20591.0
11525.0,7000420.16,7025648.34,7025836.34,0.0,0.0,134.19244680850906,25416.179999999702,188.0
11283.0,6887714.89,6897732.833139915,7025992.833139915,0.0,0.0,0.07810652689782749,138277.94313991535,128260.0
11526.0,7000532.68,7025836.34,7026024.34,0.0,0.0,134.59393617021357,25491.66000000015,188.0
11527.0,7000643.26,7025992.833139915,7026180.833139915,0.0,0.0,134.83815499954918,25537.573139915243,188.0
11528.0,7000755.78,7025992.833139915,7026180.833139915,0.0,0.0,134.2396443612487,25425.05313991476,188.0
11386.0,6971947.75,7000143.34,7026742.34,0.0,0.0,1.0600244370089045,54794.58999999985,26599.0
11389.0,6974763.66,7000702.81,7027233.81,0.0,0.0,0.9776921337303321,52470.14999999944,26531.0
11387.0,6972829.48,7000535.1499999985,7027298.1499999985,0.0,0.0,1.0352228823374832,54468.66999999806,26763.0
11536.0,7010474.21,7027298.1499999985,7027479.1499999985,0.0,0.0,92.9499447513732,17004.939999998547,181.0
11537.0,7010584.79,7027479.1499999985,7027629.1499999985,0.0,0.0,112.62906666665648,17044.359999998473,150.0
11546.0,7017373.819999998,7024735.02,7027690.02,0.0,0.0,2.4910998307956405,10316.200000001118,2955.0
11547.0,7017430.08,7027690.02,7027805.02,0.0,0.0,89.21686956521286,10374.939999999478,115.0
11554.0,7021030.72,7027805.02,7028706.02,0.0,0.0,7.51864594894541,7675.299999999814,901.0
11555.0,7021052.06,7028706.02,7029584.02,0.0,0.0,8.717494305239137,8531.959999999963,878.0
11393.0,6983085.29,7001450.1499999985,7029726.1499999985,0.0,0.0,0.6494857829961265,46640.85999999847,28276.0
11556.0,7021077.28,7029584.02,7030437.02,0.0,0.0,9.972731535755324,9359.739999999292,853.0
11560.0,7024558.6099999985,7030437.02,7030502.02,0.0,0.0,90.43707692309354,5943.41000000108,65.0
11561.0,7024599.35,7030502.02,7030938.02,0.0,0.0,13.538233944953957,6338.6699999999255,436.0
11562.0,7024611.96,7030938.02,7031518.02,0.0,0.0,10.906999999999293,6906.05999999959,580.0
11563.0,7024627.48,7031518.02,7032974.02,0.0,0.0,4.732513736263122,8346.539999999106,1456.0
11564.0,7025377.29,7032974.02,7033797.02,0.0,0.0,9.230534629404028,8419.729999999516,823.0
11351.0,6937860.98,6947701.81,7034166.81,0.0,0.0,0.1138128722604423,96305.82999999914,86465.0
11282.0,6887703.25,6897366.94,7034167.94,0.0,0.0,0.07064049239406445,146464.6900000004,136801.0
11594.0,7032758.99,7034166.81,7034289.81,0.0,0.0,11.44569105690542,1530.8199999993667,123.0
11549.0,7018642.58,7034167.94,7034349.94,0.0,0.0,85.30417582417766,15707.360000000335,182.0
11595.0,7032820.1,7034289.81,7034360.81,0.0,0.0,20.7001408450699,1540.7099999999627,71.0
11596.0,7032972.39,7034360.81,7034467.81,0.0,0.0,12.975887850466593,1495.4199999999255,107.0
11552.0,7020827.02,7034349.94,7034539.94,0.0,0.0,71.17326315789924,13712.920000000857,190.0
11597.0,7033065.51,7034467.81,7034582.81,0.0,0.0,12.193913043476641,1517.2999999998137,115.0
11565.0,7025589.72,7033797.02,7034643.02,0.0,0.0,9.7013002364064,9053.299999999814,846.0
11599.0,7034600.05,7034600.05,7034717.05,0.0,0.0,0.0,117.0,117.0
11288.0,6887769.21,6906376.266328921,7034772.266328921,0.0,0.0,0.14491928353625227,147003.05632892065,128396.0
11603.0,7034676.68,7034717.05,7034832.05,0.0,0.0,0.3510434782618414,155.37000000011176,115.0
11566.0,7025627.55,7034643.02,7035405.02,0.0,0.0,11.831325459317243,9777.46999999974,762.0
11590.0,7029883.91,7035405.02,7035455.02,0.0,0.0,110.42219999998808,5571.109999999404,50.0
11591.0,7029906.22,7035455.02,7036252.02,0.0,0.0,6.962107904642175,6345.799999999814,797.0
11593.0,7030744.3,7036252.02,7037087.02,0.0,0.0,6.596071856287113,6342.719999999739,835.0
11598.0,7034450.67,7037087.02,7037518.02,0.0,0.0,6.116821345706792,3067.3499999996275,431.0
11600.0,7034619.45,7037518.02,7038078.02,0.0,0.0,5.176017857141726,3458.5699999993667,560.0
11601.0,7034628.18,7038078.02,7038877.02,0.0,0.0,4.317697121401566,4248.839999999851,799.0
11518.0,6987813.069999998,7018829.58,7039422.58,0.0,0.0,1.5061676297771884,51609.51000000164,20593.0
11602.0,7034636.91,7038877.02,7040261.02,0.0,0.0,3.0636632947972573,5624.109999999404,1384.0
9989.0,6184771.41,6861935.278344296,7040396.059632339,0.0,1.0,3.7944688096558696,855624.6496323384,178460.78128804266
11604.0,7035307.18,7040261.02,7040449.02,0.0,0.0,26.350212765956655,5141.839999999851,188.0
11519.0,6989898.569999998,7019726.5,7043281.5,0.0,0.0,1.266309912969712,53382.930000001565,23555.0
11520.0,6990034.37,7020270.6499999985,7043825.6499999985,0.0,0.0,1.2836459350455698,53791.2799999984,23555.0
11296.0,6888138.78,6953049.1499999985,7046290.1499999985,0.0,0.0,0.6961569481236607,158151.36999999825,93241.0
11532.0,7007748.51,7026180.833139915,7046748.833139915,0.0,0.0,0.8961650690351635,39000.32313991524,20568.0
11531.0,7007676.73,7026180.833139915,7046780.833139915,0.0,0.0,0.8982574339764355,39104.10313991457,20600.0
11533.0,7007950.27,7026742.34,7047768.34,0.0,0.0,0.8937539237135117,39818.0700000003,21026.0
11534.0,7008005.56,7027233.81,7048270.81,0.0,0.0,0.9140205352474212,40265.25,21037.0
11522.0,6993280.96,7022987.680419992,7049213.680419992,0.0,0.0,1.1327202173412554,55932.72041999176,26226.0
11610.0,7038359.77,7049213.680419992,7049286.680419992,0.0,0.0,148.6837043834544,10926.910419992171,73.0
11609.0,7038192.93,7049213.680419992,7049312.680419992,0.0,0.0,111.32071131305072,11119.750419992022,99.0
11612.0,7038408.27,7049312.680419992,7049386.680419992,0.0,0.0,147.35689756746177,10978.410419992171,74.0
11611.0,7038381.1099999985,7049286.680419992,7049388.680419992,0.0,0.0,106.91735705875737,11007.570419993252,102.0
11613.0,7038567.35,7049386.680419992,7049483.680419992,0.0,0.0,111.53948886589791,10916.330419992097,97.0
11614.0,7038587.72,7049388.680419992,7049494.680419992,0.0,0.0,101.89585301879231,10906.960419991985,106.0
11616.0,7038801.12,7049494.680419992,7049552.680419992,0.0,0.0,184.37173137916574,10751.560419991612,58.0
11605.0,7035495.3599999985,7046748.833139915,7049574.833139915,0.0,0.0,3.982120714761694,14079.473139916547,2826.0
11615.0,7038757.47,7049483.680419992,7049594.680419992,0.0,0.0,96.6325263062341,10837.210419991985,111.0
11523.0,6997706.1,7023249.88,7049613.88,0.0,0.0,0.9688886360188235,51907.78000000026,26364.0
11606.0,7035900.819999998,7046780.833139915,7049653.833139915,0.0,0.0,3.7869868221081044,13753.013139916584,2873.0
11524.0,6998751.76,7023697.76,7050180.76,0.0,0.0,0.9419627685685157,51429.0,26483.0
11548.0,7018629.0,7040396.059632339,7051456.059632339,0.0,0.0,1.968088574352494,32827.05963233858,11060.0
11569.0,7027239.69,7051456.059632339,7051598.059632339,0.0,0.0,170.53781431224067,24358.369632338174,142.0
11568.0,7027145.6,7051456.059632339,7051602.059632339,0.0,0.0,166.50999748177367,24456.459632338956,146.0
11571.0,7027387.13,7051602.059632339,7051679.059632339,0.0,0.0,314.4796056147882,24291.929632338695,77.0
11572.0,7027519.05,7051679.059632339,7051735.059632339,0.0,0.0,431.4287434346209,24216.00963233877,56.0
11570.0,7027319.23,7051598.059632339,7051740.059632339,0.0,0.0,170.97767346716998,24420.829632338136,142.0
11573.0,7027552.03,7051735.059632339,7051888.059632339,0.0,0.0,158.05901720482564,24336.029632338323,153.0
11576.0,7027632.54,7051740.059632339,7051889.059632339,0.0,0.0,161.79543377408422,24256.519632338546,149.0
11578.0,7027786.77,7051889.059632339,7052037.059632339,0.0,0.0,162.85330832661506,24250.28963233903,148.0
11577.0,7027714.02,7051888.059632339,7052039.059632339,0.0,0.0,160.09297769760948,24325.03963233903,151.0
11579.0,7027848.85,7052037.059632339,7052185.059632339,0.0,0.0,163.43384886715512,24336.209632338956,148.0
11580.0,7027918.69,7052039.059632339,7052202.059632339,0.0,0.0,147.97772780575568,24283.369632338174,163.0
11581.0,7027979.8,7052185.059632339,7052318.059632339,0.0,0.0,181.99443332585543,24338.25963233877,133.0
11529.0,7000866.3599999985,7026024.34,7052351.34,0.0,0.0,0.9555961560375804,51484.98000000138,26327.0
11582.0,7028046.73,7052202.059632339,7052364.059632339,0.0,0.0,149.1069730391243,24317.329632338136,162.0
11583.0,7028110.75,7052318.059632339,7052446.059632339,0.0,0.0,189.11960650264518,24335.309632338583,128.0
11584.0,7028165.069999998,7052364.059632339,7052518.059632339,0.0,0.0,157.13629631389708,24352.989632340148,154.0
11585.0,7028233.94,7052446.059632339,7052594.059632339,0.0,0.0,163.59540292120388,24360.119632338174,148.0
11587.0,7028294.08,7052518.059632339,7052644.059632339,0.0,0.0,192.25380660586117,24349.97963233851,126.0
11589.0,7028361.98,7052594.059632339,7052744.059632339,0.0,0.0,161.5471975489209,24382.079632338136,150.0
11521.0,6991830.81,7022987.680419992,7052921.680419992,0.0,0.0,1.0408522222219594,61090.870419992134,29934.0
11541.0,7012704.24,7029726.1499999985,7053792.1499999985,0.0,0.0,0.7073011717775404,41087.90999999829,24066.0
11538.0,7010692.46,7027629.1499999985,7057490.1499999985,0.0,0.0,0.5671842871972991,46797.68999999855,29861.0
11542.0,7012841.98,7034166.81,7058449.81,0.0,0.0,0.8781793847547315,45607.82999999914,24283.0
11286.0,6887746.8999999985,6901654.21,7060160.21,0.0,0.0,0.08773995937063236,172413.31000000145,158506.0
11550.0,7018757.04,7034167.94,7060480.94,0.0,0.0,0.5856762816858728,41723.90000000037,26313.0
11558.0,7023199.64,7034832.05,7060953.05,0.0,0.0,0.44532789709429765,37753.41000000015,26121.0
11553.0,7020929.84,7034539.94,7063302.94,0.0,0.0,0.4731808225845899,42373.10000000056,28763.0
11574.0,7027589.8599999985,7043281.5,7063836.5,0.0,0.0,0.7633977134517892,36246.64000000153,20555.0
11575.0,7027623.81,7043825.6499999985,7064403.6499999985,0.0,0.0,0.7873379337155662,36779.83999999892,20578.0
11620.0,7041614.12,7049594.680419992,7065298.680419992,0.0,0.0,0.5081864760565215,23684.560419991612,15704.0
11559.0,7024393.71,7039422.58,7065706.58,0.0,0.0,0.5717877796378067,41312.87000000011,26284.0
11567.0,7026321.1,7040449.02,7066893.02,0.0,0.0,0.53425805475722,40571.919999999925,26444.0
11586.0,7028282.44,7046290.1499999985,7067235.1499999985,0.0,0.0,0.8597617569824827,38952.7099999981,20945.0
11588.0,7028334.819999998,7046290.1499999985,7067269.1499999985,0.0,0.0,0.8558715858715894,38934.330000000075,20979.0
11637.0,7069622.87,7069622.87,7069810.87,0.0,0.0,0.0,188.0,188.0
11289.0,6887791.52,6908199.833139915,7069825.833139915,0.0,0.0,0.1262687509430133,182034.31313991547,161626.0
11281.0,6887692.58,6897339.54,7070139.54,0.0,0.0,0.0558273148148146,182446.95999999996,172800.0
11284.0,6887725.56,6897838.27,7070638.27,0.0,0.0,0.0585226273148146,182912.70999999996,172800.0
11607.0,7036009.46,7047768.34,7071562.34,0.0,0.0,0.4941951752542611,35552.87999999989,23794.0
11622.0,7047448.67,7051456.059632339,7071873.059632339,0.0,0.0,0.19627710399856285,24424.389632338658,20417.0
11285.0,6887738.17,6899155.66,7071955.66,0.0,0.0,0.06607343750000129,184217.49000000022,172800.0
11608.0,7036330.53,7048270.81,7072095.81,0.0,0.0,0.5011660020986077,35765.27999999933,23825.0
11623.0,7047550.52,7052351.34,7072799.34,0.0,0.0,0.23478188575901301,25248.820000000298,20448.0
11625.0,7048561.26,7052644.059632339,7073627.059632339,0.0,0.0,0.19457654445688446,25065.799632338807,20983.0
11626.0,7048605.88,7052744.059632339,7073674.059632339,0.0,0.0,0.19771522371422337,25068.179632338695,20930.0
11621.0,7044244.76,7050180.76,7076387.76,0.0,0.0,0.22650436906170107,32143.0,26207.0
11551.0,7019005.3599999985,7040396.059632339,7076396.059632339,0.0,0.0,0.5941861008983365,57390.69963234011,36000.0
11287.0,6887755.63,6905302.35,7078102.35,0.0,0.0,0.101543518518517,190346.71999999974,172800.0
11624.0,7048493.3599999985,7052644.059632339,7078959.059632339,0.0,0.0,0.15773131796846326,30465.69963234011,26315.0
11619.0,7039618.83,7049613.88,7079152.88,0.0,0.0,0.33836792037644514,39534.049999999814,29539.0
11628.0,7049817.41,7052744.059632339,7079293.059632339,0.0,0.0,0.11023577657683659,29475.649632338434,26549.0
11629.0,7051931.04,7052921.680419992,7079405.680419992,0.0,0.0,0.037405241655025186,27474.640419991687,26484.0
11290.0,6887805.1,6908331.833139915,7081131.833139915,0.0,0.0,0.11878896493006592,193326.7331399154,172800.0
11627.0,7048788.24,7052744.059632339,7081242.059632339,0.0,0.0,0.1388104299367801,32453.81963233836,28498.0
11291.0,6887814.8,6909286.680419992,7082086.680419992,0.0,0.0,0.12425856724532355,194271.8804199919,172800.0
11630.0,7059046.96,7059046.96,7082933.96,0.0,0.0,0.0,23887.0,23887.0
11631.0,7059400.04,7059400.04,7083206.04,0.0,0.0,0.0,23806.0,23806.0
11592.0,7030631.78,7063302.94,7087147.94,0.0,0.0,1.3701472006710065,56516.16000000015,23845.0
11632.0,7067191.08,7067191.08,7087881.08,0.0,0.0,0.0,20690.0,20690.0
11633.0,7067343.37,7067343.37,7088132.37,0.0,0.0,0.0,20789.0,20789.0
11635.0,7068824.56,7068824.56,7089556.56,0.0,0.0,0.0,20732.0,20732.0
11636.0,7068870.1499999985,7068870.1499999985,7089636.1499999985,0.0,0.0,0.0,20766.0,20766.0
11653.0,7095413.23,7095413.23,7095483.23,0.0,0.0,0.0,70.0,70.0
11638.0,7069765.46,7069765.46,7095807.46,0.0,0.0,0.0,26042.0,26042.0
11651.0,7095180.43,7095807.46,7095934.46,0.0,0.0,4.937244094490242,754.0300000002608,127.0
11649.0,7094308.3999999985,7094308.3999999985,7096067.3999999985,0.0,0.0,0.0,1759.0,1759.0
11652.0,7095360.85,7095360.85,7096296.85,0.0,0.0,0.0,936.0,936.0
11658.0,7096060.22,7096060.22,7096559.22,0.0,0.0,0.0,499.0,499.0
11655.0,7095971.95,7095971.95,7096656.95,0.0,0.0,0.0,685.0,685.0
11657.0,7096046.64,7096046.64,7096781.64,0.0,0.0,0.0,735.0,735.0
11659.0,7096317.27,7096317.27,7096948.27,0.0,0.0,0.0,631.0,631.0
11656.0,7095993.29,7095993.29,7097045.29,0.0,0.0,0.0,1052.0,1052.0
11634.0,7068229.95,7068229.95,7097618.95,0.0,0.0,0.0,29389.0,29389.0
11662.0,7097276.6,7097618.95,7098012.95,0.0,0.0,0.8689086294430426,736.3500000005588,394.0
11661.0,7097249.44,7097618.95,7098595.95,0.0,0.0,0.3782088024562707,1346.5099999997765,977.0
11664.0,7097755.78,7098595.95,7099435.95,0.0,0.0,1.0002023809522922,1680.1699999999255,840.0
11663.0,7097685.94,7097685.94,7099741.94,0.0,0.0,0.0,2056.0,2056.0
11665.0,7099380.53,7099435.95,7100235.95,0.0,0.0,0.06927499999990687,855.4199999999255,800.0
11639.0,7073979.14,7073979.14,7100532.14,0.0,0.0,0.0,26553.0,26553.0
11666.0,7099514.39,7100235.95,7100558.95,0.0,0.0,2.2339318885465063,1044.5600000005215,323.0
11668.0,7099807.33,7100558.95,7100730.95,0.0,0.0,4.369883720930883,923.6200000001118,172.0
11669.0,7099949.92,7100730.95,7101502.95,0.0,0.0,1.0116968911920476,1553.0300000002608,772.0
11292.0,6887824.5,6936156.678344296,7102066.678344296,0.0,0.0,0.2913156430853854,214242.1783442963,165910.0
11640.0,7075531.14,7075531.14,7102115.14,0.0,0.0,0.0,26584.0,26584.0
11673.0,7101191.52,7101502.95,7103720.95,0.0,0.0,0.14041027953139462,2529.4300000006333,2218.0
11642.0,7077581.72,7077581.72,7103928.72,0.0,0.0,0.0,26347.0,26347.0
11676.0,7104520.56,7104520.56,7104596.56,0.0,0.0,0.0,76.0,76.0
11672.0,7100627.95,7101502.95,7105348.95,0.0,0.0,0.22750910036401456,4721.0,3846.0
11643.0,7082139.75,7082139.75,7106225.75,0.0,0.0,0.0,24086.0,24086.0
11641.0,7076389.59,7076389.59,7106442.59,0.0,0.0,0.0,30053.0,30053.0
11644.0,7082451.12,7082451.12,7106554.12,0.0,0.0,0.0,24103.0,24103.0
11677.0,7104553.54,7104553.54,7106824.54,0.0,0.0,0.0,2271.0,2271.0
11679.0,7104668.0,7104668.0,7107454.0,0.0,0.0,0.0,2786.0,2786.0
11645.0,7087224.49,7087224.49,7107940.49,0.0,0.0,0.0,20716.0,20716.0
11646.0,7087430.13,7087430.13,7108169.13,0.0,0.0,0.0,20739.0,20739.0
11687.0,7107705.069999998,7107705.069999998,7108537.069999998,0.0,0.0,0.0,832.0,832.0
11670.0,7100441.71,7100441.71,7108729.71,0.0,0.0,0.0,8288.0,8288.0
11678.0,7104630.17,7104630.17,7108897.17,0.0,0.0,0.0,4267.0,4267.0
11686.0,7107664.33,7107664.33,7109414.33,0.0,0.0,0.0,1750.0,1750.0
11647.0,7088902.59,7088902.59,7109994.59,0.0,0.0,0.0,21092.0,21092.0
11648.0,7088976.31,7088976.31,7110025.31,0.0,0.0,0.0,21049.0,21049.0
11690.0,7110355.1099999985,7110355.1099999985,7110428.1099999985,0.0,0.0,0.0,73.0,73.0
11293.0,6887833.23,6938005.8,7110805.8,0.0,0.0,0.2903505208333297,222972.56999999937,172800.0
11692.0,7111636.48,7111636.48,7111762.48,0.0,0.0,0.0,126.0,126.0
11697.0,7112719.0,7112719.0,7112782.0,0.0,0.0,0.0,63.0,63.0
11699.0,7112888.75,7112888.75,7112958.75,0.0,0.0,0.0,70.0,70.0
11701.0,7113166.17,7113166.17,7113235.17,0.0,0.0,0.0,69.0,69.0
11695.0,7112236.91,7112236.91,7114556.91,0.0,0.0,0.0,2320.0,2320.0
11694.0,7112210.72,7112210.72,7117311.72,0.0,0.0,0.0,5101.0,5101.0
11703.0,7113413.52,7113413.52,7117449.52,0.0,0.0,0.0,4036.0,4036.0
11671.0,7100471.78,7101502.95,7118016.95,0.0,0.0,0.06244217027975811,17545.169999999925,16514.0
11702.0,7113338.83,7113338.83,7119038.83,0.0,0.0,0.0,5700.0,5700.0
11709.0,7114851.06,7119038.83,7119424.83,0.0,0.0,10.849145077721461,4573.770000000484,386.0
11706.0,7113843.23,7117311.72,7119590.72,0.0,0.0,1.5219350592361967,5747.489999999292,2279.0
11710.0,7114898.59,7119424.83,7119667.83,0.0,0.0,18.62650205761409,4769.2400000002235,243.0
11721.0,7117873.58,7119590.72,7119668.72,0.0,0.0,22.014615384611087,1795.1399999996647,78.0
11723.0,7117932.75,7119667.83,7119737.83,0.0,0.0,24.786857142858207,1805.0800000000745,70.0
11724.0,7117998.71,7119668.72,7120268.72,0.0,0.0,2.7833499999996274,2270.0099999997765,600.0
11704.0,7113791.819999998,7114556.91,7120276.91,0.0,0.0,0.1337569930072926,6485.090000001714,5720.0
11650.0,7094986.43,7094986.43,7120994.43,0.0,0.0,0.0,26008.0,26008.0
11693.0,7111712.14,7111762.48,7121007.48,0.0,0.0,0.005445105462496735,9295.340000000782,9245.0
11711.0,7114917.99,7120994.43,7121067.43,0.0,0.0,83.2389041095819,6149.4399999994785,73.0
11712.0,7115145.94,7121007.48,7121080.48,0.0,0.0,80.29506849315119,5934.540000000037,73.0
11705.0,7113799.58,7120994.43,7121101.43,0.0,0.0,67.24158878504325,7301.8499999996275,107.0
11719.0,7117704.8,7121007.48,7121125.48,0.0,0.0,27.9888135593274,3420.6800000006333,118.0
11713.0,7115714.3599999985,7121067.43,7121140.43,0.0,0.0,73.3297260274141,5426.070000001229,73.0
11714.0,7115936.49,7121080.48,7121153.48,0.0,0.0,70.46561643835922,5216.9900000002235,73.0
11736.0,7120826.26,7121153.48,7121223.48,0.0,0.0,4.674571428581008,397.22000000067055,70.0
11727.0,7118550.64,7121125.48,7121423.48,0.0,0.0,8.640402684566384,2872.8400000007823,298.0
11715.0,7117019.01,7121101.43,7121464.43,0.0,0.0,11.246336088154065,4445.4199999999255,363.0
11557.0,7021691.29,7034772.266328921,7121545.266328921,0.0,0.0,0.15074938435827473,99853.97632892057,86773.0
11700.0,7112983.81,7121545.266328921,7121618.266328921,0.0,0.0,117.28022368384958,8634.45632892102,73.0
11717.0,7117452.6,7121464.43,7121956.43,0.0,0.0,8.154126016260314,4503.8300000000745,492.0
11731.0,7119187.93,7120268.72,7122112.72,0.0,0.0,0.5861117136659638,2924.7900000000373,1844.0
11730.0,7119169.5,7119737.83,7123022.83,0.0,0.0,0.1730076103500988,3853.3300000000745,3285.0
11733.0,7119391.63,7121140.43,7123164.43,0.0,0.0,0.8640316205532677,3772.7999999998137,2024.0
11725.0,7118105.41,7121618.266328921,7123262.266328921,0.0,0.0,2.1367739227010105,5156.856328920461,1644.0
11732.0,7119376.1099999985,7120276.91,7123628.91,0.0,0.0,0.2687350835327197,4252.800000001676,3352.0
11737.0,7120835.96,7121153.48,7123937.48,0.0,0.0,0.11405172413810499,3101.5200000004843,2784.0
11739.0,7122749.77,7123164.43,7124875.43,0.0,0.0,0.24234950321458154,2125.660000000149,1711.0
11707.0,7114576.55,7117449.52,7126144.52,0.0,0.0,0.3304163312248119,11567.96999999974,8695.0
11738.0,7122729.3999999985,7123022.83,7126270.83,0.0,0.0,0.09034174876895462,3541.4300000015646,3248.0
11660.0,7096667.44,7097045.29,7126796.29,0.0,0.0,0.012700413431468773,30128.849999999627,29751.0
11667.0,7099695.78,7100532.14,7127201.14,0.0,0.0,0.03136075593383344,27505.359999999404,26669.0
11674.0,7101281.73,7102066.678344296,7128439.678344296,0.0,0.0,0.029763331600342943,27157.948344295844,26373.0
11743.0,7123425.8599999985,7123425.8599999985,7128442.8599999985,0.0,0.0,0.0,5017.0,5017.0
11684.0,7107238.5,7107940.49,7128618.49,0.0,0.0,0.03394864106781234,21379.990000000224,20678.0
11685.0,7107482.94,7108169.13,7128816.13,0.0,0.0,0.0332343681890579,21333.18999999948,20647.0
11675.0,7103099.51,7103099.51,7129144.51,0.0,0.0,0.0,26045.0,26045.0
11680.0,7105460.49,7105460.49,7129487.49,0.0,0.0,0.0,24027.0,24027.0
11734.0,7119680.69,7121956.43,7129622.43,0.0,0.0,0.2968614662143611,9941.739999999292,7666.0
11729.0,7118761.13,7121140.43,7130140.43,0.0,0.0,0.264366666666646,11379.299999999814,9000.0
11682.0,7105767.01,7106225.75,7130250.75,0.0,0.0,0.019094276795014506,24483.740000000224,24025.0
11688.0,7109288.1099999985,7109288.1099999985,7130488.1099999985,0.0,0.0,0.0,21200.0,21200.0
11741.0,7123329.83,7123329.83,7130631.83,0.0,0.0,0.0,7302.0,7302.0
11689.0,7109323.03,7109994.59,7131056.59,0.0,0.0,0.03188491121449009,21733.55999999959,21062.0
11748.0,7127236.02,7127236.02,7132587.02,0.0,0.0,0.0,5351.0,5351.0
11681.0,7105468.25,7105468.25,7135156.25,0.0,0.0,0.0,29688.0,29688.0
11761.0,7134188.98,7135156.25,7135313.25,0.0,0.0,6.160955414009892,1124.269999999553,157.0
11708.0,7114583.34,7118016.95,7137478.95,0.0,0.0,0.1764263693351318,22895.610000000335,19462.0
11747.0,7127219.53,7127219.53,7139925.53,0.0,0.0,0.0,12706.0,12706.0
11735.0,7120171.51,7122112.72,7148156.72,0.0,0.0,0.07453578559360938,27985.209999999963,26044.0
11763.0,7145394.42,7148156.72,7148356.72,0.0,0.0,13.811499999999068,2962.2999999998137,200.0
11764.0,7145510.819999998,7148356.72,7148518.72,0.0,0.0,17.56728395062533,3007.900000001304,162.0
11765.0,7145633.04,7148518.72,7148675.72,0.0,0.0,18.380127388533133,3042.679999999702,157.0
11749.0,7127264.1499999985,7128618.49,7149178.49,0.0,0.0,0.06587256809346856,21914.340000001714,20560.0
11750.0,7127438.75,7128816.13,7149376.13,0.0,0.0,0.06699319066147316,21937.37999999989,20560.0
11740.0,7123313.34,7123313.34,7150850.34,0.0,0.0,0.0,27537.0,27537.0
11756.0,7129711.46,7130250.75,7151285.75,0.0,0.0,0.02563774661278998,21574.290000000037,21035.0
11757.0,7129813.31,7130488.1099999985,7151533.1099999985,0.0,0.0,0.03206462342593882,21719.799999998882,21045.0
11745.0,7125490.99,7127201.14,7153591.14,0.0,0.0,0.06480295566500345,28100.14999999944,26390.0
11754.0,7128724.97,7129487.49,7153762.49,0.0,0.0,0.031411740473758366,25037.520000000484,24275.0
11755.0,7129029.55,7129622.43,7153806.43,0.0,0.0,0.024515382070785983,24776.87999999989,24184.0
11746.0,7126818.92,7128439.678344296,7154942.678344296,0.0,0.0,0.06115376916939086,28123.758344296366,26503.0
11152.0,6775798.23,7014692.96,7154993.96,0.0,0.0,1.702730058944694,379195.7299999995,140301.0
11758.0,7132255.77,7154993.96,7155108.96,0.0,0.0,197.7233913043514,22853.19000000041,115.0
11775.0,7153784.92,7154993.96,7155145.96,0.0,0.0,7.954210526316035,1361.0400000000373,152.0
11753.0,7128321.45,7129144.51,7155436.51,0.0,0.0,0.031304579339707525,27115.05999999959,26292.0
11742.0,7123383.18,7123937.48,7156034.48,0.0,0.0,0.017269526747071225,32651.300000000745,32097.0
11744.0,7125468.68,7126796.29,7156511.29,0.0,0.0,0.044678108699321394,31042.610000000335,29715.0
11540.0,7011780.8,7076396.059632339,7162498.059632339,0.0,0.0,0.7504501594891961,150717.25963233877,86102.0
11726.0,7118495.35,7162498.059632339,7162633.059632339,0.0,0.0,325.9459972765849,44137.709632338956,135.0
11778.0,7162630.35,7162630.35,7162787.35,0.0,0.0,0.0,157.0,157.0
11762.0,7134306.35,7135313.25,7164553.25,0.0,0.0,0.03443570451437662,30246.900000000373,29240.0
11767.0,7147161.76,7149178.49,7169731.49,0.0,0.0,0.09812338831316339,22569.730000000447,20553.0
11768.0,7147313.08,7149376.13,7169898.13,0.0,0.0,0.10052870090633534,22585.049999999814,20522.0
11784.0,7170951.98,7170951.98,7171139.98,0.0,0.0,0.0,188.0,188.0
11785.0,7171057.71,7171057.71,7171203.71,0.0,0.0,0.0,146.0,146.0
11769.0,7150036.84,7151285.75,7172211.75,0.0,0.0,0.05968221351429557,22174.91000000015,20926.0
11770.0,7150146.45,7151533.1099999985,7172501.1099999985,0.0,0.0,0.06613220144974659,22354.659999998286,20968.0
11766.0,7145741.68,7148675.72,7174736.72,0.0,0.0,0.11258355396953444,28995.040000000037,26061.0
11691.0,7111009.8599999985,7111009.8599999985,7176634.8599999985,0.0,0.0,0.0,65625.0,65625.0
11792.0,7177085.29,7177085.29,7177266.29,0.0,0.0,0.0,181.0,181.0
11793.0,7177437.3999999985,7177437.3999999985,7177594.3999999985,0.0,0.0,0.0,157.0,157.0
11772.0,7152230.98,7153762.49,7178019.49,0.0,0.0,0.06313682648306783,25788.509999999776,24257.0
11773.0,7152437.59,7153806.43,7178036.43,0.0,0.0,0.05649360297151675,25598.83999999985,24230.0
11771.0,7151046.6099999985,7153591.14,7180298.14,0.0,0.0,0.09527577039731876,29251.530000001192,26707.0
11797.0,7180447.31,7180447.31,7180551.31,0.0,0.0,0.0,104.0,104.0
11798.0,7180495.81,7180495.81,7180629.81,0.0,0.0,0.0,134.0,134.0
11799.0,7180583.1099999985,7180583.1099999985,7180729.1099999985,0.0,0.0,0.0,146.0,146.0
11776.0,7153890.6499999985,7154993.96,7181124.96,0.0,0.0,0.04222226474308113,27234.310000001453,26131.0
11774.0,7152489.0,7154942.678344296,7181891.678344296,0.0,0.0,0.09104895707804711,29402.67834429629,26949.0
11802.0,7182279.64,7182279.64,7182382.64,0.0,0.0,0.0,103.0,103.0
11803.0,7182341.72,7182341.72,7182411.72,0.0,0.0,0.0,70.0,70.0
11804.0,7182438.72,7182438.72,7182506.72,0.0,0.0,0.0,68.0,68.0
11805.0,7182520.2,7182520.2,7182570.2,0.0,0.0,0.0,50.0,50.0
11807.0,7182625.93,7182625.93,7182711.93,0.0,0.0,0.0,86.0,86.0
11808.0,7182677.34,7182677.34,7182747.34,0.0,0.0,0.0,70.0,70.0
11809.0,7182805.38,7182805.38,7182875.38,0.0,0.0,0.0,70.0,70.0
11813.0,7183522.21,7183522.21,7183591.21,0.0,0.0,0.0,69.0,69.0
11812.0,7183507.66,7183507.66,7183592.66,0.0,0.0,0.0,85.0,85.0
11810.0,7183162.34,7183162.34,7183835.34,0.0,0.0,0.0,673.0,673.0
11777.0,7154216.569999998,7154993.96,7184272.96,0.0,0.0,0.026551111718348556,30056.390000001527,29279.0
11824.0,7186045.18,7186045.18,7186118.18,0.0,0.0,0.0,73.0,73.0
11827.0,7187280.96,7187280.96,7187353.96,0.0,0.0,0.0,73.0,73.0
11543.0,7017151.69,7022125.69,7187567.69,0.0,0.0,0.030064917010190883,170416.0,165442.0
11828.0,7187498.24,7187498.24,7187594.24,0.0,0.0,0.0,96.0,96.0
11829.0,7187554.5,7187554.5,7187625.5,0.0,0.0,0.0,71.0,71.0
11780.0,7167057.43,7167057.43,7187665.43,0.0,0.0,0.0,20608.0,20608.0
11781.0,7167152.49,7167152.49,7187767.49,0.0,0.0,0.0,20615.0,20615.0
11823.0,7185261.42,7185261.42,7188500.42,0.0,0.0,0.0,3239.0,3239.0
11821.0,7185169.27,7185169.27,7188648.27,0.0,0.0,0.0,3479.0,3479.0
11830.0,7188871.76,7188871.76,7189053.76,0.0,0.0,0.0,182.0,182.0
11831.0,7189178.28,7189178.28,7189225.28,0.0,0.0,0.0,47.0,47.0
11832.0,7189279.16,7189279.16,7189489.16,0.0,0.0,0.0,210.0,210.0
11833.0,7189481.89,7189481.89,7189612.89,0.0,0.0,0.0,131.0,131.0
11834.0,7190287.96,7190287.96,7190423.96,0.0,0.0,0.0,136.0,136.0
11835.0,7190383.99,7190383.99,7190513.99,0.0,0.0,0.0,130.0,130.0
11817.0,7183700.69,7183700.69,7190683.69,0.0,0.0,0.0,6983.0,6983.0
11822.0,7185220.68,7185220.68,7190709.68,0.0,0.0,0.0,5489.0,5489.0
11837.0,7190618.73,7190618.73,7190773.73,0.0,0.0,0.0,155.0,155.0
11839.0,7190927.19,7190927.19,7191074.19,0.0,0.0,0.0,147.0,147.0
11782.0,7170302.08,7170302.08,7191177.08,0.0,0.0,0.0,20875.0,20875.0
11783.0,7170415.569999998,7170415.569999998,7191302.569999998,0.0,0.0,0.0,20887.0,20887.0
11801.0,7181872.24,7181872.24,7191402.24,0.0,0.0,0.0,9530.0,9530.0
11843.0,7192005.83,7192005.83,7192182.83,0.0,0.0,0.0,177.0,177.0
11779.0,7162737.05,7162737.05,7192299.05,0.0,0.0,0.0,29562.0,29562.0
11844.0,7192162.0,7192162.0,7192514.0,0.0,0.0,0.0,352.0,352.0
11820.0,7184929.68,7184929.68,7192742.68,0.0,0.0,0.0,7813.0,7813.0
11683.0,7105790.29,7106554.12,7192966.12,0.0,0.0,0.008839397305930594,87175.83000000007,86412.0
11815.0,7183616.3,7183616.3,7192978.3,0.0,0.0,0.0,9362.0,9362.0
11846.0,7192462.7,7192462.7,7193062.7,0.0,0.0,0.0,600.0,600.0
11840.0,7191131.8599999985,7191131.8599999985,7193181.8599999985,0.0,0.0,0.0,2050.0,2050.0
11850.0,7194944.93,7194944.93,7194992.93,0.0,0.0,0.0,48.0,48.0
11851.0,7195375.6099999985,7195375.6099999985,7195456.6099999985,0.0,0.0,0.0,81.0,81.0
11853.0,7195647.21,7195647.21,7195725.21,0.0,0.0,0.0,78.0,78.0
11654.0,7095433.6,7095934.46,7195810.46,0.0,0.0,0.00501481837478809,100376.86000000034,99876.0
11818.0,7183799.63,7183799.63,7196050.63,0.0,0.0,0.0,12251.0,12251.0
11862.0,7196118.63,7196118.63,7196235.63,0.0,0.0,0.0,117.0,117.0
11848.0,7193102.8999999985,7193102.8999999985,7196319.8999999985,0.0,0.0,0.0,3217.0,3217.0
11859.0,7196078.8599999985,7196078.8599999985,7196326.8599999985,0.0,0.0,0.0,248.0,248.0
11858.0,7196013.87,7196013.87,7196326.87,0.0,0.0,0.0,313.0,313.0
11857.0,7196004.17,7196004.17,7196328.17,0.0,0.0,0.0,324.0,324.0
11856.0,7195947.91,7195947.91,7196329.91,0.0,0.0,0.0,382.0,382.0
11855.0,7195937.24,7195937.24,7196330.24,0.0,0.0,0.0,393.0,393.0
11854.0,7195926.569999998,7195926.569999998,7196330.569999998,0.0,0.0,0.0,404.0,404.0
11863.0,7196171.01,7196171.01,7196332.01,0.0,0.0,0.0,161.0,161.0
11864.0,7196202.05,7196202.05,7196332.05,0.0,0.0,0.0,130.0,130.0
11861.0,7196108.93,7196108.93,7196333.93,0.0,0.0,0.0,225.0,225.0
11860.0,7196087.59,7196087.59,7196334.59,0.0,0.0,0.0,247.0,247.0
11865.0,7196241.819999998,7196241.819999998,7196349.819999998,0.0,0.0,0.0,108.0,108.0
11880.0,7196508.569999998,7196508.569999998,7196612.569999998,0.0,0.0,0.0,104.0,104.0
11886.0,7196584.23,7196584.23,7196642.23,0.0,0.0,0.0,58.0,58.0
11867.0,7196317.48,7196317.48,7196783.48,0.0,0.0,0.0,466.0,466.0
11876.0,7196462.98,7196462.98,7196951.98,0.0,0.0,0.0,489.0,489.0
11877.0,7196485.29,7196485.29,7196952.29,0.0,0.0,0.0,467.0,467.0
11868.0,7196325.24,7196325.24,7196957.24,0.0,0.0,0.0,632.0,632.0
11878.0,7196492.08,7196492.08,7197085.08,0.0,0.0,0.0,593.0,593.0
11875.0,7196455.22,7196455.22,7197092.22,0.0,0.0,0.0,637.0,637.0
11786.0,7171162.47,7171162.47,7197137.47,0.0,0.0,0.0,25975.0,25975.0
11887.0,7196592.96,7196612.569999998,7197205.569999998,0.0,0.0,0.03306913996369752,612.6099999984726,593.0
11888.0,7196600.72,7196783.48,7197241.48,0.0,0.0,0.3990393013115891,640.7600000007078,458.0
11869.0,7196346.58,7196346.58,7197262.58,0.0,0.0,0.0,916.0,916.0
11874.0,7196443.58,7196443.58,7197345.58,0.0,0.0,0.0,902.0,902.0
11879.0,7196500.81,7196500.81,7197383.81,0.0,0.0,0.0,883.0,883.0
11893.0,7197326.28,7197326.28,7197404.28,0.0,0.0,0.0,78.0,78.0
11890.0,7196671.53,7197383.81,7197478.81,0.0,0.0,7.497684210519258,807.2799999993294,95.0
11885.0,7196578.41,7196578.41,7197499.41,0.0,0.0,0.0,921.0,921.0
11894.0,7197516.3999999985,7197516.3999999985,7197586.3999999985,0.0,0.0,0.0,70.0,70.0
11895.0,7197608.55,7197608.55,7197733.55,0.0,0.0,0.0,125.0,125.0
11816.0,7183673.53,7183673.53,7197906.53,0.0,0.0,0.0,14233.0,14233.0
11896.0,7197825.83,7197825.83,7197940.83,0.0,0.0,0.0,115.0,115.0
11897.0,7198380.67,7198380.67,7198495.67,0.0,0.0,0.0,115.0,115.0
11898.0,7198846.27,7198846.27,7198961.27,0.0,0.0,0.0,115.0,115.0
11903.0,7199219.72,7199219.72,7199348.72,0.0,0.0,0.0,129.0,129.0
11922.0,7199687.26,7199687.26,7199758.26,0.0,0.0,0.0,71.0,71.0
11787.0,7175713.71,7175713.71,7199850.71,0.0,0.0,0.0,24137.0,24137.0
11900.0,7199136.3,7199850.71,7199959.71,0.0,0.0,6.5542201834876055,823.410000000149,109.0
11935.0,7199887.08,7199887.08,7199998.08,0.0,0.0,0.0,111.0,111.0
11788.0,7175904.8,7175904.8,7200037.8,0.0,0.0,0.0,24133.0,24133.0
11923.0,7199702.78,7200037.8,7200110.8,0.0,0.0,4.589315068487027,408.01999999955297,73.0
11939.0,7200201.3599999985,7200201.3599999985,7200267.3599999985,0.0,0.0,0.0,66.0,66.0
11870.0,7196368.89,7196368.89,7200662.89,0.0,0.0,0.0,4294.0,4294.0
11873.0,7196422.24,7196422.24,7200781.24,0.0,0.0,0.0,4359.0,4359.0
11940.0,7200467.14,7200467.14,7200856.14,0.0,0.0,0.0,389.0,389.0
11953.0,7200825.069999998,7200825.069999998,7200872.069999998,0.0,0.0,0.0,47.0,47.0
11925.0,7199775.53,7200110.8,7200893.8,0.0,0.0,0.42818646232382246,1118.269999999553,783.0
11884.0,7196559.98,7196559.98,7200893.98,0.0,0.0,0.0,4334.0,4334.0
11881.0,7196519.24,7196519.24,7200919.24,0.0,0.0,0.0,4400.0,4400.0
11954.0,7200924.98,7200924.98,7200995.98,0.0,0.0,0.0,71.0,71.0
11901.0,7199210.99,7200856.14,7201530.14,0.0,0.0,2.440875370919052,2319.149999999441,674.0
11905.0,7199261.43,7200919.24,7201534.24,0.0,0.0,2.6956260162610106,2272.8100000005215,615.0
11907.0,7199285.68,7201534.24,7201754.24,0.0,0.0,10.220727272729643,2468.5600000005215,220.0
11906.0,7199279.8599999985,7201530.14,7201761.14,0.0,0.0,9.741471861477022,2481.280000001192,231.0
11871.0,7196388.29,7196388.29,7201788.29,0.0,0.0,0.0,5400.0,5400.0
11872.0,7196414.48,7196414.48,7201814.48,0.0,0.0,0.0,5400.0,5400.0
11908.0,7199286.6499999985,7201754.24,7201891.24,0.0,0.0,18.011605839428565,2604.5900000017136,137.0
11955.0,7201732.99,7201814.48,7201913.48,0.0,0.0,0.8231313131335709,180.49000000022352,99.0
11882.0,7196527.97,7196527.97,7201927.97,0.0,0.0,0.0,5400.0,5400.0
11883.0,7196550.28,7196550.28,7201950.28,0.0,0.0,0.0,5400.0,5400.0
11909.0,7199288.59,7201761.14,7201981.14,0.0,0.0,11.23886363636279,2692.5499999998137,220.0
11910.0,7199292.47,7201891.24,7202100.24,0.0,0.0,12.43430622009801,2807.7700000004843,209.0
11911.0,7199299.26,7201927.97,7202136.97,0.0,0.0,12.577559808612262,2837.7099999999627,209.0
11912.0,7199302.17,7201981.14,7202190.14,0.0,0.0,12.818038277510714,2887.9699999997392,209.0
11960.0,7202185.01,7202185.01,7202288.01,0.0,0.0,0.0,103.0,103.0
11957.0,7201836.78,7201891.24,7202288.24,0.0,0.0,0.13717884130972985,451.45999999996275,397.0
11913.0,7199304.1099999985,7202100.24,7202298.24,0.0,0.0,14.12186868687753,2994.130000001751,198.0
11914.0,7199472.89,7202136.97,7202542.97,0.0,0.0,6.561773399014962,3070.0800000000745,406.0
11915.0,7199484.53,7202190.14,7202574.14,0.0,0.0,7.0458593749984475,3089.609999999404,384.0
11917.0,7199511.69,7202298.24,7202660.24,0.0,0.0,7.697651933701143,3148.5499999998137,362.0
11916.0,7199499.08,7202288.24,7202661.24,0.0,0.0,7.47764075067064,3162.160000000149,373.0
11918.0,7199520.42,7202542.97,7202893.97,0.0,0.0,8.611253561253031,3373.5499999998137,351.0
11919.0,7199529.1499999985,7202574.14,7202914.14,0.0,0.0,8.955852941179867,3384.990000001155,340.0
11920.0,7199546.6099999985,7202660.24,7202989.24,0.0,0.0,9.4639209726497,3442.630000001751,329.0
11545.0,7017341.81,7023115.12,7203084.12,0.0,0.0,0.032079469241927894,185742.31000000052,179969.0
11791.0,7176877.71,7176877.71,7203185.71,0.0,0.0,0.0,26308.0,26308.0
11889.0,7196661.83,7196661.83,7203391.83,0.0,0.0,0.0,6730.0,6730.0
11975.0,7202778.6499999985,7203391.83,7203492.83,0.0,0.0,6.071089108926382,714.1800000015646,101.0
11926.0,7199834.7,7202661.24,7203563.24,0.0,0.0,3.133636363636405,3728.5400000000373,902.0
11977.0,7203359.68,7203492.83,7203598.83,0.0,0.0,1.2561320754752126,239.15000000037253,106.0
11927.0,7199838.58,7202893.97,7203800.97,0.0,0.0,3.3686769570007327,3962.3899999996647,907.0
11928.0,7199843.43,7202914.14,7203821.14,0.0,0.0,3.3855678059536523,3977.7099999999627,907.0
11986.0,7203832.069999998,7203832.069999998,7203883.069999998,0.0,0.0,0.0,51.0,51.0
11929.0,7199848.28,7202989.24,7203896.24,0.0,0.0,3.463020948180775,4047.9599999999627,907.0
11921.0,7199609.66,7203800.97,7203942.97,0.0,0.0,29.51626760563092,4333.30999999959,142.0
11924.0,7199704.72,7203942.97,7204074.97,0.0,0.0,32.10795454545455,4370.25,132.0
11800.0,7181836.35,7181836.35,7204366.35,0.0,0.0,0.0,22530.0,22530.0
11814.0,7183600.78,7183600.78,7204457.78,0.0,0.0,0.0,20857.0,20857.0
11930.0,7199855.069999998,7203563.24,7204481.24,0.0,0.0,4.039400871461643,4626.170000001788,918.0
11931.0,7199866.71,7203821.14,7204739.14,0.0,0.0,4.307657952069392,4872.429999999702,918.0
11932.0,7199871.56,7203896.24,7204825.24,0.0,0.0,4.332271259419412,4953.680000000633,929.0
11795.0,7178550.96,7178550.96,7204892.96,0.0,0.0,0.0,26342.0,26342.0
11933.0,7199875.44,7204074.97,7205014.97,0.0,0.0,4.467585106382265,5139.529999999329,940.0
11544.0,7017214.74,7022560.88,7205136.88,0.0,0.0,0.029281723775302693,187922.13999999966,182576.0
11796.0,7179196.98,7179196.98,7205238.98,0.0,0.0,0.0,26042.0,26042.0
11934.0,7199881.26,7204481.24,7205432.24,0.0,0.0,4.8369926393274945,5550.980000000447,951.0
11936.0,7199913.27,7204739.14,7205676.14,0.0,0.0,5.15034151547504,5762.870000000112,937.0
11996.0,7205592.62,7205592.62,7205698.62,0.0,0.0,0.0,106.0,106.0
11937.0,7199934.6099999985,7204825.24,7205751.24,0.0,0.0,5.281457883371221,5816.630000001751,926.0
11902.0,7199212.93,7199212.93,7205854.93,0.0,0.0,0.0,6642.0,6642.0
11938.0,7199951.1,7205014.97,7205918.97,0.0,0.0,5.601626106194814,5967.870000000112,904.0
11998.0,7205965.1,7205965.1,7206062.1,0.0,0.0,0.0,97.0,97.0
11989.0,7204089.12,7204892.96,7206259.96,0.0,0.0,0.5880321872712883,2170.839999999851,1367.0
11941.0,7200666.96,7205432.24,7206381.24,0.0,0.0,5.021369863013973,5714.280000000261,949.0
12008.0,7207087.39,7207087.39,7207147.39,0.0,0.0,0.0,60.0,60.0
12009.0,7207166.93,7207166.93,7207226.93,0.0,0.0,0.0,60.0,60.0
12011.0,7207264.8999999985,7207264.8999999985,7207353.8999999985,0.0,0.0,0.0,89.0,89.0
12014.0,7207467.63,7207467.63,7207527.63,0.0,0.0,0.0,60.0,60.0
11942.0,7200676.66,7205676.14,7207541.14,0.0,0.0,2.6806863270774883,6864.479999999516,1865.0
11943.0,7200684.42,7205751.24,7207605.24,0.0,0.0,2.732912621359384,6920.820000000298,1854.0
11825.0,7187011.3,7187011.3,7207701.3,0.0,0.0,0.0,20690.0,20690.0
12017.0,7207681.03,7207681.03,7207741.03,0.0,0.0,0.0,60.0,60.0
11944.0,7200694.12,7205918.97,7207761.97,0.0,0.0,2.834970157351941,7067.8499999996275,1843.0
11826.0,7187110.24,7187110.24,7207768.24,0.0,0.0,0.0,20658.0,20658.0
12000.0,7206286.17,7207701.3,7207812.3,0.0,0.0,12.748918918917912,1526.1299999998882,111.0
12002.0,7206492.78,7207768.24,7207842.24,0.0,0.0,17.235945945945442,1349.4599999999627,74.0
12005.0,7206905.03,7207812.3,7207885.3,0.0,0.0,12.428356164377439,980.269999999553,73.0
12010.0,7207211.55,7207842.24,7207948.24,0.0,0.0,5.949905660381225,736.6900000004098,106.0
12013.0,7207414.28,7207885.3,7207960.3,0.0,0.0,6.280266666660706,546.019999999553,75.0
12015.0,7207523.89,7207948.24,7208034.24,0.0,0.0,4.934302325587893,510.3500000005588,86.0
12016.0,7207620.89,7207960.3,7208070.3,0.0,0.0,3.0855454545468093,449.410000000149,110.0
11945.0,7200702.85,7206259.96,7208091.96,0.0,0.0,3.0333569868997463,7389.110000000335,1832.0
12018.0,7207745.05,7208034.24,7208130.24,0.0,0.0,3.0123958333376017,385.1900000004098,96.0
12021.0,7208013.74,7208070.3,7208181.3,0.0,0.0,0.5095495495458578,167.55999999959022,111.0
11946.0,7200723.22,7206381.24,7208197.24,0.0,0.0,3.1156497797359495,7474.020000000484,1816.0
12023.0,7208178.64,7208178.64,7208281.64,0.0,0.0,0.0,103.0,103.0
12024.0,7208339.66,7208339.66,7208399.66,0.0,0.0,0.0,60.0,60.0
11618.0,7038917.52,7049574.833139915,7208738.833139915,0.0,0.0,0.06695806300366582,169821.31313991547,159164.0
11617.0,7038866.1099999985,7049552.680419992,7208758.680419992,0.0,0.0,0.0671241688126908,169892.57041999325,159206.0
12028.0,7209106.93,7209106.93,7209195.93,0.0,0.0,0.0,89.0,89.0
11947.0,7200738.74,7207541.14,7209335.14,0.0,0.0,3.791750278706489,8596.399999999441,1794.0
11948.0,7200751.35,7207605.24,7209388.24,0.0,0.0,3.8440213123951743,8636.890000000596,1783.0
11949.0,7200764.93,7207761.97,7209533.97,0.0,0.0,3.9486681715575833,8769.040000000037,1772.0
11950.0,7200774.63,7208091.96,7209863.96,0.0,0.0,4.12941873589169,9089.330000000075,1772.0
11951.0,7200784.33,7208197.24,7209947.24,0.0,0.0,4.235948571428657,9162.910000000149,1750.0
11952.0,7200792.09,7208281.64,7210020.64,0.0,0.0,4.306814261069473,9228.549999999814,1739.0
11964.0,7202456.6099999985,7209533.97,7210488.97,0.0,0.0,7.4108481675405935,8032.360000001267,955.0
11966.0,7202465.34,7209947.24,7210975.24,0.0,0.0,7.278112840467289,8509.900000000373,1028.0
11967.0,7202471.16,7210020.64,7211059.64,0.0,0.0,7.26610202117374,8588.479999999516,1039.0
11806.0,7182578.3999999985,7182578.3999999985,7211475.3999999985,0.0,0.0,0.0,28897.0,28897.0
11836.0,7190510.09,7190510.09,7211560.09,0.0,0.0,0.0,21050.0,21050.0
12027.0,7208888.68,7211475.3999999985,7211577.3999999985,0.0,0.0,25.359999999988315,2688.719999998808,102.0
12029.0,7209256.31,7211560.09,7211633.09,0.0,0.0,31.558630136989873,2376.7800000002608,73.0
12030.0,7209573.5,7211577.3999999985,7211650.3999999985,0.0,0.0,27.450684931486435,2076.89999999851,73.0
11838.0,7190643.95,7190643.95,7211651.95,0.0,0.0,0.0,21008.0,21008.0
11970.0,7202505.1099999985,7211059.64,7212091.64,0.0,0.0,8.28927325581511,9586.530000001192,1032.0
11372.0,6957778.96,7040396.059632339,7213196.059632339,0.0,0.0,0.47810821546492255,255417.09963233862,172800.0
12040.0,7210572.6,7213196.059632339,7213395.059632339,0.0,0.0,13.183214232859076,2822.459632338956,199.0
11958.0,7201868.79,7213196.059632339,7213463.059632339,0.0,0.0,42.42423083272864,11594.269632338546,267.0
12041.0,7210689.0,7213395.059632339,7213583.059632339,0.0,0.0,14.393934214566933,2894.0596323385835,188.0
11962.0,7202433.33,7213463.059632339,7213636.059632339,0.0,0.0,63.75566261467346,11202.729632338509,173.0
12042.0,7210800.55,7213583.059632339,7213773.059632339,0.0,0.0,14.644787538625105,2972.5096323387697,190.0
12033.0,7209949.8599999985,7211650.3999999985,7213794.3999999985,0.0,0.0,0.7931623134328531,3844.5400000000373,2144.0
12032.0,7209946.95,7211633.09,7214018.09,0.0,0.0,0.7069769392032137,4071.1399999996647,2385.0
11891.0,7196757.8599999985,7197478.81,7215478.81,0.0,0.0,0.04005277777783987,18720.950000001118,18000.0
11751.0,7127795.71,7132587.02,7215517.02,0.0,0.0,0.05777535270709743,87721.30999999959,82930.0
12051.0,7215148.09,7215478.81,7215586.81,0.0,0.0,3.0622222222198077,438.71999999973923,108.0
11976.0,7203056.069999998,7215478.81,7215587.81,0.0,0.0,113.97009174312986,12531.740000001155,109.0
11974.0,7202712.69,7215478.81,7215606.81,0.0,0.0,99.7353124999936,12894.11999999918,128.0
11980.0,7203400.42,7215587.81,7215708.81,0.0,0.0,100.7222314049559,12308.389999999665,121.0
12031.0,7209938.22,7211633.09,7216273.09,0.0,0.0,0.3652737068965758,6334.870000000112,4640.0
11973.0,7202521.6,7215478.81,7216510.81,0.0,0.0,12.555436046511591,13989.209999999963,1032.0
12036.0,7209977.02,7211651.95,7217286.95,0.0,0.0,0.2972369121562792,7309.930000000633,5635.0
12052.0,7215167.49,7217286.95,7217797.95,0.0,0.0,4.14767123287664,2630.4599999999627,511.0
12035.0,7209955.68,7211650.3999999985,7218074.3999999985,0.0,0.0,0.26381070983792154,8118.719999998808,6424.0
12039.0,7210002.24,7213196.059632339,7218327.059632339,0.0,0.0,0.6224555900094251,8324.81963233836,5131.0
12038.0,7209997.39,7213196.059632339,7218635.059632339,0.0,0.0,0.5880988476445889,8637.669632338919,5439.0
11794.0,7177555.74,7177555.74,7219828.74,0.0,0.0,0.0,42273.0,42273.0
11985.0,7203791.33,7219828.74,7219953.74,0.0,0.0,128.2992800000012,16162.410000000149,125.0
11988.0,7204060.99,7219953.74,7220084.74,0.0,0.0,121.31870229007633,16023.75,131.0
11990.0,7204294.76,7220084.74,7220209.74,0.0,0.0,126.31984000000358,15914.980000000447,125.0
11992.0,7204621.6499999985,7220209.74,7220344.74,0.0,0.0,115.46733333334603,15723.090000001714,135.0
11993.0,7204914.59,7220344.74,7220479.74,0.0,0.0,114.29740740741016,15565.150000000373,135.0
11994.0,7205195.89,7220479.74,7220603.74,0.0,0.0,123.25685483871419,15407.850000000559,124.0
11995.0,7205522.78,7220603.74,7220741.74,0.0,0.0,109.28231884057944,15218.959999999963,138.0
11997.0,7205806.99,7220741.74,7220834.74,0.0,0.0,160.58870967741936,15027.75,93.0
11999.0,7206064.04,7220834.74,7220969.74,0.0,0.0,109.41259259259397,14905.700000000186,135.0
11971.0,7202511.8999999985,7212091.64,7221084.64,0.0,0.0,1.065244078728028,18572.740000001155,8993.0
12001.0,7206317.21,7220969.74,7221107.74,0.0,0.0,106.1777536231903,14790.53000000026,138.0
12003.0,7206579.1099999985,7221107.74,7221211.74,0.0,0.0,139.6983653846322,14632.63000000175,104.0
12004.0,7206748.8599999985,7221211.74,7221327.74,0.0,0.0,124.6800000000151,14578.88000000175,116.0
12006.0,7207020.46,7221327.74,7221453.74,0.0,0.0,113.54984126984334,14433.28000000026,126.0
12012.0,7207282.3599999985,7221453.74,7221580.74,0.0,0.0,111.58566929135237,14298.38000000175,127.0
12019.0,7207749.8999999985,7221580.74,7221708.74,0.0,0.0,108.05343750001339,13958.840000001714,128.0
12022.0,7208044.78,7221708.74,7221847.74,0.0,0.0,98.30187050359686,13802.959999999963,139.0
12025.0,7208430.84,7221847.74,7221966.74,0.0,0.0,112.74705882353254,13535.900000000373,119.0
12026.0,7208679.16,7221966.74,7222103.74,0.0,0.0,96.98963503649689,13424.580000000075,137.0
11841.0,7191377.27,7191377.27,7222188.27,0.0,0.0,0.0,30811.0,30811.0
11972.0,7202515.78,7213636.059632339,7222618.059632339,0.0,0.0,1.2380627513180051,20102.279632338323,8982.0
11899.0,7199086.83,7199086.83,7223065.83,0.0,0.0,0.0,23979.0,23979.0
12037.0,7209986.72,7211651.95,7223720.95,0.0,0.0,0.1379758057834491,13734.230000000447,12069.0
12034.0,7209951.8,7211650.3999999985,7223728.3999999985,0.0,0.0,0.1406358668652671,13776.599999998696,12078.0
11866.0,7196294.2,7196294.2,7223826.2,0.0,0.0,0.0,27532.0,27532.0
11904.0,7199248.819999998,7199959.71,7223891.71,0.0,0.0,0.029704579642383728,24642.890000001527,23932.0
12061.0,7224115.74,7224115.74,7224267.74,0.0,0.0,0.0,152.0,152.0
11983.0,7203499.3599999985,7216510.81,7224493.81,0.0,0.0,1.6298947763999896,20994.450000001118,7983.0
12020.0,7207910.92,7223720.95,7224823.95,0.0,0.0,14.333662737987543,16913.03000000026,1103.0
11961.0,7202362.52,7203185.71,7229444.71,0.0,0.0,0.03134887086333866,27082.19000000041,26259.0
11987.0,7204041.59,7204074.97,7231044.97,0.0,0.0,0.0012376714868330828,27003.37999999989,26970.0
12067.0,7231123.99,7231123.99,7231286.99,0.0,0.0,0.0,163.0,163.0
11991.0,7204413.1,7205136.88,7232713.88,0.0,0.0,0.02624578453059654,28300.78000000026,27577.0
11760.0,7132842.62,7154993.96,7233274.96,0.0,0.0,0.2829721132841922,100432.33999999985,78281.0
11759.0,7132618.55,7154993.96,7233502.96,0.0,0.0,0.28500439440064385,100884.41000000015,78509.0
12056.0,7219232.76,7219232.76,7233678.76,0.0,0.0,0.0,14446.0,14446.0
12047.0,7214241.14,7214241.14,7234975.14,0.0,0.0,0.0,20734.0,20734.0
12048.0,7214269.27,7215478.81,7236179.81,0.0,0.0,0.05842906139800189,21910.540000000037,20701.0
12049.0,7214607.8,7215586.81,7236645.81,0.0,0.0,0.0464889121040779,22038.009999999776,21059.0
12050.0,7214642.72,7215708.81,7236757.81,0.0,0.0,0.05064801178202532,22115.08999999985,21049.0
12057.0,7219238.58,7221084.64,7237333.64,0.0,0.0,0.11361068373435844,18095.05999999959,16249.0
12043.0,7210920.83,7213773.059632339,7243326.059632339,0.0,0.0,0.09651235516998305,32405.22963233851,29553.0
12069.0,7231398.5,7231398.5,7245707.5,0.0,0.0,0.0,14309.0,14309.0
12058.0,7222281.47,7222281.47,7246242.47,0.0,0.0,0.0,23961.0,23961.0
12059.0,7222382.35,7222382.35,7246384.35,0.0,0.0,0.0,24002.0,24002.0
12071.0,7231415.96,7232713.88,7247284.88,0.0,0.0,0.089075561045908,15868.919999999925,14571.0
12075.0,7231446.03,7233502.96,7247407.96,0.0,0.0,0.1479273642574399,15961.929999999702,13905.0
12073.0,7231421.78,7233502.96,7248018.96,0.0,0.0,0.1433714521906656,16597.179999999702,14516.0
12084.0,7248038.85,7248038.85,7248184.85,0.0,0.0,0.0,146.0,146.0
12070.0,7231402.38,7232713.88,7248596.88,0.0,0.0,0.08257256185859095,17194.5,15883.0
12060.0,7222962.41,7222962.41,7248857.41,0.0,0.0,0.0,25895.0,25895.0
12072.0,7231418.87,7232713.88,7249116.88,0.0,0.0,0.07894958239345098,17698.009999999776,16403.0
12074.0,7231423.72,7233502.96,7249817.96,0.0,0.0,0.1274434569414786,18394.240000000224,16315.0
12076.0,7231448.939999999,7233502.96,7249827.96,0.0,0.0,0.12582052067389987,18379.020000001416,16325.0
12062.0,7224221.47,7224221.47,7253724.47,0.0,0.0,0.0,29503.0,29503.0
12063.0,7227792.04,7227792.04,7254049.04,0.0,0.0,0.0,26257.0,26257.0
12077.0,7234275.52,7234975.14,7255585.14,0.0,0.0,0.03394565744784628,21309.62000000011,20610.0
12066.0,7230130.71,7230130.71,7256616.71,0.0,0.0,0.0,26486.0,26486.0
12078.0,7234276.49,7236179.81,7256757.81,0.0,0.0,0.09249295363977873,22481.319999999367,20578.0
12068.0,7231283.069999998,7231286.99,7257234.99,0.0,0.0,0.0001510713735851757,25951.920000001788,25948.0
12079.0,7234967.13,7236645.81,7257795.81,0.0,0.0,0.07937021276594336,22828.679999999702,21150.0
12080.0,7234994.29,7236757.81,7257990.81,0.0,0.0,0.08305562096734107,22996.519999999553,21233.0
12095.0,7265623.01,7265623.01,7265806.01,0.0,0.0,0.0,183.0,183.0
12096.0,7266180.76,7266180.76,7266346.76,0.0,0.0,0.0,166.0,166.0
12098.0,7266459.1499999985,7266459.1499999985,7266532.1499999985,0.0,0.0,0.0,73.0,73.0
12100.0,7266723.96,7266723.96,7266823.96,0.0,0.0,0.0,100.0,100.0
12099.0,7266712.319999998,7266712.319999998,7266834.319999998,0.0,0.0,0.0,122.0,122.0
12101.0,7266837.45,7266837.45,7266940.45,0.0,0.0,0.0,103.0,103.0
12104.0,7267224.479999999,7267224.479999999,7267327.479999999,0.0,0.0,0.0,103.0,103.0
12105.0,7267237.09,7267237.09,7267433.09,0.0,0.0,0.0,196.0,196.0
12103.0,7267207.99,7267207.99,7267555.99,0.0,0.0,0.0,348.0,348.0
12106.0,7267553.31,7267553.31,7267648.31,0.0,0.0,0.0,95.0,95.0
12108.0,7267636.729999999,7267636.729999999,7267976.729999999,0.0,0.0,0.0,340.0,340.0
12109.0,7267919.97,7267919.97,7267999.97,0.0,0.0,0.0,80.0,80.0
12110.0,7268011.1499999985,7268011.1499999985,7268124.1499999985,0.0,0.0,0.0,113.0,113.0
12107.0,7267595.99,7267595.99,7268184.99,0.0,0.0,0.0,589.0,589.0
12114.0,7268146.95,7268146.95,7268234.95,0.0,0.0,0.0,88.0,88.0
12115.0,7268154.71,7268154.71,7268315.71,0.0,0.0,0.0,161.0,161.0
12117.0,7268269.17,7268315.71,7268472.71,0.0,0.0,0.29643312101934555,203.54000000003725,157.0
12118.0,7268379.75,7268472.71,7268621.71,0.0,0.0,0.6238926174494144,241.95999999996275,149.0
12113.0,7268141.13,7268141.13,7268674.13,0.0,0.0,0.0,533.0,533.0
12112.0,7268105.24,7268105.24,7269007.24,0.0,0.0,0.0,902.0,902.0
12081.0,7239546.5,7239546.5,7269088.5,0.0,0.0,0.0,29542.0,29542.0
12120.0,7268555.319999998,7269088.5,7269195.5,0.0,0.0,4.98299065422023,640.1800000015646,107.0
12122.0,7268800.729999999,7269195.5,7269418.5,0.0,0.0,1.7702690583023122,617.7700000014156,223.0
12123.0,7268828.8599999985,7268828.8599999985,7269490.8599999985,0.0,0.0,0.0,662.0,662.0
12082.0,7245466.41,7245466.41,7269716.41,0.0,0.0,0.0,24250.0,24250.0
12121.0,7268787.1499999985,7268787.1499999985,7269921.1499999985,0.0,0.0,0.0,1134.0,1134.0
12129.0,7269385.64,7269385.64,7269948.64,0.0,0.0,0.0,563.0,563.0
12130.0,7269566.06,7269566.06,7270098.06,0.0,0.0,0.0,532.0,532.0
12127.0,7269294.46,7269294.46,7270244.46,0.0,0.0,0.0,950.0,950.0
12083.0,7245602.21,7246242.47,7270509.47,0.0,0.0,0.026383978242047905,24907.259999999776,24267.0
12111.0,7268065.47,7270509.47,7270620.47,0.0,0.0,22.01801801801802,2555.0,111.0
12085.0,7248180.47,7248180.47,7274609.47,0.0,0.0,0.0,26429.0,26429.0
12126.0,7269246.93,7274609.47,7274751.47,0.0,0.0,37.764366197183364,5504.540000000037,142.0
12089.0,7254276.92,7254276.92,7274819.92,0.0,0.0,0.0,20543.0,20543.0
12088.0,7254261.3999999985,7254261.3999999985,7274827.3999999985,0.0,0.0,0.0,20566.0,20566.0
12128.0,7269362.3599999985,7274751.47,7274956.47,0.0,0.0,26.288341463420814,5594.110000001267,205.0
12090.0,7255468.08,7255468.08,7276474.08,0.0,0.0,0.0,21006.0,21006.0
12091.0,7255583.51,7255583.51,7276600.51,0.0,0.0,0.0,21017.0,21017.0
12143.0,7276306.59,7276600.51,7276647.51,0.0,0.0,6.25361702127501,340.9199999999255,47.0
12144.0,7276651.91,7276651.91,7276699.91,0.0,0.0,0.0,48.0,48.0
12139.0,7275474.33,7276600.51,7276726.51,0.0,0.0,8.937936507934143,1252.179999999702,126.0
12142.0,7275972.91,7276600.51,7276847.51,0.0,0.0,2.5408906882576012,874.5999999996275,247.0
12145.0,7276695.56,7276699.91,7276943.91,0.0,0.0,0.017827868854749154,248.3500000005588,244.0
12087.0,7253221.56,7253221.56,7279551.56,0.0,0.0,0.0,26330.0,26330.0
12131.0,7269805.6499999985,7274819.92,7280227.92,0.0,0.0,0.9271948964499659,10422.270000001416,5408.0
12152.0,7279078.85,7280227.92,7280495.92,0.0,0.0,4.287574626866784,1417.070000000298,268.0
12156.0,7279710.319999998,7280227.92,7280502.92,0.0,0.0,1.8821818181872367,792.6000000014901,275.0
12157.0,7280594.96,7280594.96,7280637.96,0.0,0.0,0.0,43.0,43.0
12158.0,7280621.1499999985,7280621.1499999985,7280735.1499999985,0.0,0.0,0.0,114.0,114.0
12147.0,7277710.18,7280227.92,7280795.92,0.0,0.0,4.432640845070816,3085.7400000002235,568.0
12160.0,7280829.7,7280829.7,7280889.7,0.0,0.0,0.0,60.0,60.0
12161.0,7280831.64,7280831.64,7280922.64,0.0,0.0,0.0,91.0,91.0
12162.0,7280971.319999998,7280971.319999998,7281069.319999998,0.0,0.0,0.0,98.0,98.0
12146.0,7277689.81,7280227.92,7281175.92,0.0,0.0,2.6773312236290456,3486.1100000003353,948.0
12086.0,7252798.64,7252798.64,7281976.64,0.0,0.0,0.0,29178.0,29178.0
12159.0,7280769.56,7281976.64,7282090.64,0.0,0.0,10.588421052632233,1321.0800000000745,114.0
12093.0,7256452.63,7256616.71,7282375.71,0.0,0.0,0.006369812492723883,25923.080000000075,25759.0
12168.0,7282044.14,7282375.71,7282442.71,0.0,0.0,4.9488059701537015,398.570000000298,67.0
12164.0,7281189.569999998,7282375.71,7282469.71,0.0,0.0,12.61851063831412,1280.1400000015274,94.0
12169.0,7282152.78,7282375.71,7282469.71,0.0,0.0,2.3715957446776805,316.929999999702,94.0
12092.0,7255814.37,7255814.37,7282524.37,0.0,0.0,0.0,26710.0,26710.0
12102.0,7266878.189999999,7266878.189999999,7284636.189999999,0.0,0.0,0.0,17758.0,17758.0
12166.0,7281602.79,7282524.37,7284695.37,0.0,0.0,0.42449562413637704,3092.5800000000745,2171.0
12171.0,7283203.29,7284636.189999999,7284703.189999999,0.0,0.0,21.386567164156865,1499.8999999985099,67.0
12172.0,7283655.31,7284636.189999999,7284715.189999999,0.0,0.0,12.416202531632367,1059.879999998957,79.0
12170.0,7282758.06,7284636.189999999,7284730.189999999,0.0,0.0,19.980106382967627,1972.129999998957,94.0
12173.0,7286299.53,7286299.53,7286389.53,0.0,0.0,0.0,90.0,90.0
12174.0,7286744.76,7286744.76,7286833.76,0.0,0.0,0.0,89.0,89.0
12175.0,7286966.89,7286966.89,7287070.89,0.0,0.0,0.0,104.0,104.0
12176.0,7287030.91,7287030.91,7287564.91,0.0,0.0,0.0,534.0,534.0
12184.0,7289666.3999999985,7289666.3999999985,7289736.3999999985,0.0,0.0,0.0,70.0,70.0
12124.0,7268981.1499999985,7269418.5,7293503.5,0.0,0.0,0.018158604940896415,24522.35000000149,24085.0
12181.0,7287490.689999999,7293503.5,7293592.5,0.0,0.0,67.55966292136463,6101.810000001453,89.0
12183.0,7288001.88,7293503.5,7293747.5,0.0,0.0,22.54762295082013,5745.620000000112,244.0
12125.0,7269171.27,7269716.41,7293791.41,0.0,0.0,0.022643406022870034,24620.140000000596,24075.0
12054.0,7215592.35,7218327.059632339,7293997.059632339,0.0,0.0,0.03613994492320544,78404.70963233896,75670.0
12188.0,7293792.78,7293997.059632339,7294080.059632339,0.0,0.0,2.461200389618346,287.2796323383227,83.0
12189.0,7294085.72,7294085.72,7294174.72,0.0,0.0,0.0,89.0,89.0
12007.0,7207071.87,7208758.680419992,7295158.680419992,0.0,0.0,0.01952326874990292,88086.81041999161,86400.0
12137.0,7274166.77,7274956.47,7295755.47,0.0,0.0,0.03796817154671793,21588.700000000186,20799.0
12138.0,7274167.74,7276474.08,7297233.08,0.0,0.0,0.11110072739533942,23065.33999999985,20759.0
12140.0,7275774.06,7276943.91,7297832.91,0.0,0.0,0.05600315955768868,22058.85000000056,20889.0
12191.0,7295038.26,7297832.91,7297906.91,0.0,0.0,37.76554054054557,2868.6500000003725,74.0
12119.0,7268487.42,7268621.71,7297929.71,0.0,0.0,0.004582025385561528,29442.290000000037,29308.0
12149.0,7278000.21,7295158.680419992,7297942.680419992,0.0,0.0,6.163243685341868,19942.47041999176,2784.0
12192.0,7295043.1099999985,7297906.91,7298009.91,0.0,0.0,27.803883495161905,2966.8000000016764,103.0
12141.0,7275934.1099999985,7279551.56,7300502.56,0.0,0.0,0.17266240274932546,24568.450000001118,20951.0
12136.0,7273813.689999999,7274827.3999999985,7300883.3999999985,0.0,0.0,0.038905050660115244,27069.709999999963,26056.0
12151.0,7278718.01,7281175.92,7307984.92,0.0,0.0,0.09168227087918793,29266.91000000015,26809.0
12195.0,7295278.819999998,7298009.91,7308307.91,0.0,0.0,0.2652058652167133,13029.090000001714,10298.0
12199.0,7299087.04,7308307.91,7308482.91,0.0,0.0,52.69068571428635,9395.870000000112,175.0
12200.0,7299189.8599999985,7308482.91,7308670.91,0.0,0.0,49.431117021285516,9481.050000001676,188.0
12201.0,7299295.59,7308670.91,7308858.91,0.0,0.0,49.868723404256905,9563.320000000298,188.0
12194.0,7295249.72,7297942.680419992,7309273.680419992,0.0,0.0,0.2376630853403923,14023.960419991985,11331.0
12165.0,7281397.1499999985,7282469.71,7310728.71,0.0,0.0,0.037954633921987786,29331.560000001453,28259.0
12167.0,7281690.09,7284695.37,7311773.37,0.0,0.0,0.11098604032795113,30083.28000000026,27078.0
12044.0,7212871.5,7224823.95,7311823.95,0.0,0.0,0.13738448275862283,98952.45000000019,87000.0
12163.0,7281101.3,7282090.64,7311885.64,0.0,0.0,0.033204900151027054,30784.33999999985,29795.0
12134.0,7272509.04,7311885.64,7311989.64,0.0,0.0,378.62115384615026,39480.59999999963,104.0
12135.0,7272754.45,7311989.64,7312115.64,0.0,0.0,311.3903968253927,39361.18999999948,126.0
12205.0,7313541.979999999,7313541.979999999,7313729.979999999,0.0,0.0,0.0,188.0,188.0
12206.0,7313653.53,7313653.53,7313841.53,0.0,0.0,0.0,188.0,188.0
12064.0,7228763.979999999,7228763.979999999,7313921.979999999,0.0,0.0,0.0,85158.0,85158.0
12207.0,7313764.1099999985,7313764.1099999985,7313952.1099999985,0.0,0.0,0.0,188.0,188.0
12185.0,7292310.62,7293747.5,7317787.5,0.0,0.0,0.05977038269550284,25476.87999999989,24040.0
12186.0,7292482.31,7293791.41,7317846.41,0.0,0.0,0.05442111827065304,25364.10000000056,24055.0
12190.0,7294343.74,7297233.08,7318163.08,0.0,0.0,0.13804777830864076,23819.33999999985,20930.0
12065.0,7228799.87,7233274.96,7318455.96,0.0,0.0,0.05253624634601438,89656.08999999985,85181.0
12193.0,7295148.84,7297929.71,7318588.71,0.0,0.0,0.13460816109202342,23439.87000000011,20659.0
12216.0,7315541.1499999985,7318455.96,7318634.96,0.0,0.0,16.283854748611468,3093.810000001453,179.0
12221.0,7315576.069999998,7318634.96,7318922.96,0.0,0.0,10.621145833338637,3346.8900000015274,288.0
12213.0,7315534.3599999985,7318163.08,7318980.08,0.0,0.0,3.2175275397816425,3445.720000001602,817.0
12218.0,7315569.28,7318455.96,7319162.96,0.0,0.0,4.082998585572422,3593.679999999702,707.0
12217.0,7315543.09,7318455.96,7319198.96,0.0,0.0,3.920417227456409,3655.8700000001118,743.0
12222.0,7315578.01,7318922.96,7319198.96,0.0,0.0,12.11938405797169,3620.9500000001863,276.0
12214.0,7315536.3,7318455.96,7319241.96,0.0,0.0,3.7145801526719455,3705.660000000149,786.0
12196.0,7296065.49,7300502.56,7321672.56,0.0,0.0,0.20959234766175563,25607.069999999367,21170.0
12197.0,7296217.78,7300883.3999999985,7322104.3999999985,0.0,0.0,0.2198586306016799,25886.61999999825,21221.0
11752.0,7127840.33,7154993.96,7327793.96,0.0,0.0,0.15713906249999934,199953.6299999999,172800.0
12202.0,7299407.14,7308858.91,7334806.91,0.0,0.0,0.36425813164792986,35399.770000000484,25948.0
12209.0,7314599.28,7314599.28,7335245.28,0.0,0.0,0.0,20646.0,20646.0
12203.0,7304683.939999999,7309273.680419992,7335967.680419992,0.0,0.0,0.1719390282457922,31283.740419993177,26694.0
12198.0,7296873.5,7307984.92,7337555.92,0.0,0.0,0.3757539481248495,40682.419999999925,29571.0
12210.0,7315145.39,7317787.5,7338395.5,0.0,0.0,0.1282079774844883,23250.110000000335,20608.0
12208.0,7313876.63,7313876.63,7339963.63,0.0,0.0,0.0,26087.0,26087.0
12224.0,7316559.6499999985,7319241.96,7340290.96,0.0,0.0,0.12743170696952125,23731.310000001453,21049.0
12234.0,7339147.069999998,7340290.96,7340441.96,0.0,0.0,7.575430463586274,1294.8900000015274,151.0
12204.0,7309921.939999999,7310728.71,7340480.71,0.0,0.0,0.027116496370039513,30558.770000001416,29752.0
12235.0,7339251.83,7340441.96,7340592.96,0.0,0.0,7.881655629138333,1341.1299999998882,151.0
12236.0,7339357.56,7340480.71,7340629.71,0.0,0.0,7.537919463089748,1272.1500000003725,149.0
12219.0,7315569.28,7318588.71,7341845.71,0.0,0.0,0.12982886872768207,26276.429999999702,23257.0
12223.0,7315775.89,7319198.96,7342471.96,0.0,0.0,0.1470833154299101,26696.070000000298,23273.0
12225.0,7316762.38,7321672.56,7342730.56,0.0,0.0,0.2331740906068811,25968.179999999702,21058.0
12211.0,7315217.17,7317846.41,7344593.41,0.0,0.0,0.09830037013497676,29376.240000000224,26747.0
12242.0,7349998.46,7349998.46,7350166.46,0.0,0.0,0.0,168.0,168.0
12244.0,7350121.6499999985,7350166.46,7350316.46,0.0,0.0,0.2987333333430191,194.81000000145286,150.0
12226.0,7324541.78,7324541.78,7350833.78,0.0,0.0,0.0,26292.0,26292.0
12252.0,7352742.59,7352742.59,7352813.59,0.0,0.0,0.0,71.0,71.0
12253.0,7352811.46,7352811.46,7352926.46,0.0,0.0,0.0,115.0,115.0
12227.0,7325488.5,7327793.96,7357274.96,0.0,0.0,0.07820155354295862,31786.459999999963,29481.0
12229.0,7336935.47,7336935.47,7358004.47,0.0,0.0,0.0,21069.0,21069.0
12257.0,7353629.17,7357274.96,7358093.96,0.0,0.0,4.451514041514087,4464.790000000037,819.0
12230.0,7337127.53,7337127.53,7358134.53,0.0,0.0,0.0,21007.0,21007.0
12177.0,7287036.729999999,7287070.89,7359070.89,0.0,0.0,0.0004744444444594491,72034.16000000108,72000.0
12178.0,7287039.64,7287564.91,7359564.91,0.0,0.0,0.007295416666673393,72525.27000000048,72000.0
12231.0,7338097.53,7338097.53,7361419.53,0.0,0.0,0.0,23322.0,23322.0
12228.0,7330506.31,7334806.91,7361421.91,0.0,0.0,0.1615855720458598,30915.60000000056,26615.0
12232.0,7338307.05,7338395.5,7361632.5,0.0,0.0,0.003806429401393737,23325.450000000186,23237.0
12263.0,7361961.47,7361961.47,7362116.47,0.0,0.0,0.0,155.0,155.0
12237.0,7339460.38,7340592.96,7366636.96,0.0,0.0,0.043487175549073664,27176.580000000075,26044.0
12265.0,7365724.1,7366636.96,7366844.96,0.0,0.0,4.388750000001612,1120.8600000003353,208.0
12266.0,7365727.979999999,7366844.96,7367041.96,0.0,0.0,5.669949238585677,1313.9800000013784,197.0
12267.0,7365732.83,7367041.96,7367238.96,0.0,0.0,6.645329949238011,1506.1299999998882,197.0
12094.0,7264007.96,7264007.96,7367595.96,0.0,0.0,0.0,103588.0,103588.0
12238.0,7341120.05,7341120.05,7367777.05,0.0,0.0,0.0,26657.0,26657.0
12233.0,7338748.3999999985,7339963.63,7369270.63,0.0,0.0,0.04146552018293849,30522.23000000138,29307.0
12283.0,7367136.42,7369270.63,7369421.63,0.0,0.0,14.133841059602402,2285.2099999999627,151.0
12153.0,7279332.02,7313921.979999999,7370319.979999999,0.0,0.0,0.6133189120181395,90987.95999999903,56398.0
12246.0,7350445.63,7370319.979999999,7370392.979999999,0.0,0.0,272.25136986299583,19947.349999998696,73.0
12268.0,7366598.069999998,7367238.96,7371590.96,0.0,0.0,0.1472633272062333,4992.890000001527,4352.0
12269.0,7366602.92,7367595.96,7371969.96,0.0,0.0,0.22703246456333728,5367.040000000037,4374.0
12307.0,7373153.33,7373153.33,7373313.33,0.0,0.0,0.0,160.0,160.0
12308.0,7374964.319999998,7374964.319999998,7375012.319999998,0.0,0.0,0.0,48.0,48.0
12309.0,7375088.479999999,7375088.479999999,7375136.479999999,0.0,0.0,0.0,48.0,48.0
12270.0,7366605.83,7371590.96,7375986.96,0.0,0.0,1.1340150136487461,9381.129999999888,4396.0
12271.0,7366648.51,7371969.96,7376334.96,0.0,0.0,1.2191179839633874,9686.450000000186,4365.0
12245.0,7350230.29,7350316.46,7376378.46,0.0,0.0,0.0033063464047243304,26148.169999999925,26062.0
11963.0,7202452.73,7209388.24,7376450.24,0.0,0.0,0.04151458739868897,173997.50999999978,167062.0
12305.0,7372927.319999998,7376378.46,7376473.46,0.0,0.0,36.327789473700285,3546.1400000015274,95.0
12304.0,7372645.05,7376378.46,7376482.46,0.0,0.0,35.89817307692451,3837.410000000149,104.0
12306.0,7372990.37,7376473.46,7376577.46,0.0,0.0,33.491249999998566,3587.089999999851,104.0
11965.0,7202460.49,7209863.96,7376914.96,0.0,0.0,0.044318621259374316,174454.46999999974,167051.0
11956.0,7201734.93,7209335.14,7377135.14,0.0,0.0,0.045293265792610025,175400.20999999996,167800.0
11968.0,7202476.01,7210488.97,7377528.97,0.0,0.0,0.047970306513409736,175052.95999999996,167040.0
11969.0,7202484.74,7210975.24,7378004.24,0.0,0.0,0.050832490166378294,175519.5,167029.0
12272.0,7366652.39,7375986.96,7380362.96,0.0,0.0,2.1331284277880025,13710.570000000298,4376.0
12273.0,7366664.03,7376334.96,7380710.96,0.0,0.0,2.2099931444240637,14046.929999999702,4376.0
12274.0,7366666.939999999,7376450.24,7380837.24,0.0,0.0,2.230066104399744,14170.300000001676,4387.0
12275.0,7366672.76,7376914.96,7381202.96,0.0,0.0,2.3885727611940735,14530.200000000186,4288.0
12276.0,7366676.64,7377135.14,7381522.14,0.0,0.0,2.383975381809893,14845.5,4387.0
12287.0,7370732.21,7381202.96,7381554.96,0.0,0.0,29.746448863636363,10822.75,352.0
11979.0,7203393.63,7215517.02,7381602.02,0.0,0.0,0.0729950928741287,178208.38999999966,166085.0
11981.0,7203427.58,7215606.81,7381654.81,0.0,0.0,0.07334764646367024,178227.22999999952,166048.0
11982.0,7203451.83,7215708.81,7381742.81,0.0,0.0,0.07382210872471612,178290.97999999952,166034.0
12288.0,7370745.79,7381522.14,7381851.14,0.0,0.0,32.75486322188337,11105.349999999627,329.0
12289.0,7370765.189999999,7381554.96,7381872.96,0.0,0.0,33.9300943396271,11107.770000001416,318.0
12290.0,7370771.979999999,7381602.02,7381909.02,0.0,0.0,35.27700325733215,11137.040000000969,307.0
12277.0,7366680.52,7377528.97,7381915.97,0.0,0.0,2.4728630043310202,15235.450000000186,4387.0
12278.0,7366841.54,7378004.24,7382060.24,0.0,0.0,2.752144970414247,15218.700000000186,4056.0
12279.0,7366867.729999999,7380362.96,7384390.96,0.0,0.0,3.350355014896072,17523.23000000138,4028.0
12260.0,7360648.09,7360648.09,7384563.09,0.0,0.0,0.0,23915.0,23915.0
12280.0,7366875.49,7380710.96,7384760.96,0.0,0.0,3.416165432098701,17885.46999999974,4050.0
12259.0,7356286.97,7358134.53,7384848.53,0.0,0.0,0.06916073968707499,28561.56000000052,26714.0
12281.0,7366879.37,7380837.24,7384887.24,0.0,0.0,3.4463876543210152,18007.87000000011,4050.0
12261.0,7360808.14,7361419.53,7385345.53,0.0,0.0,0.025553372899799216,24537.390000000596,23926.0
12313.0,7382955.18,7385345.53,7385502.53,0.0,0.0,15.225159235672349,2547.350000000559,157.0
12314.0,7383061.88,7385502.53,7385652.53,0.0,0.0,16.271000000002484,2590.6500000003725,150.0
12258.0,7354005.53,7358004.47,7387883.47,0.0,0.0,0.13383781251044138,33877.93999999948,29879.0
12254.0,7353435.17,7353435.17,7389435.17,0.0,0.0,0.0,36000.0,36000.0
12255.0,7353439.05,7353439.05,7389439.05,0.0,0.0,0.0,36000.0,36000.0
12212.0,7315528.54,7318163.08,7390163.08,0.0,0.0,0.03659083333333385,74634.54000000004,72000.0
12264.0,7364682.319999998,7364682.319999998,7390425.319999998,0.0,0.0,0.0,25743.0,25743.0
12215.0,7315539.21,7318455.96,7390455.96,0.0,0.0,0.04051041666666667,74916.75,72000.0
12220.0,7315573.16,7318455.96,7390455.96,0.0,0.0,0.0400388888888863,74882.79999999981,72000.0
12318.0,7389579.31,7390425.319999998,7390613.319999998,0.0,0.0,4.500053191483219,1034.0099999988452,188.0
12256.0,7353442.93,7357274.96,7393274.96,0.0,0.0,0.10644527777778502,39832.03000000026,36000.0
12282.0,7366936.6,7367777.05,7394640.05,0.0,0.0,0.031286527938063,27703.450000000186,26863.0
12155.0,7279415.439999999,7342730.56,7396686.56,0.0,0.0,1.1734583734895292,117271.12000000104,53956.0
12321.0,7395967.729999999,7396686.56,7396843.56,0.0,0.0,4.578535031853541,875.8300000010058,157.0
12045.0,7212920.0,7311823.95,7397078.95,0.0,0.0,1.1600955955662446,184158.9500000002,85255.0
12154.0,7279382.46,7327793.96,7398537.96,0.0,0.0,0.6843195182630329,119155.5,70744.0
12284.0,7367242.1499999985,7369421.63,7399129.63,0.0,0.0,0.07336340379700344,31887.48000000138,29708.0
12310.0,7375439.62,7376577.46,7402809.46,0.0,0.0,0.043376029277212985,27369.83999999985,26232.0
12312.0,7382120.01,7384848.53,7411316.53,0.0,0.0,0.1030875018890919,29196.520000000484,26468.0
12316.0,7383801.02,7387883.47,7412013.47,0.0,0.0,0.16918566100290866,28212.450000000186,24130.0
12327.0,7411347.08,7412013.47,7412164.47,0.0,0.0,4.413178807944799,817.3899999996647,151.0
12317.0,7383974.6499999985,7389435.17,7413547.17,0.0,0.0,0.22646483078970703,29572.520000001416,24112.0
12315.0,7383172.46,7385652.53,7414743.53,0.0,0.0,0.08525213983707325,31571.070000000298,29091.0
12319.0,7389720.93,7390455.96,7416809.96,0.0,0.0,0.027890642786683646,27089.03000000026,26354.0
12320.0,7392952.0,7392952.0,7420031.0,0.0,0.0,0.0,27079.0,27079.0
12322.0,7396084.13,7396843.56,7426660.56,0.0,0.0,0.02546969849413764,30576.429999999702,29817.0
12323.0,7400838.1,7400838.1,7427170.1,0.0,0.0,0.0,26332.0,26332.0
12311.0,7377128.39,7384563.09,7427848.09,0.0,0.0,0.1717615802241004,50719.700000000186,43285.0
12324.0,7407140.189999999,7407140.189999999,7431229.189999999,0.0,0.0,0.0,24089.0,24089.0
12325.0,7407324.49,7407324.49,7431411.49,0.0,0.0,0.0,24087.0,24087.0
12247.0,7350615.38,7370392.979999999,7434098.979999999,0.0,0.0,0.3104511349009308,83483.5999999987,63706.0
12248.0,7350873.3999999985,7434098.979999999,7434162.979999999,0.0,0.0,1300.3996875000012,83289.58000000007,64.0
11790.0,7176834.06,7176834.06,7434936.06,0.0,0.0,0.0,258102.0,258102.0
11811.0,7183242.85,7183242.85,7435842.85,0.0,0.0,0.0,252600.0,252600.0
12097.0,7266386.3999999985,7435842.85,7436000.85,0.0,0.0,1072.509177215197,169614.45000000112,158.0
12239.0,7349743.35,7436000.85,7436103.85,0.0,0.0,837.4514563106796,86360.5,103.0
11819.0,7183869.47,7183869.47,7436469.47,0.0,0.0,0.0,252600.0,252600.0
12326.0,7407721.22,7411316.53,7438273.53,0.0,0.0,0.13337203694775093,30552.31000000052,26957.0
12337.0,7440482.0,7440482.0,7440663.0,0.0,0.0,0.0,181.0,181.0
12338.0,7440579.0,7440579.0,7440751.0,0.0,0.0,0.0,172.0,172.0
12339.0,7440590.64,7440663.0,7440844.0,0.0,0.0,0.39977900552671425,253.36000000033528,181.0
12329.0,7415216.41,7415216.41,7441308.41,0.0,0.0,0.0,26092.0,26092.0
12328.0,7411454.75,7412164.47,7442242.47,0.0,0.0,0.023595983775508318,30787.71999999974,30078.0
12116.0,7268190.6,7270620.47,7443420.47,0.0,0.0,0.014061747685185831,175229.8700000001,172800.0
12330.0,7419173.04,7419173.04,7446037.04,0.0,0.0,0.0,26864.0,26864.0
12332.0,7426344.25,7426344.25,7452364.25,0.0,0.0,0.0,26020.0,26020.0
12349.0,7451543.88,7452364.25,7452517.25,0.0,0.0,5.361895424837332,973.3700000001118,153.0
12359.0,7451651.55,7452517.25,7452692.25,0.0,0.0,4.9468571428582075,1040.7000000001863,175.0
12331.0,7424969.76,7424969.76,7454618.76,0.0,0.0,0.0,29649.0,29649.0
12334.0,7430462.87,7430462.87,7454684.87,0.0,0.0,0.0,24222.0,24222.0
12370.0,7453688.55,7454618.76,7454764.76,0.0,0.0,6.371301369862759,1076.2099999999627,146.0
12335.0,7430611.28,7430611.28,7454875.28,0.0,0.0,0.0,24264.0,24264.0
11842.0,7191871.97,7195810.46,7455010.46,0.0,0.0,0.01519479166666753,263138.4900000002,259200.0
11845.0,7192380.25,7455010.46,7455105.46,0.0,0.0,2764.528526315789,262725.20999999996,95.0
11847.0,7192580.069999998,7455105.46,7455216.46,0.0,0.0,2365.0936036036173,262636.3900000015,111.0
12336.0,7433825.8599999985,7433825.8599999985,7460701.8599999985,0.0,0.0,0.0,26876.0,26876.0
12291.0,7370780.71,7381654.81,7461492.81,0.0,0.0,0.1362020591698142,90712.09999999963,79838.0
12343.0,7448202.229999999,7461492.81,7463416.81,0.0,0.0,6.907785862786386,15214.580000001006,1924.0
12292.0,7370793.319999998,7381742.81,7463452.81,0.0,0.0,0.13400428344145338,92659.49000000115,81710.0
12344.0,7449668.87,7463416.81,7463467.81,0.0,0.0,269.5674509803819,13798.939999999478,51.0
12294.0,7370848.6099999985,7381872.96,7463527.96,0.0,0.0,0.1350113281489375,92679.35000000149,81655.0
12296.0,7370871.89,7381915.97,7463537.97,0.0,0.0,0.1353076376467138,92666.08000000007,81622.0
12293.0,7370801.08,7381851.14,7463550.14,0.0,0.0,0.13525330787402037,92749.05999999959,81699.0
12295.0,7370859.28,7381909.02,7463553.02,0.0,0.0,0.13534050267012018,92693.73999999929,81644.0
12297.0,7370883.53,7382060.24,7463671.24,0.0,0.0,0.13695102375905163,92787.70999999996,81611.0
12350.0,7451579.77,7463550.14,7463705.14,0.0,0.0,77.22819354838782,12125.370000000112,155.0
12351.0,7451583.6499999985,7463553.02,7463708.02,0.0,0.0,77.2217419354906,12124.370000001043,155.0
12352.0,7451588.5,7463671.24,7463815.24,0.0,0.0,83.90791666666821,12226.740000000224,144.0
12354.0,7451597.229999999,7463708.02,7463841.02,0.0,0.0,91.05857142857872,12243.790000000969,133.0
12353.0,7451592.38,7463705.14,7463849.14,0.0,0.0,84.11638888888734,12256.759999999776,144.0
12355.0,7451601.1099999985,7463815.24,7463948.24,0.0,0.0,91.8355639097876,12347.13000000175,133.0
12357.0,7451618.569999998,7463849.14,7463960.14,0.0,0.0,110.18531531532639,12341.57000000123,111.0
12356.0,7451610.81,7463841.02,7463963.02,0.0,0.0,100.24762295081936,12352.209999999963,122.0
12358.0,7451623.42,7463948.24,7464059.24,0.0,0.0,111.0344144144171,12435.820000000298,111.0
12298.0,7370896.14,7384390.96,7465990.96,0.0,0.0,0.16537769607843503,95094.8200000003,81600.0
12300.0,7371062.01,7384887.24,7466323.24,0.0,0.0,0.16976803870524643,95261.23000000045,81436.0
12299.0,7370903.8999999985,7384760.96,7466349.96,0.0,0.0,0.16983980683672373,95446.06000000145,81589.0
12341.0,7440705.1,7440844.0,7467203.0,0.0,0.0,0.005269547403178138,26497.900000000373,26359.0
12187.0,7293457.16,7295755.47,7468555.47,0.0,0.0,0.013300405092590221,175098.3099999996,172800.0
12379.0,7468726.46,7468726.46,7469101.46,0.0,0.0,0.0,375.0,375.0
12380.0,7469243.47,7469243.47,7469557.47,0.0,0.0,0.0,314.0,314.0
12340.0,7440679.88,7440751.0,7470666.0,0.0,0.0,0.00237740264081938,29986.12000000011,29915.0
12383.0,7471735.3999999985,7471735.3999999985,7472048.3999999985,0.0,0.0,0.0,313.0,313.0
12342.0,7445155.46,7446037.04,7473090.04,0.0,0.0,0.032587143754854345,27934.580000000075,27053.0
12301.0,7371065.89,7394640.05,7476065.05,0.0,0.0,0.2895199263125594,104999.16000000015,81425.0
12053.0,7215216.96,7217797.95,7476997.95,0.0,0.0,0.00995752314814901,261780.99000000022,259200.0
12384.0,7476678.52,7476997.95,7477285.95,0.0,0.0,1.1091319444466434,607.4300000006333,288.0
12302.0,7371068.8,7396686.56,7478111.56,0.0,0.0,0.31461786920478696,107042.75999999978,81425.0
12372.0,7453919.41,7454764.76,7478968.76,0.0,0.0,0.03492604528175622,25049.349999999627,24204.0
12373.0,7454067.819999998,7454875.28,7479170.28,0.0,0.0,0.0332356451945596,25102.460000001825,24295.0
12386.0,7477340.06,7478968.76,7479201.76,0.0,0.0,6.990128755365606,1861.7000000001863,233.0
12363.0,7451756.31,7452692.25,7479343.25,0.0,0.0,0.03511838204946943,27586.94000000041,26651.0
12389.0,7478751.41,7479343.25,7479545.25,0.0,0.0,2.929900990098272,793.839999999851,202.0
12303.0,7371079.47,7398537.96,7479951.96,0.0,0.0,0.3372698798732432,108872.49000000022,81414.0
12055.0,7215642.79,7221084.64,7480284.64,0.0,0.0,0.02099479166666523,264641.8499999996,259200.0
12387.0,7477536.0,7479170.28,7480465.28,0.0,0.0,1.2619922779924793,2929.2800000002608,1295.0
12046.0,7212945.22,7397078.95,7482311.95,0.0,0.0,2.1603572559924027,269366.73000000045,85233.0
12371.0,7453788.46,7454684.87,7484330.87,0.0,0.0,0.030237131484859646,30542.41000000015,29646.0
12374.0,7459827.68,7460701.8599999985,7487443.8599999985,0.0,0.0,0.03268940243806636,27616.17999999877,26742.0
12376.0,7466236.47,7467203.0,7493211.0,0.0,0.0,0.03716279606275995,26974.53000000026,26008.0
12382.0,7471366.8,7471366.8,7498087.8,0.0,0.0,0.0,26721.0,26721.0
12381.0,7469616.92,7469616.92,7499300.92,0.0,0.0,0.0,29684.0,29684.0
12396.0,7498379.3599999985,7499300.92,7499451.92,0.0,0.0,6.103046357625516,1072.5600000014529,151.0
12385.0,7477326.479999999,7477326.479999999,7501551.479999999,0.0,0.0,0.0,24225.0,24225.0
12388.0,7477567.04,7479201.76,7503421.76,0.0,0.0,0.0674946325350842,25854.71999999974,24220.0
12390.0,7478905.64,7479545.25,7505652.25,0.0,0.0,0.024499559505126414,26746.610000000335,26107.0
12243.0,7350046.96,7482311.95,7508512.95,0.0,0.0,5.04808938590131,158465.99000000022,26201.0
12285.0,7369575.97,7508512.95,7508875.95,0.0,0.0,382.7465013774117,139299.98000000045,363.0
12401.0,7511723.6499999985,7511723.6499999985,7511873.6499999985,0.0,0.0,0.0,150.0,150.0
12393.0,7485724.74,7487443.8599999985,7514328.8599999985,0.0,0.0,0.06394346289746138,28604.11999999825,26885.0
12392.0,7482464.569999998,7484330.87,7514526.87,0.0,0.0,0.06180619949667759,32062.300000001676,30196.0
12394.0,7491420.58,7493211.0,7519320.0,0.0,0.0,0.068574820942967,27899.419999999925,26109.0
12405.0,7518526.26,7519320.0,7519439.0,0.0,0.0,6.670084033615324,912.7400000002235,119.0
12333.0,7427131.89,7427131.89,7520354.89,0.0,0.0,0.0,93223.0,93223.0
12240.0,7349760.81,7436103.85,7521370.85,0.0,0.0,1.0126196535588214,171610.04000000004,85267.0
12406.0,7518594.16,7519439.0,7522657.0,0.0,0.0,0.2625357364822408,4062.839999999851,3218.0
12249.0,7350913.17,7434162.979999999,7523627.979999999,0.0,0.0,0.9305293690269788,172714.80999999866,89465.0
12407.0,7523140.55,7523627.979999999,7523743.979999999,0.0,0.0,4.201982758610092,603.4299999987707,116.0
12395.0,7497244.46,7498087.8,7525014.8,0.0,0.0,0.031319493445235304,27770.33999999985,26927.0
12241.0,7349831.62,7436469.47,7525234.47,0.0,0.0,0.9760361629020405,175402.84999999963,88765.0
12398.0,7500783.99,7501551.479999999,7525657.479999999,0.0,0.0,0.03183813158542939,24873.48999999836,24106.0
12399.0,7501027.46,7503421.76,7527595.76,0.0,0.0,0.09904442789773367,26568.299999999814,24174.0
12397.0,7498485.09,7499451.92,7529207.92,0.0,0.0,0.03249193439978742,30722.830000000075,29756.0
12400.0,7504183.84,7505652.25,7531970.25,0.0,0.0,0.05579489322897443,27786.41000000015,26318.0
12409.0,7523957.29,7523957.29,7535719.29,0.0,0.0,0.0,11762.0,11762.0
12402.0,7511761.479999999,7511873.6499999985,7538645.6499999985,0.0,0.0,0.004189825190494751,26884.169999999925,26772.0
12404.0,7516679.38,7516679.38,7543178.38,0.0,0.0,0.0,26499.0,26499.0
12403.0,7511829.38,7514328.8599999985,7544262.8599999985,0.0,0.0,0.0834996993384975,32433.479999998584,29934.0
12420.0,7542342.67,7544262.8599999985,7544441.8599999985,0.0,0.0,10.727318435746074,2099.189999998547,179.0
12251.0,7352562.17,7476065.05,7545896.05,0.0,0.0,1.7685967550228392,193333.8799999999,69831.0
12422.0,7547468.1499999985,7547468.1499999985,7547717.1499999985,0.0,0.0,0.0,249.0,249.0
12410.0,7524127.04,7524127.04,7548332.04,0.0,0.0,0.0,24205.0,24205.0
12377.0,7467118.2,7521370.85,7548486.85,0.0,0.0,2.0007615430004217,81368.64999999944,27116.0
12411.0,7524437.439999999,7525014.8,7549178.8,0.0,0.0,0.0238933951333085,24741.360000001267,24164.0
12408.0,7523286.05,7523627.979999999,7550622.979999999,0.0,0.0,0.012666419707307674,27336.92999999877,26995.0
12426.0,7555034.1499999985,7555034.1499999985,7555180.1499999985,0.0,0.0,0.0,146.0,146.0
12428.0,7555912.0,7555912.0,7556060.0,0.0,0.0,0.0,148.0,148.0
12415.0,7527306.7,7527306.7,7556838.7,0.0,0.0,0.0,29532.0,29532.0
12416.0,7529671.56,7531970.25,7558195.25,0.0,0.0,0.08765262154434356,28523.69000000041,26225.0
12348.0,7451360.55,7463537.97,7562663.97,0.0,0.0,0.12284789056352446,111303.41999999993,99126.0
12345.0,7451349.88,7463452.81,7563462.81,0.0,0.0,0.121017198280169,112112.9299999997,100010.0
12347.0,7451356.67,7463527.96,7564293.96,0.0,0.0,0.12078766647480338,112937.29000000004,100766.0
12346.0,7451353.76,7463467.81,7564576.81,0.0,0.0,0.11981178727907321,113223.04999999981,101109.0
12418.0,7537693.46,7538645.6499999985,7565453.6499999985,0.0,0.0,0.035518874962643505,27760.189999998547,26808.0
12431.0,7567772.189999999,7567772.189999999,7567923.189999999,0.0,0.0,0.0,151.0,151.0
12421.0,7542445.49,7544441.8599999985,7570598.8599999985,0.0,0.0,0.0763225905110773,28153.36999999825,26157.0
12433.0,7569827.62,7570598.8599999985,7570747.8599999985,0.0,0.0,5.1761073825393344,920.2399999983609,149.0
12434.0,7569933.35,7570747.8599999985,7570898.8599999985,0.0,0.0,5.394105960257253,965.5099999988452,151.0
12435.0,7570039.08,7570898.8599999985,7571081.8599999985,0.0,0.0,4.6982513661114655,1042.7799999983981,183.0
12419.0,7540820.74,7543178.38,7573123.38,0.0,0.0,0.07873234262814041,32302.639999999665,29945.0
12378.0,7467281.16,7525234.47,7574983.47,0.0,0.0,1.1649140686244868,107702.30999999959,49749.0
12425.0,7549437.25,7549437.25,7576374.25,0.0,0.0,0.0,26937.0,26937.0
12438.0,7580861.37,7580861.37,7581050.37,0.0,0.0,0.0,189.0,189.0
12439.0,7580965.16,7580965.16,7581146.16,0.0,0.0,0.0,181.0,181.0
12427.0,7555141.819999998,7555141.819999998,7581727.819999998,0.0,0.0,0.0,26586.0,26586.0
12441.0,7585190.479999999,7585190.479999999,7585338.479999999,0.0,0.0,0.0,148.0,148.0
12442.0,7585295.24,7585295.24,7585445.24,0.0,0.0,0.0,150.0,150.0
12429.0,7556013.85,7556060.0,7586184.0,0.0,0.0,0.0015320010622882926,30170.150000000373,30124.0
12430.0,7563666.18,7563666.18,7590687.18,0.0,0.0,0.0,27021.0,27021.0
12445.0,7593153.21,7593153.21,7593299.21,0.0,0.0,0.0,146.0,146.0
12446.0,7593256.029999998,7593256.029999998,7593411.029999998,0.0,0.0,0.0,155.0,155.0
12447.0,7593360.79,7593360.79,7593509.79,0.0,0.0,0.0,149.0,149.0
12448.0,7593468.46,7593468.46,7593617.46,0.0,0.0,0.0,149.0,149.0
12432.0,7567881.8,7567923.189999999,7594020.189999999,0.0,0.0,0.0015860060542872132,26138.389999998733,26097.0
12133.0,7272260.72,7564576.81,7595173.81,0.0,0.0,9.553750040853673,322913.08999999985,30597.0
12148.0,7277933.28,7595173.81,7595475.81,0.0,0.0,1050.4653311258255,317542.52999999933,302.0
12286.0,7370679.83,7508875.95,7597539.95,0.0,0.0,1.5586497338265826,226860.1200000001,88664.0
12412.0,7525697.47,7529207.92,7598044.92,0.0,0.0,0.05099655708412897,72347.45000000019,68837.0
12365.0,7451784.439999999,7466323.24,7598775.24,0.0,0.0,0.1097665569413952,146990.80000000168,132452.0
12436.0,7570144.81,7571081.8599999985,7600732.8599999985,0.0,0.0,0.03160264409291027,30588.049999998882,29651.0
12437.0,7575495.33,7575495.33,7602363.33,0.0,0.0,0.0,26868.0,26868.0
11849.0,7193329.88,7455216.46,7602661.46,0.0,0.0,1.776164535928652,409331.5800000001,147445.0
11852.0,7195542.45,7602661.46,7602812.46,0.0,0.0,2696.152384105959,407270.0099999998,151.0
12440.0,7581078.6499999985,7581078.6499999985,7607395.6499999985,0.0,0.0,0.0,26317.0,26317.0
12459.0,7606570.25,7607395.6499999985,7607541.6499999985,0.0,0.0,5.65342465752404,971.3999999985099,146.0
12391.0,7479208.279999998,7522657.0,7607807.0,0.0,0.0,0.5102609512624968,128598.7200000016,85150.0
12461.0,7608766.33,7608766.33,7609005.33,0.0,0.0,0.0,239.0,239.0
12462.0,7608982.64,7608982.64,7609206.64,0.0,0.0,0.0,224.0,224.0
12463.0,7609228.05,7609228.05,7613218.05,0.0,0.0,0.0,3990.0,3990.0
12150.0,7278307.7,7595475.81,7613475.81,0.0,0.0,17.62045055555552,335168.1099999994,18000.0
12443.0,7585399.029999998,7585399.029999998,7615628.029999998,0.0,0.0,0.0,30229.0,30229.0
12417.0,7535435.3,7535719.29,7616075.29,0.0,0.0,0.0035341480412193677,80639.99000000022,80356.0
12250.0,7352145.069999998,7443420.47,7616220.47,0.0,0.0,0.528214120370378,264075.4000000013,172800.0
12469.0,7616321.66,7616321.66,7616405.66,0.0,0.0,0.0,84.0,84.0
12444.0,7589794.1,7589794.1,7616889.1,0.0,0.0,0.0,27095.0,27095.0
12471.0,7618797.1,7618797.1,7618888.1,0.0,0.0,0.0,91.0,91.0
12472.0,7618888.279999998,7618888.279999998,7618955.279999998,0.0,0.0,0.0,67.0,67.0
12473.0,7619184.13,7619184.13,7619351.13,0.0,0.0,0.0,167.0,167.0
12449.0,7593571.279999998,7593571.279999998,7620058.279999998,0.0,0.0,0.0,26487.0,26487.0
12367.0,7451813.54,7478111.56,7621099.56,0.0,0.0,0.18391767141298257,169286.01999999955,142988.0
12477.0,7624146.6499999985,7624146.6499999985,7624224.6499999985,0.0,0.0,0.0,78.0,78.0
12478.0,7624206.79,7624206.79,7624295.79,0.0,0.0,0.0,89.0,89.0
12479.0,7624489.06,7624489.06,7624578.06,0.0,0.0,0.0,89.0,89.0
12483.0,7624848.93,7624848.93,7624977.93,0.0,0.0,0.0,129.0,129.0
12480.0,7624842.14,7624842.14,7625027.14,0.0,0.0,0.0,185.0,185.0
12481.0,7624847.96,7624847.96,7625039.96,0.0,0.0,0.0,192.0,192.0
12482.0,7624847.96,7624847.96,7625052.96,0.0,0.0,0.0,205.0,205.0
12484.0,7624848.93,7624977.93,7625182.93,0.0,0.0,0.6292682926829268,334.0,205.0
12486.0,7625057.479999999,7625057.479999999,7625239.479999999,0.0,0.0,0.0,182.0,182.0
12485.0,7624848.93,7625027.14,7625249.14,0.0,0.0,0.80274774774758,400.20999999996275,222.0
12487.0,7625217.529999998,7625217.529999998,7625276.529999998,0.0,0.0,0.0,59.0,59.0
12488.0,7625274.76,7625274.76,7625445.76,0.0,0.0,0.0,171.0,171.0
12475.0,7622213.439999999,7622213.439999999,7626212.439999999,0.0,0.0,0.0,3999.0,3999.0
12179.0,7287175.439999999,7597539.95,7626339.95,0.0,0.0,10.776545486111168,339164.51000000164,28800.0
12465.0,7614629.979999999,7626339.95,7626512.95,0.0,0.0,67.68768786128093,11882.970000001602,173.0
12467.0,7615479.7,7626512.95,7626859.95,0.0,0.0,31.796109510086456,11380.25,347.0
12491.0,7626303.93,7626303.93,7628030.93,0.0,0.0,0.0,1727.0,1727.0
12450.0,7598865.54,7598865.54,7628729.54,0.0,0.0,0.0,29864.0,29864.0
12492.0,7626341.76,7628030.93,7628999.93,0.0,0.0,1.7432094943239684,2658.1699999999255,969.0
12495.0,7628280.79,7628999.93,7629059.93,0.0,0.0,11.985666666661078,779.1399999996647,60.0
12490.0,7626226.33,7626226.33,7629313.33,0.0,0.0,0.0,3087.0,3087.0
12453.0,7601516.55,7602363.33,7629400.33,0.0,0.0,0.031319303177137284,27883.78000000026,27037.0
12474.0,7619313.14,7619351.13,7629429.13,0.0,0.0,0.0037695971423123155,10115.990000000224,10078.0
12414.0,7526011.75,7545896.05,7631069.05,0.0,0.0,0.23345778591807045,105057.29999999981,85173.0
12362.0,7451737.88,7464059.24,7631907.24,0.0,0.0,0.07340784519327209,180169.36000000034,167848.0
12489.0,7626204.99,7626204.99,7632052.99,0.0,0.0,0.0,5848.0,5848.0
11892.0,7196942.16,7602812.46,7632207.46,0.0,0.0,13.807460452457894,435265.2999999998,29395.0
12460.0,7606672.1,7607541.6499999985,7634186.6499999985,0.0,0.0,0.03263464064548254,27514.549999998882,26645.0
12470.0,7617027.819999998,7626859.95,7637140.95,0.0,0.0,0.9563398502092939,20113.13000000175,10281.0
12180.0,7287199.689999999,7613475.81,7642275.81,0.0,0.0,11.32903194444448,355076.12000000104,28800.0
12500.0,7632803.8999999985,7642275.81,7642345.81,0.0,0.0,135.31300000001542,9541.91000000108,70.0
12468.0,7616007.38,7616075.29,7642936.29,0.0,0.0,0.002528200737133726,26928.91000000015,26861.0
12466.0,7614675.569999998,7615628.029999998,7645776.029999998,0.0,0.0,0.03159280880987007,31100.459999999963,30148.0
12493.0,7627701.7,7628729.54,7655630.54,0.0,0.0,0.038208245046647,27928.83999999985,26901.0
12496.0,7629044.18,7629429.13,7655661.13,0.0,0.0,0.014674824641666143,26616.950000000186,26232.0
12506.0,7654452.3599999985,7655630.54,7655788.54,0.0,0.0,7.456835443047877,1336.1800000015646,158.0
12507.0,7654559.06,7655661.13,7655809.13,0.0,0.0,7.446418918920933,1250.070000000298,148.0
12508.0,7654667.7,7655788.54,7655938.54,0.0,0.0,7.472266666665673,1270.839999999851,150.0
12509.0,7654772.46,7655809.13,7655958.13,0.0,0.0,6.95751677852299,1185.6699999999255,149.0
12510.0,7654875.279999998,7655938.54,7656089.54,0.0,0.0,7.041456953653239,1214.2600000016391,151.0
12512.0,7656842.439999999,7656842.439999999,7656999.439999999,0.0,0.0,0.0,157.0,157.0
12499.0,7632445.97,7632445.97,7658868.97,0.0,0.0,0.0,26423.0,26423.0
12494.0,7627791.91,7629400.33,7659391.33,0.0,0.0,0.053630089026705526,31599.419999999925,29991.0
12360.0,7451701.02,7463960.14,7660272.14,0.0,0.0,0.06244712498471877,208571.1200000001,196312.0
12364.0,7451771.83,7465990.96,7661891.96,0.0,0.0,0.07258324357711236,210120.1299999999,195901.0
12361.0,7451719.45,7463963.02,7662143.02,0.0,0.0,0.061780048440808186,210423.56999999937,198180.0
12366.0,7451800.93,7466349.96,7667558.96,0.0,0.0,0.07230804785074356,215758.03000000026,201209.0
12503.0,7642019.87,7642019.87,7668605.87,0.0,0.0,0.0,26586.0,26586.0
12424.0,7547723.26,7547723.26,7671733.26,0.0,0.0,0.0,124010.0,124010.0
12504.0,7643849.29,7643849.29,7673746.29,0.0,0.0,0.0,29897.0,29897.0
12505.0,7653753.96,7653753.96,7680528.96,0.0,0.0,0.0,26775.0,26775.0
12498.0,7631908.59,7637140.95,7680614.95,0.0,0.0,0.12035607489534746,48706.360000000335,43474.0
12369.0,7451839.729999999,7480465.28,7680751.28,0.0,0.0,0.14292336958150684,228911.55000000168,200286.0
12518.0,7680674.37,7680674.37,7680824.37,0.0,0.0,0.0,150.0,150.0
12511.0,7654981.01,7655958.13,7682489.13,0.0,0.0,0.036829369416912734,27508.12000000011,26531.0
12514.0,7658035.54,7658868.97,7685503.97,0.0,0.0,0.03129078280456925,27468.429999999702,26635.0
12501.0,7632851.43,7642275.81,7685736.81,0.0,0.0,0.21684682819078918,52885.37999999989,43461.0
12502.0,7632930.97,7642345.81,7685801.81,0.0,0.0,0.21665224594992294,52870.83999999985,43456.0
12523.0,7685856.1099999985,7685856.1099999985,7686013.1099999985,0.0,0.0,0.0,157.0,157.0
12513.0,7656950.1099999985,7656999.439999999,7686866.439999999,0.0,0.0,0.0016516556734882816,29916.330000000075,29867.0
12522.0,7685697.029999998,7685736.81,7687006.81,0.0,0.0,0.03132283464660795,1309.780000001192,1270.0
12528.0,7686381.85,7686381.85,7687121.85,0.0,0.0,0.0,740.0,740.0
12527.0,7686334.319999998,7686334.319999998,7687689.319999998,0.0,0.0,0.0,1355.0,1355.0
12526.0,7686093.76,7686093.76,7687986.76,0.0,0.0,0.0,1893.0,1893.0
12521.0,7685663.08,7685663.08,7690055.08,0.0,0.0,0.0,4392.0,4392.0
12524.0,7685869.689999999,7685869.689999999,7692150.689999999,0.0,0.0,0.0,6281.0,6281.0
12543.0,7692255.2,7692255.2,7694410.2,0.0,0.0,0.0,2155.0,2155.0
12515.0,7667731.66,7667731.66,7694904.66,0.0,0.0,0.0,27173.0,27173.0
12458.0,7602809.56,7626339.95,7695340.95,0.0,0.0,0.3410152026782307,92531.3900000006,69001.0
12565.0,7697137.21,7697137.21,7697264.21,0.0,0.0,0.0,127.0,127.0
12566.0,7697218.689999999,7697218.689999999,7697296.689999999,0.0,0.0,0.0,78.0,78.0
12567.0,7697419.479999999,7697419.479999999,7697508.479999999,0.0,0.0,0.0,89.0,89.0
12544.0,7692296.91,7692296.91,7698047.91,0.0,0.0,0.0,5751.0,5751.0
12568.0,7697563.04,7697563.04,7698129.04,0.0,0.0,0.0,566.0,566.0
12569.0,7697637.729999999,7697637.729999999,7698260.729999999,0.0,0.0,0.0,623.0,623.0
12548.0,7693564.7,7693564.7,7698855.7,0.0,0.0,0.0,5291.0,5291.0
12549.0,7693831.45,7693831.45,7698993.45,0.0,0.0,0.0,5162.0,5162.0
12551.0,7694226.24,7694226.24,7699391.24,0.0,0.0,0.0,5165.0,5165.0
12552.0,7694347.49,7694347.49,7699530.49,0.0,0.0,0.0,5183.0,5183.0
12553.0,7694415.39,7694415.39,7699569.39,0.0,0.0,0.0,5154.0,5154.0
12563.0,7694829.58,7694829.58,7699907.58,0.0,0.0,0.0,5078.0,5078.0
12571.0,7699952.1499999985,7699952.1499999985,7700023.1499999985,0.0,0.0,0.0,71.0,71.0
12572.0,7700178.16,7700178.16,7700244.16,0.0,0.0,0.0,66.0,66.0
12574.0,7700721.3599999985,7700721.3599999985,7700810.3599999985,0.0,0.0,0.0,89.0,89.0
12576.0,7700977.439999999,7700977.439999999,7701047.439999999,0.0,0.0,0.0,70.0,70.0
12577.0,7701291.72,7701291.72,7701361.72,0.0,0.0,0.0,70.0,70.0
12578.0,7701689.42,7701689.42,7701759.42,0.0,0.0,0.0,70.0,70.0
12516.0,7672810.58,7672810.58,7702781.58,0.0,0.0,0.0,29971.0,29971.0
12593.0,7702615.77,7702781.58,7705444.58,0.0,0.0,0.06226436350000809,2828.8100000005215,2663.0
12517.0,7679684.0,7679684.0,7706614.0,0.0,0.0,0.0,26930.0,26930.0
12454.0,7601858.96,7607807.0,7706640.0,0.0,0.0,0.06018273248813693,104781.04000000004,98833.0
12594.0,7703231.72,7705444.58,7706842.58,0.0,0.0,1.5828755364809266,3610.8600000003353,1398.0
12519.0,7680778.16,7680778.16,7707187.16,0.0,0.0,0.0,26409.0,26409.0
12590.0,7702513.92,7702513.92,7707468.92,0.0,0.0,0.0,4955.0,4955.0
12585.0,7702373.27,7702373.27,7707752.27,0.0,0.0,0.0,5379.0,5379.0
12609.0,7710223.479999999,7710223.479999999,7710823.479999999,0.0,0.0,0.0,600.0,600.0
12580.0,7701839.77,7701839.77,7711949.77,0.0,0.0,0.0,10110.0,10110.0
12595.0,7703468.3999999985,7703468.3999999985,7712229.3999999985,0.0,0.0,0.0,8761.0,8761.0
12520.0,7683825.8999999985,7685503.97,7712454.97,0.0,0.0,0.0622637378947434,28629.07000000123,26951.0
12579.0,7701838.8,7712454.97,7712616.97,0.0,0.0,65.53191358024645,10778.169999999925,162.0
12610.0,7711524.25,7711524.25,7712807.25,0.0,0.0,0.0,1283.0,1283.0
12582.0,7702253.96,7712807.25,7712914.25,0.0,0.0,98.62887850467324,10660.290000000037,107.0
12603.0,7708131.189999999,7708131.189999999,7713479.189999999,0.0,0.0,0.0,5348.0,5348.0
12604.0,7708272.81,7708272.81,7713546.81,0.0,0.0,0.0,5274.0,5274.0
12605.0,7708467.779999998,7708467.779999998,7713654.779999998,0.0,0.0,0.0,5187.0,5187.0
12606.0,7708547.319999998,7708547.319999998,7713780.319999998,0.0,0.0,0.0,5233.0,5233.0
12607.0,7708703.49,7708703.49,7713998.49,0.0,0.0,0.0,5295.0,5295.0
12525.0,7685962.81,7685962.81,7716108.81,0.0,0.0,0.0,30146.0,30146.0
12537.0,7688863.1099999985,7688863.1099999985,7716529.1099999985,0.0,0.0,0.0,27666.0,27666.0
12455.0,7601874.479999999,7621099.56,7719952.56,0.0,0.0,0.19448150283755683,118078.080000001,98853.0
12587.0,7702445.05,7702445.05,7720601.05,0.0,0.0,0.0,18156.0,18156.0
12550.0,7694057.46,7694057.46,7720992.46,0.0,0.0,0.0,26935.0,26935.0
12413.0,7525775.069999998,7548486.85,7721286.85,0.0,0.0,0.13143391203704394,195511.7800000012,172800.0
12588.0,7702454.75,7721286.85,7721424.85,0.0,0.0,136.46449275362048,18970.099999999627,138.0
12589.0,7702479.97,7721424.85,7721546.85,0.0,0.0,155.28590163934334,19066.87999999989,122.0
12611.0,7712594.16,7712594.16,7721584.16,0.0,0.0,0.0,8990.0,8990.0
12368.0,7451827.12,7479951.96,7722142.96,0.0,0.0,0.11612669339488194,270315.83999999985,242191.0
11978.0,7203368.41,7682489.13,7723683.13,0.0,0.0,11.630837500606878,520314.71999999974,41194.0
12456.0,7601888.06,7626339.95,7724582.95,0.0,0.0,0.24889193123174777,122694.8900000006,98243.0
12586.0,7702445.05,7720992.46,7724957.46,0.0,0.0,4.6777831021437954,22512.41000000015,3965.0
12457.0,7601905.52,7626339.95,7725166.95,0.0,0.0,0.2472444777237054,123261.43000000063,98827.0
12529.0,7687562.34,7687562.34,7731041.34,0.0,0.0,0.0,43479.0,43479.0
12583.0,7702322.83,7712914.25,7733205.25,0.0,0.0,0.521976245626136,30882.419999999925,20291.0
12584.0,7702349.99,7716108.81,7738312.81,0.0,0.0,0.619655017114005,35962.81999999937,22204.0
12530.0,7687581.74,7695340.95,7738796.95,0.0,0.0,0.17855324926362212,51215.20999999996,43456.0
12581.0,7701950.35,7712616.97,7742878.97,0.0,0.0,0.3524757121142063,40928.62000000011,30262.0
12616.0,7724814.22,7731041.34,7742883.34,0.0,0.0,0.5258503631143482,18069.12000000011,11842.0
12591.0,7702564.3599999985,7721546.85,7743768.85,0.0,0.0,0.854220592205974,41204.490000001155,22222.0
12617.0,7724839.439999999,7733205.25,7746626.25,0.0,0.0,0.6233373072052345,21786.810000001453,13421.0
12592.0,7702573.09,7724957.46,7747988.46,0.0,0.0,0.9719234944205685,45415.37000000011,23031.0
12624.0,7734379.39,7738796.95,7752746.95,0.0,0.0,0.3166709677419729,18367.56000000052,13950.0
12618.0,7724865.63,7738312.81,7753308.81,0.0,0.0,0.896717791411023,28443.179999999702,14996.0
12626.0,7736414.45,7742883.34,7761989.34,0.0,0.0,0.33857898042497986,25574.889999999665,19106.0
12643.0,7762150.49,7762150.49,7762373.49,0.0,0.0,0.0,223.0,223.0
12644.0,7762657.8,7762657.8,7762826.8,0.0,0.0,0.0,169.0,169.0
11984.0,7203677.84,7723683.13,7763594.13,0.0,0.0,13.029122046553583,559916.29,39911.0
12646.0,7766060.56,7766060.56,7766415.56,0.0,0.0,0.0,355.0,355.0
12132.0,7271539.04,7763594.13,7768112.13,0.0,0.0,108.9099358123063,496573.08999999985,4518.0
12182.0,7287934.95,7768112.13,7768227.13,0.0,0.0,4175.453739130432,480292.1799999997,115.0
12596.0,7705725.59,7742878.97,7769585.97,0.0,0.0,1.3911476391957123,63860.37999999989,26707.0
12597.0,7706354.1499999985,7769585.97,7769847.97,0.0,0.0,241.3428244274856,63493.82000000123,262.0
12667.0,7779949.02,7779949.02,7780549.02,0.0,0.0,0.0,600.0,600.0
11959.0,7201871.7,7632207.46,7781030.46,0.0,0.0,2.891594444407113,579158.7599999998,148823.0
12682.0,7780753.1499999985,7780753.1499999985,7781353.1499999985,0.0,0.0,0.0,600.0,600.0
12683.0,7781265.31,7781265.31,7781865.31,0.0,0.0,0.0,600.0,600.0
12627.0,7739927.79,7743768.85,7782331.85,0.0,0.0,0.09960480253091279,42404.05999999959,38563.0
12633.0,7740559.26,7782331.85,7782557.85,0.0,0.0,184.83446902654802,41998.58999999985,226.0
12634.0,7740581.569999998,7782557.85,7782783.85,0.0,0.0,185.73575221239466,42202.28000000119,226.0
12692.0,7782798.88,7782798.88,7782868.88,0.0,0.0,0.0,70.0,70.0
12635.0,7740627.16,7782783.85,7782900.85,0.0,0.0,360.3135897435853,42273.68999999948,117.0
12691.0,7782588.39,7782588.39,7783188.39,0.0,0.0,0.0,600.0,600.0
12636.0,7740708.64,7782900.85,7783319.85,0.0,0.0,100.69739856801901,42611.20999999996,419.0
12693.0,7783034.59,7783034.59,7783634.59,0.0,0.0,0.0,600.0,600.0
12637.0,7740782.3599999985,7783319.85,7784099.85,0.0,0.0,54.53524358974507,43317.490000001155,780.0
12628.0,7739936.52,7746626.25,7784183.25,0.0,0.0,0.17812205447720655,44246.73000000045,37557.0
12638.0,7740823.1,7784099.85,7784597.85,0.0,0.0,86.90110441767068,43774.75,498.0
12654.0,7772357.8,7784597.85,7784889.85,0.0,0.0,41.917979452054155,12532.049999999814,292.0
12647.0,7766432.069999998,7766432.069999998,7784984.069999998,0.0,0.0,0.0,18552.0,18552.0
12648.0,7766768.66,7766768.66,7785356.66,0.0,0.0,0.0,18588.0,18588.0
12629.0,7739947.189999999,7747988.46,7785793.46,0.0,0.0,0.2127038751488273,45846.270000001416,37805.0
12656.0,7772595.45,7785793.46,7785930.46,0.0,0.0,96.33583941605676,13335.009999999776,137.0
12662.0,7779766.66,7784183.25,7788723.25,0.0,0.0,0.9728171806167073,8956.589999999851,4540.0
12658.0,7773677.97,7785930.46,7789638.46,0.0,0.0,3.3043392664509774,15960.490000000224,3708.0
12659.0,7773688.64,7789638.46,7789876.46,0.0,0.0,67.01605042016932,16187.820000000298,238.0
12660.0,7777607.439999999,7789876.46,7790042.46,0.0,0.0,73.9097590361531,12435.020000001416,166.0
12679.0,7780571.76,7790042.46,7790244.46,0.0,0.0,46.884653465347455,9672.700000000186,202.0
12674.0,7780121.68,7789876.46,7793544.46,0.0,0.0,2.6594274809161016,13422.78000000026,3668.0
12661.0,7779732.71,7784183.25,7795583.25,0.0,0.0,0.39039824561403835,15850.540000000037,11400.0
12598.0,7706566.58,7769847.97,7796220.97,0.0,0.0,2.3994763583968326,89654.38999999966,26373.0
12698.0,7785195.75,7793544.46,7796451.46,0.0,0.0,2.871933264533871,11255.709999999963,2907.0
12533.0,7688862.14,7688862.14,7796691.14,0.0,0.0,0.0,107829.0,107829.0
12534.0,7688862.14,7688862.14,7797264.14,0.0,0.0,0.0,108402.0,108402.0
12535.0,7688862.14,7688862.14,7797337.14,0.0,0.0,0.0,108475.0,108475.0
12701.0,7787539.27,7796451.46,7798373.46,0.0,0.0,4.636935483871181,10834.19000000041,1922.0
12722.0,7797779.56,7797779.56,7798379.56,0.0,0.0,0.0,600.0,600.0
12723.0,7797906.63,7797906.63,7798506.63,0.0,0.0,0.0,600.0,600.0
12538.0,7688863.1099999985,7688863.1099999985,7798534.1099999985,0.0,0.0,0.0,109671.0,109671.0
12668.0,7779980.06,7784183.25,7799168.25,0.0,0.0,0.2804931598265205,19188.19000000041,14985.0
12536.0,7688862.14,7688862.14,7799649.14,0.0,0.0,0.0,110787.0,110787.0
12655.0,7772409.21,7784889.85,7801034.85,0.0,0.0,0.7730343759677711,28625.639999999665,16145.0
12650.0,7769419.67,7784183.25,7801199.25,0.0,0.0,0.8676292900799292,31779.580000000075,17016.0
12720.0,7793826.81,7798373.46,7801394.46,0.0,0.0,1.505014895730014,7567.6500000003725,3021.0
12718.0,7792246.68,7797264.14,7801547.14,0.0,0.0,1.1714826056502365,9300.459999999963,4283.0
12725.0,7798082.2,7799168.25,7801645.25,0.0,0.0,0.43845377472741776,3563.0499999998137,2477.0
12673.0,7780084.819999998,7788723.25,7801767.25,0.0,0.0,0.662253143207725,21682.430000001565,13044.0
12697.0,7785164.71,7790042.46,7802068.46,0.0,0.0,0.40560036587393977,16903.75,12026.0
12727.0,7798204.42,7801199.25,7803115.25,0.0,0.0,1.563063674321542,4910.8300000000745,1916.0
12700.0,7787498.529999998,7795583.25,7804119.25,0.0,0.0,0.9471321462044988,16620.720000001602,8536.0
12686.0,7781786.2,7802068.46,7805206.46,0.0,0.0,6.463435309114014,23420.259999999776,3138.0
12719.0,7793784.13,7797337.14,7806443.14,0.0,0.0,0.39018339556334025,12659.009999999776,9106.0
12423.0,7547653.42,7547653.42,7806853.42,0.0,0.0,0.0,259200.0,259200.0
12724.0,7798043.3999999985,7798534.1099999985,7807543.1099999985,0.0,0.0,0.05446886446886033,9499.709999999963,9009.0
12726.0,7798173.38,7799649.14,7807737.14,0.0,0.0,0.1824629080118418,9563.759999999776,8088.0
12741.0,7807821.97,7807821.97,7807906.97,0.0,0.0,0.0,85.0,85.0
12717.0,7792233.1,7796691.14,7812544.14,0.0,0.0,0.2812111272314412,20311.040000000037,15853.0
12689.0,7781792.99,7812544.14,7812833.14,0.0,0.0,106.40536332179738,31040.14999999944,289.0
12690.0,7781795.8999999985,7812833.14,7813133.14,0.0,0.0,103.45746666667051,31337.240000001155,300.0
12750.0,7812566.24,7813133.14,7813288.14,0.0,0.0,3.6574193548351044,721.8999999994412,155.0
12761.0,7815252.17,7815252.17,7815414.17,0.0,0.0,0.0,162.0,162.0
12649.0,7769385.72,7784183.25,7818868.25,0.0,0.0,0.4266262072942269,49482.53000000026,34685.0
12608.0,7709931.51,7796220.97,7822776.97,0.0,0.0,3.2493395089621915,112845.45999999996,26556.0
12742.0,7807898.6,7807898.6,7827075.6,0.0,0.0,0.0,19177.0,19177.0
12743.0,7807975.229999999,7807975.229999999,7827114.229999999,0.0,0.0,0.0,19139.0,19139.0
12680.0,7780614.439999999,7818868.25,7832643.25,0.0,0.0,2.7770460980037353,52028.81000000145,13775.0
12555.0,7694512.39,7721286.85,7834136.85,0.0,0.0,0.23725706690296822,139624.45999999996,112850.0
12676.0,7780239.05,7801034.85,7835386.85,0.0,0.0,0.605373777363758,55147.799999999814,34352.0
12614.0,7715162.72,7806853.42,7836725.42,0.0,0.0,3.0694529994643878,121562.70000000019,29872.0
12710.0,7790717.96,7832643.25,7840661.25,0.0,0.0,5.2288962334746865,49943.29000000004,8018.0
12573.0,7700706.81,7706614.0,7842875.0,0.0,0.0,0.043352022955947846,142168.1900000004,136261.0
12711.0,7790749.0,7840661.25,7846776.25,0.0,0.0,8.162264922322159,56027.25,6115.0
12728.0,7798614.729999999,7846776.25,7846941.25,0.0,0.0,291.88800000000856,48326.520000001416,165.0
12729.0,7798625.3999999985,7846941.25,7847106.25,0.0,0.0,292.82333333334236,48480.85000000149,165.0
12730.0,7798634.13,7847106.25,7847271.25,0.0,0.0,293.7704242424249,48637.12000000011,165.0
12731.0,7799704.04,7847271.25,7847374.25,0.0,0.0,461.8175728155336,47670.20999999996,103.0
12732.0,7799763.21,7847374.25,7847507.25,0.0,0.0,357.97774436090253,47744.04000000004,133.0
12733.0,7799792.31,7847507.25,7847607.25,0.0,0.0,477.1494000000041,47814.94000000041,100.0
12615.0,7720143.67,7822776.97,7849323.97,0.0,0.0,3.8660978641654355,129180.29999999981,26547.0
12451.0,7600639.67,7600732.8599999985,7853332.8599999985,0.0,0.0,0.00036892319872742336,252693.18999999855,252600.0
12787.0,7849941.31,7853332.8599999985,7853469.8599999985,0.0,0.0,24.755839416050236,3528.5499999988824,137.0
12786.0,7848628.8999999985,7848628.8999999985,7854329.8999999985,0.0,0.0,0.0,5701.0,5701.0
12784.0,7848495.04,7848495.04,7854338.04,0.0,0.0,0.0,5843.0,5843.0
12802.0,7852308.1099999985,7852308.1099999985,7858069.1099999985,0.0,0.0,0.0,5761.0,5761.0
12734.0,7800009.59,7847607.25,7861141.25,0.0,0.0,3.5168952268361275,61131.66000000015,13534.0
12821.0,7856213.33,7856213.33,7862009.33,0.0,0.0,0.0,5796.0,5796.0
12546.0,7693118.5,7706640.0,7866545.0,0.0,0.0,0.0845595822519621,173426.5,159905.0
12619.0,7731266.66,7836725.42,7866757.42,0.0,0.0,3.511546350559396,135490.75999999978,30032.0
12843.0,7862674.5,7862674.5,7868385.5,0.0,0.0,0.0,5711.0,5711.0
12842.0,7862600.779999998,7862600.779999998,7868390.779999998,0.0,0.0,0.0,5790.0,5790.0
12452.0,7600661.979999999,7616220.47,7868820.47,0.0,0.0,0.06159338875693252,268158.49000000115,252600.0
12558.0,7694551.189999999,7725166.95,7869239.95,0.0,0.0,0.2125017178791421,174688.76000000164,144073.0
12788.0,7850390.42,7853469.8599999985,7869681.8599999985,0.0,0.0,0.18994818652840778,19291.439999998547,16212.0
12677.0,7780264.27,7835386.85,7871499.85,0.0,0.0,1.5263916041314782,91235.58000000007,36113.0
12712.0,7790797.5,7871499.85,7871563.85,0.0,0.0,1260.9742187499942,80766.34999999963,64.0
12803.0,7852729.09,7853332.8599999985,7872280.8599999985,0.0,0.0,0.03186457673625827,19551.76999999862,18948.0
12685.0,7781780.38,7801547.14,7873547.14,0.0,0.0,0.2745383333333302,91766.75999999978,72000.0
12620.0,7731595.49,7849323.97,7875949.97,0.0,0.0,4.421560880342504,144354.47999999952,26626.0
12687.0,7781788.14,7804119.25,7876119.25,0.0,0.0,0.31015430555556023,94331.11000000034,72000.0
12688.0,7781791.05,7805206.46,7877206.46,0.0,0.0,0.32521402777777986,95415.41000000015,72000.0
12735.0,7800016.38,7861141.25,7877750.25,0.0,0.0,3.680225781202969,77733.87000000011,16609.0
12570.0,7699846.42,7702781.58,7880917.58,0.0,0.0,0.016477073696502385,181071.16000000015,178136.0
12736.0,7800020.26,7868820.47,7881177.47,0.0,0.0,5.567711418629114,81157.20999999996,12357.0
12678.0,7780275.91,7842875.0,7881338.0,0.0,0.0,1.627514494449207,101062.08999999985,38463.0
12860.0,7870168.72,7881338.0,7881486.0,0.0,0.0,75.46810810810987,11317.28000000026,148.0
12561.0,7694584.17,7738796.95,7884973.95,0.0,0.0,0.3024605786136004,190389.78000000026,146177.0
12804.0,7852765.95,7871563.85,7885492.85,0.0,0.0,1.3495512958575233,32726.89999999944,13929.0
12262.0,7361643.31,7768227.13,7887042.13,0.0,0.0,3.4219906577452366,525398.8200000003,118815.0
12859.0,7869535.31,7869535.31,7888781.31,0.0,0.0,0.0,19246.0,19246.0
12792.0,7851152.84,7873547.14,7889516.14,0.0,0.0,1.4023608240966756,38363.299999999814,15969.0
12827.0,7857013.58,7876119.25,7889630.25,0.0,0.0,1.414082599363476,32616.669999999925,13511.0
12866.0,7870566.42,7889630.25,7889698.25,0.0,0.0,280.3504411764717,19131.830000000075,68.0
12867.0,7870603.279999998,7889698.25,7889769.25,0.0,0.0,268.9432394366423,19165.970000001602,71.0
12545.0,7693114.62,7693114.62,7892756.62,0.0,0.0,0.0,199642.0,199642.0
12850.0,7863266.2,7881338.0,7892827.0,0.0,0.0,1.572965445208444,29560.799999999814,11489.0
12623.0,7732107.6499999985,7866757.42,7893295.42,0.0,0.0,5.073847690104809,161187.77000000142,26538.0
12795.0,7851345.87,7877750.25,7893476.25,0.0,0.0,1.6790270888973604,42130.37999999989,15726.0
12790.0,7850486.45,7871563.85,7894760.85,0.0,0.0,0.9086261154459387,44274.39999999944,23197.0
12874.0,7873115.58,7894760.85,7894807.85,0.0,0.0,460.5376595744586,21692.269999999553,47.0
12857.0,7869167.68,7877750.25,7894898.25,0.0,0.0,0.5004997667366631,25730.570000000298,17148.0
12849.0,7863232.25,7881177.47,7894916.47,0.0,0.0,1.3061518305553343,31684.21999999974,13739.0
12876.0,7873861.51,7894807.85,7895108.85,0.0,0.0,69.58916943521545,21247.33999999985,301.0
12848.0,7863196.3599999985,7880917.58,7895186.58,0.0,0.0,1.241938468007681,31990.220000001602,14269.0
12879.0,7875230.18,7894916.47,7895444.47,0.0,0.0,37.28464015151522,20214.290000000037,528.0
12880.0,7875278.68,7895186.58,7895672.58,0.0,0.0,40.96275720164686,20393.900000000373,486.0
12625.0,7735649.12,7869239.95,7895779.95,0.0,0.0,5.033565561416732,160130.83000000007,26540.0
12704.0,7789074.779999998,7895779.95,7895936.95,0.0,0.0,679.6507643312216,106862.17000000179,157.0
12705.0,7789182.45,7895936.95,7896086.95,0.0,0.0,711.6966666666667,106904.5,150.0
12887.0,7875734.58,7895444.47,7896165.47,0.0,0.0,27.33687933425751,20430.889999999665,721.0
12888.0,7875754.95,7895672.58,7896246.58,0.0,0.0,34.69970383275242,20491.62999999989,574.0
12630.0,7740399.21,7752746.95,7896745.95,0.0,0.0,0.08574878992215379,156346.74000000022,143999.0
12889.0,7877243.8999999985,7896165.47,7896840.47,0.0,0.0,28.031955555557378,19596.57000000123,675.0
12817.0,7854445.02,7872280.8599999985,7897768.8599999985,0.0,0.0,0.6997740112993927,43323.83999999892,25488.0
12858.0,7869207.45,7880917.58,7899129.58,0.0,0.0,0.6429897869536508,29922.12999999989,18212.0
12639.0,7744065.81,7869239.95,7899189.95,0.0,0.0,4.179437061769636,155124.1400000006,29950.0
12793.0,7851161.569999998,7876119.25,7899222.25,0.0,0.0,1.080278751677339,48060.680000001565,23103.0
12663.0,7779928.6499999985,7899189.95,7899270.95,0.0,0.0,1472.3617283950825,119342.30000000168,81.0
12894.0,7877867.6099999985,7896840.47,7899328.47,0.0,0.0,7.625747588424947,21460.860000001267,2488.0
12664.0,7779928.6499999985,7899270.95,7899363.95,0.0,0.0,1283.2505376344266,119435.30000000168,93.0
12890.0,7877253.6,7896246.58,7899376.58,0.0,0.0,6.068044728434647,22122.980000000447,3130.0
12789.0,7850483.54,7869681.8599999985,7899456.8599999985,0.0,0.0,0.6447798488664462,48973.319999998435,29775.0
12631.0,7740408.91,7753308.81,7901082.81,0.0,0.0,0.08729478798705755,160673.89999999944,147774.0
12699.0,7787138.66,7893295.42,7901312.42,0.0,0.0,13.241456904078804,114173.75999999978,8017.0
12796.0,7851395.34,7877750.25,7901346.25,0.0,0.0,1.1169227835226372,49950.91000000015,23596.0
12896.0,7878032.51,7899376.58,7901723.58,0.0,0.0,9.094192586280485,23691.070000000298,2347.0
12895.0,7877880.22,7899328.47,7901827.47,0.0,0.0,8.582733093237294,23947.25,2499.0
12791.0,7851052.93,7871563.85,7902069.85,0.0,0.0,0.672356913394084,51016.919999999925,30506.0
12640.0,7757808.77,7875949.97,7902400.97,0.0,0.0,4.466417148690038,144592.2000000002,26451.0
12873.0,7871108.6499999985,7893476.25,7908523.25,0.0,0.0,1.486515584501993,37414.60000000149,15047.0
12721.0,7794876.35,7901082.81,7909187.81,0.0,0.0,13.103819864281304,114311.45999999996,8105.0
12794.0,7851262.45,7877206.46,7909188.46,0.0,0.0,0.8112066162216177,57926.00999999978,31982.0
12886.0,7875458.13,7895108.85,7910005.85,0.0,0.0,1.3191058602402994,34547.71999999974,14897.0
12642.0,7761319.2,7884973.95,7911632.95,0.0,0.0,4.638386661165085,150313.75,26659.0
12749.0,7812461.479999999,7911632.95,7911845.95,0.0,0.0,465.59375586855214,99384.4700000016,213.0
12754.0,7813637.12,7911845.95,7912038.95,0.0,0.0,508.8540414507776,98401.83000000007,193.0
12872.0,7871073.729999999,7893476.25,7912660.25,0.0,0.0,1.167771059216087,41586.520000001416,19184.0
12737.0,7802203.729999999,7901312.42,7913142.42,0.0,0.0,8.37774218089614,110938.69000000134,11830.0
12760.0,7815141.59,7913142.42,7913411.42,0.0,0.0,364.31535315985155,98269.83000000007,269.0
12770.0,7817757.68,7913411.42,7913604.42,0.0,0.0,495.6152331606229,95846.74000000022,193.0
12641.0,7760353.08,7884973.95,7914620.95,0.0,0.0,4.203490066448548,154267.8700000001,29647.0
12776.0,7819137.99,7914620.95,7914771.95,0.0,0.0,632.3374834437084,95633.95999999996,151.0
12864.0,7870433.529999998,7889516.14,7914996.14,0.0,0.0,0.7489250392465175,44562.61000000127,25480.0
12755.0,7813754.49,7912038.95,7917625.95,0.0,0.0,17.59163415070699,103871.45999999996,5587.0
12675.0,7780187.64,7917625.95,7917714.95,0.0,0.0,1544.2506741573093,137527.31000000052,89.0
12694.0,7783397.37,7892756.62,7918967.62,0.0,0.0,4.172265461065964,135570.25,26211.0
12884.0,7875426.12,7894898.25,7919181.25,0.0,0.0,0.8018832104764604,43755.12999999989,24283.0
12556.0,7694528.88,7722142.96,7919609.96,0.0,0.0,0.1398414925025451,225081.08000000007,197467.0
12665.0,7779928.6499999985,7919609.96,7919702.96,0.0,0.0,1501.9495698924889,139774.31000000145,93.0
12666.0,7779928.6499999985,7919702.96,7919795.96,0.0,0.0,1502.9495698924889,139867.31000000145,93.0
12554.0,7694500.75,7721286.85,7921353.85,0.0,0.0,0.13388564830781502,226853.09999999963,200067.0
12657.0,7773054.26,7892756.62,7922844.62,0.0,0.0,3.9784086679074826,149790.36000000034,30088.0
12547.0,7693121.41,7719952.56,7924027.56,0.0,0.0,0.13147690799950726,230906.14999999944,204075.0
12684.0,7781274.04,7924027.56,7924102.56,0.0,0.0,1903.3802666666606,142828.51999999955,75.0
12863.0,7870394.729999999,7889516.14,7924667.14,0.0,0.0,0.5439791186595283,54272.41000000108,35151.0
12706.0,7789292.06,7896086.95,7925515.95,0.0,0.0,3.62889972476131,136223.8900000006,29429.0
12783.0,7848432.96,7925515.95,7925668.95,0.0,0.0,503.8103921568642,77235.99000000022,153.0
12707.0,7790149.54,7924102.56,7925925.56,0.0,0.0,73.47944048272055,135776.01999999955,1823.0
12557.0,7694538.58,7724582.95,7926490.95,0.0,0.0,0.14880227628424883,231952.3700000001,201908.0
12375.0,7463872.58,7781030.46,7927605.46,0.0,0.0,2.1637924611973385,463732.8799999999,146575.0
12738.0,7802692.6099999985,7901723.58,7928463.58,0.0,0.0,3.703476813762214,125770.9700000016,26740.0
12806.0,7852952.189999999,7928463.58,7928634.58,0.0,0.0,441.58707602340075,75682.39000000153,171.0
12868.0,7870820.56,7889769.25,7928702.25,0.0,0.0,0.486699971746344,57881.69000000041,38933.0
12807.0,7853006.51,7928634.58,7928865.58,0.0,0.0,327.3942424242437,75859.0700000003,231.0
12599.0,7707000.17,7834136.85,7929692.85,0.0,0.0,1.3304939511909215,222692.6799999997,95556.0
12713.0,7790848.91,7929692.85,7929759.85,0.0,0.0,2072.2976119402906,138910.93999999948,67.0
12714.0,7790894.5,7929759.85,7929859.85,0.0,0.0,1388.6534999999963,138965.34999999963,100.0
12862.0,7870317.13,7885492.85,7930007.85,0.0,0.0,0.34091250140401524,59690.71999999974,44515.0
12560.0,7694576.41,7731041.34,7930015.34,0.0,0.0,0.18326479841587193,235438.9299999997,198974.0
12715.0,7791050.67,7929859.85,7930813.85,0.0,0.0,145.50228511530366,139763.1799999997,954.0
12897.0,7880397.37,7910005.85,7931840.85,0.0,0.0,1.3560100755667284,51443.479999999516,21835.0
12708.0,7790197.069999998,7925925.56,7932504.56,0.0,0.0,20.63056543547669,142307.49000000115,6579.0
12740.0,7806977.1,7932504.56,7933997.56,0.0,0.0,84.0773342263898,127020.45999999996,1493.0
12745.0,7809142.14,7933997.56,7934101.56,0.0,0.0,1200.5328846153839,124959.41999999993,104.0
12746.0,7811180.1099999985,7934101.56,7934174.56,0.0,0.0,1683.85547945207,122994.45000000112,73.0
12747.0,7811424.55,7934174.56,7934247.56,0.0,0.0,1681.5069863013669,122823.00999999978,73.0
12748.0,7811905.67,7934247.56,7934348.56,0.0,0.0,1211.3058415841551,122442.88999999966,101.0
12751.0,7812615.71,7934348.56,7934450.56,0.0,0.0,1193.4593137254865,121834.84999999963,102.0
12752.0,7812755.39,7934450.56,7934555.56,0.0,0.0,1159.0016190476183,121800.16999999993,105.0
12753.0,7813272.3999999985,7934555.56,7934657.56,0.0,0.0,1189.0505882353048,121385.16000000108,102.0
12756.0,7813890.29,7934657.56,7934730.56,0.0,0.0,1654.3461643835556,120840.26999999955,73.0
12933.0,7934653.35,7934653.35,7934743.35,0.0,0.0,0.0,90.0,90.0
12758.0,7814944.68,7934730.56,7934803.56,0.0,0.0,1640.902465753423,119858.87999999989,73.0
12934.0,7934745.5,7934745.5,7934816.5,0.0,0.0,0.0,71.0,71.0
12759.0,7815034.89,7934803.56,7934907.56,0.0,0.0,1151.6218269230762,119872.66999999993,104.0
12936.0,7934896.819999998,7934896.819999998,7934966.819999998,0.0,0.0,0.0,70.0,70.0
12762.0,7815463.63,7934907.56,7934981.56,0.0,0.0,1614.1071621621581,119517.9299999997,74.0
12763.0,7815588.76,7934981.56,7935079.56,0.0,0.0,1218.2938775510186,119490.79999999981,98.0
12764.0,7816062.12,7935079.56,7935153.56,0.0,0.0,1608.3437837837766,119091.43999999948,74.0
12765.0,7816426.84,7935153.56,7935227.56,0.0,0.0,1604.4151351351315,118800.71999999974,74.0
12766.0,7816909.8999999985,7935227.56,7935300.56,0.0,0.0,1620.7898630137133,118390.66000000108,73.0
12716.0,7791339.729999999,7930015.34,7935367.34,0.0,0.0,25.910988415545827,144027.61000000127,5352.0
12767.0,7817306.63,7935300.56,7935374.56,0.0,0.0,1594.5125675675636,118067.9299999997,74.0
12768.0,7817461.83,7935367.34,7935440.34,0.0,0.0,1615.1439726027368,117978.50999999978,73.0
12769.0,7817549.13,7935374.56,7935447.56,0.0,0.0,1614.0469863013657,117898.4299999997,73.0
12773.0,7818060.319999998,7935447.56,7935520.56,0.0,0.0,1608.0443835616597,117460.24000000115,73.0
12771.0,7817833.34,7935440.34,7935529.34,0.0,0.0,1321.426966292135,117696.0,89.0
12774.0,7818409.52,7935520.56,7935593.56,0.0,0.0,1604.2608219178087,117184.04000000004,73.0
12871.0,7871061.12,7892827.0,7935655.0,0.0,0.0,0.5082161202951314,64593.87999999989,42828.0
12744.0,7808785.18,7909187.81,7935845.81,0.0,0.0,3.766322679870954,127060.62999999989,26658.0
12559.0,7694560.89,7731041.34,7936354.34,0.0,0.0,0.1776821243662125,241793.4500000002,205313.0
12870.0,7870968.0,7892827.0,7936837.0,0.0,0.0,0.49668257214269484,65869.0,44010.0
12940.0,7935362.42,7936837.0,7937081.0,0.0,0.0,6.04336065573801,1718.5800000000745,244.0
12941.0,7935587.46,7937081.0,7937682.0,0.0,0.0,2.4850915141431567,2094.5400000000373,601.0
12943.0,7936135.51,7937682.0,7939961.0,0.0,0.0,0.6785827117157628,3825.4900000002235,2279.0
12938.0,7935022.92,7935022.92,7940501.92,0.0,0.0,0.0,5479.0,5479.0
12878.0,7874399.8599999985,7931840.85,7941191.85,0.0,0.0,6.142764410223629,66791.99000000115,9351.0
12709.0,7790281.46,7926490.95,7941810.95,0.0,0.0,8.89095887728461,151529.49000000022,15320.0
12944.0,7936158.79,7939961.0,7942215.0,0.0,0.0,1.6868722271517138,6056.209999999963,2254.0
12861.0,7870282.21,7881486.0,7942845.0,0.0,0.0,0.18259407747844714,72562.79000000004,61359.0
12772.0,7817882.81,7913604.42,7942889.42,0.0,0.0,3.2686225029878893,125006.61000000034,29285.0
12939.0,7935116.04,7935655.0,7943454.0,0.0,0.0,0.06910629567892843,8337.959999999963,7799.0
12882.0,7875372.77,7941191.85,7943660.85,0.0,0.0,26.658193600648065,68288.08000000007,2469.0
12891.0,7877551.39,7943660.85,7943842.85,0.0,0.0,363.238791208791,66291.45999999996,182.0
12960.0,7943481.319999998,7943481.319999998,7943863.319999998,0.0,0.0,0.0,382.0,382.0
12739.0,7806918.8999999985,7930813.85,7943922.85,0.0,0.0,9.451136623693731,137003.95000000112,13109.0
12892.0,7877665.85,7943842.85,7943993.85,0.0,0.0,438.2582781456954,66328.0,151.0
12883.0,7875407.689999999,7942215.0,7944171.0,0.0,0.0,34.155066462168435,68763.31000000145,1956.0
12780.0,7828557.66,7917714.95,7944264.95,0.0,0.0,3.358090018832393,115707.29000000004,26550.0
12777.0,7819243.72,7914771.95,7944907.95,0.0,0.0,3.1699041014069698,125664.23000000045,30136.0
12781.0,7834603.67,7918967.62,7945501.62,0.0,0.0,3.179465968191761,110897.95000000019,26534.0
12885.0,7875441.64,7942889.42,7945517.42,0.0,0.0,25.66506088280071,70075.78000000026,2628.0
12963.0,7946114.87,7946114.87,7946416.87,0.0,0.0,0.0,302.0,302.0
12967.0,7946755.069999998,7946755.069999998,7946927.069999998,0.0,0.0,0.0,172.0,172.0
12898.0,7880401.25,7924667.14,7946961.14,0.0,0.0,1.9855517179510032,66559.88999999966,22294.0
12968.0,7946993.689999999,7946993.689999999,7947263.689999999,0.0,0.0,0.0,270.0,270.0
12869.0,7870904.95,7892827.0,7948533.0,0.0,0.0,0.39353121746310654,77628.04999999981,55706.0
12969.0,7948244.99,7948244.99,7948610.99,0.0,0.0,0.0,366.0,366.0
12971.0,7948763.939999999,7948763.939999999,7948977.939999999,0.0,0.0,0.0,214.0,214.0
12899.0,7880406.1,7930007.85,7952177.85,0.0,0.0,2.23733649075327,71771.75,22170.0
12797.0,7851488.46,7941810.95,7952415.95,0.0,0.0,8.5169721829326,100927.49000000022,10605.0
12782.0,7846254.34,7922844.62,7952903.62,0.0,0.0,2.5479982700688732,106649.28000000026,30059.0
12978.0,7952598.35,7952598.35,7952997.35,0.0,0.0,0.0,399.0,399.0
12979.0,7953371.439999999,7953371.439999999,7953418.439999999,0.0,0.0,0.0,47.0,47.0
12980.0,7953454.8599999985,7953454.8599999985,7954113.8599999985,0.0,0.0,0.0,659.0,659.0
12798.0,7851543.75,7943922.85,7954404.85,0.0,0.0,8.813117725624846,102861.09999999963,10482.0
12562.0,7694590.96,7738796.95,7954796.95,0.0,0.0,0.20465736111111216,260205.99000000022,216000.0
12973.0,7950489.569999998,7954796.95,7955001.95,0.0,0.0,21.0116097561061,4512.380000001751,205.0
12838.0,7860264.05,7928865.58,7955115.58,0.0,0.0,2.613391619047629,94851.53000000026,26250.0
12975.0,7950863.02,7955001.95,7955199.95,0.0,0.0,20.903686868690066,4336.930000000633,198.0
12977.0,7951963.97,7955199.95,7955398.95,0.0,0.0,16.261206030153,3434.980000000447,199.0
12785.0,7848540.63,7925668.95,7955656.95,0.0,0.0,2.571972789115656,107116.3200000003,29988.0
12877.0,7873897.3999999985,7901827.47,7956793.47,0.0,0.0,0.5081335734818111,82896.07000000123,54966.0
12946.0,7936211.17,7955656.95,7957856.95,0.0,0.0,8.838990909091027,21645.78000000026,2200.0
12945.0,7936184.01,7955656.95,7957877.95,0.0,0.0,8.767645204862859,21693.94000000041,2221.0
12993.0,7957869.33,7957869.33,7958503.33,0.0,0.0,0.0,634.0,634.0
12994.0,7958850.97,7958850.97,7959519.97,0.0,0.0,0.0,669.0,669.0
12901.0,7883998.01,7944264.95,7961059.95,0.0,0.0,3.5883858291158326,77061.94000000041,16795.0
12949.0,7939088.189999999,7956793.47,7961068.47,0.0,0.0,4.14158596491256,21980.280000001192,4275.0
12799.0,7851574.79,7952415.95,7961142.95,0.0,0.0,11.555077346167085,109568.16000000015,8727.0
12825.0,7856825.3999999985,7961142.95,7961238.95,0.0,0.0,1086.6411458333507,104413.55000000168,96.0
12826.0,7856861.29,7961238.95,7961340.95,0.0,0.0,1023.3103921568642,104479.66000000015,102.0
12955.0,7942344.479999999,7961068.47,7961347.47,0.0,0.0,67.11107526882134,19002.990000001155,279.0
12951.0,7939141.54,7957877.95,7962098.95,0.0,0.0,4.43885572139307,22957.41000000015,4221.0
12600.0,7707005.02,7866545.0,7962101.0,0.0,0.0,1.6695966762945336,255095.98000000045,95556.0
12950.0,7939109.529999998,7957856.95,7962109.95,0.0,0.0,4.408046085116809,23000.420000001788,4253.0
12681.0,7780694.95,7790244.46,7962341.46,0.0,0.0,0.055489113697506504,181646.50999999978,172097.0
12959.0,7943267.92,7962098.95,7962389.95,0.0,0.0,64.71144329896997,19122.03000000026,291.0
12956.0,7942680.1,7961347.47,7963126.47,0.0,0.0,10.493181562675723,20446.37000000011,1779.0
12632.0,7740522.3999999985,7761989.34,7963535.34,0.0,0.0,0.10651136713207576,223012.94000000134,201546.0
12947.0,7936689.38,7962109.95,7963962.95,0.0,0.0,13.718602266594871,27273.570000000298,1853.0
12601.0,7707008.8999999985,7868820.47,7964365.47,0.0,0.0,1.6935639750902844,257356.57000000123,95545.0
12822.0,7856589.689999999,7954404.85,7964639.85,0.0,0.0,9.556928187591703,108050.16000000108,10235.0
12957.0,7943046.76,7963126.47,7964856.47,0.0,0.0,11.606768786127146,21809.709999999963,1730.0
12982.0,7954752.72,7964856.47,7964914.47,0.0,0.0,174.20258620689654,10161.75,58.0
12983.0,7954761.45,7964914.47,7964972.47,0.0,0.0,175.05206896550953,10211.019999999553,58.0
12942.0,7935643.72,7952177.85,7965008.85,0.0,0.0,1.28860805860805,29365.12999999989,12831.0
12952.0,7939178.3999999985,7961059.95,7965237.95,0.0,0.0,5.237326471996572,26059.550000001676,4178.0
12824.0,7856764.29,7954796.95,7965591.95,0.0,0.0,9.081302454840218,108827.66000000015,10795.0
12961.0,7944079.81,7963962.95,7965714.95,0.0,0.0,11.348824200913581,21635.140000000596,1752.0
12984.0,7954817.71,7964972.47,7965770.47,0.0,0.0,12.725263157894457,10952.759999999776,798.0
12988.0,7955160.12,7965770.47,7965824.47,0.0,0.0,196.48796296295606,10664.349999999627,54.0
12985.0,7954829.35,7965008.85,7965826.85,0.0,0.0,12.44437652811736,10997.5,818.0
12989.0,7955166.91,7965824.47,7965877.47,0.0,0.0,201.08603773584133,10710.55999999959,53.0
12986.0,7954839.05,7965237.95,7966044.95,0.0,0.0,12.885873605948417,11205.900000000373,807.0
12958.0,7943061.31,7963535.34,7966185.34,0.0,0.0,7.726049056603872,23124.03000000026,2650.0
12997.0,7963518.6099999985,7966044.95,7966238.95,0.0,0.0,13.022371134029452,2720.3400000017136,194.0
12881.0,7875360.16,7935845.81,7966319.81,0.0,0.0,1.9848280501410855,90959.64999999944,30474.0
12575.0,7700777.62,7707187.16,7966387.16,0.0,0.0,0.024728163580247056,265609.54000000004,259200.0
12992.0,7956315.39,7965826.85,7966618.85,0.0,0.0,12.009419191919145,10303.459999999963,792.0
12987.0,7954847.779999998,7965714.95,7966872.95,0.0,0.0,9.384430051815016,12025.170000001788,1158.0
13008.0,7969098.05,7969098.05,7969635.05,0.0,0.0,0.0,537.0,537.0
12602.0,7707011.81,7868820.47,7970147.47,0.0,0.0,1.5968957928291585,263135.66000000015,101327.0
12800.0,7851761.029999998,7970147.47,7970340.47,0.0,0.0,613.401243523323,118579.44000000134,193.0
12801.0,7852098.59,7970340.47,7970446.47,0.0,0.0,1115.489433962263,118347.87999999989,106.0
12805.0,7852796.99,7970446.47,7970576.47,0.0,0.0,904.9959999999962,117779.47999999952,130.0
12808.0,7853158.8,7970576.47,7970755.47,0.0,0.0,655.964636871508,117596.66999999993,179.0
12809.0,7853316.91,7970755.47,7970884.47,0.0,0.0,910.376434108524,117567.55999999959,129.0
12837.0,7858994.319999998,7966618.85,7970925.85,0.0,0.0,24.988281866728858,111931.53000000119,4307.0
12810.0,7853482.779999998,7970884.47,7970978.47,0.0,0.0,1248.9541489361845,117495.69000000134,94.0
12813.0,7853619.55,7970978.47,7971155.47,0.0,0.0,663.0447457627115,117535.91999999993,177.0
12904.0,7885663.5,7944907.95,7971170.95,0.0,0.0,2.2558142634124123,85507.45000000019,26263.0
12814.0,7853743.71,7971155.47,7971332.47,0.0,0.0,663.343276836157,117588.75999999978,177.0
12815.0,7853981.3599999985,7971332.47,7971467.47,0.0,0.0,869.2674814814909,117486.11000000127,135.0
12996.0,7963445.8599999985,7965877.47,7971524.47,0.0,0.0,0.43060208960532437,8078.610000001267,5647.0
12839.0,7861688.01,7970925.85,7972106.85,0.0,0.0,92.49605419136313,110418.83999999985,1181.0
12995.0,7959732.7,7959732.7,7973065.7,0.0,0.0,0.0,13333.0,13333.0
12893.0,7877777.3999999985,7943993.85,7973109.85,0.0,0.0,2.2742289462838685,95332.45000000112,29116.0
12840.0,7861699.6499999985,7972106.85,7973276.85,0.0,0.0,94.36512820512917,111577.20000000112,1170.0
12923.0,7911076.529999998,7946961.14,7973409.14,0.0,0.0,1.3567986237145064,62332.61000000127,26448.0
12841.0,7861721.96,7973109.85,7974257.85,0.0,0.0,97.02777874564431,112535.88999999966,1148.0
12917.0,7905976.27,7945517.42,7974943.42,0.0,0.0,1.3437487256168141,68967.15000000037,29426.0
12916.0,7904879.2,7945501.62,7975678.62,0.0,0.0,1.3461384498127689,70799.41999999993,30177.0
13001.0,7967133.8,7975678.62,7975793.62,0.0,0.0,74.30278260869824,8659.820000000298,115.0
13002.0,7967239.529999998,7975793.62,7976451.62,0.0,0.0,13.000136778118106,9212.090000001714,658.0
13003.0,7967861.3,7976451.62,7976713.62,0.0,0.0,32.78748091603167,8852.320000000298,262.0
13004.0,7968097.01,7976713.62,7977158.62,0.0,0.0,19.363168539326598,9061.610000000335,445.0
13005.0,7968590.74,7977158.62,7977401.62,0.0,0.0,35.25876543209831,8810.879999999888,243.0
13011.0,7969616.029999998,7977401.62,7977828.62,0.0,0.0,18.233231850121108,8212.590000001714,427.0
13012.0,7969747.95,7977828.62,7978005.62,0.0,0.0,45.653502824858336,8257.669999999925,177.0
13013.0,7970006.939999999,7978005.62,7978235.62,0.0,0.0,34.776869565224196,8228.680000001565,230.0
13014.0,7970069.02,7978235.62,7978428.62,0.0,0.0,42.313989637308595,8359.600000000559,193.0
13015.0,7970250.41,7978428.62,7978828.62,0.0,0.0,20.445524999999908,8578.209999999963,400.0
13017.0,7970419.189999999,7978828.62,7979215.62,0.0,0.0,21.72979328165779,8796.430000001565,387.0
13018.0,7970640.35,7979215.62,7979577.62,0.0,0.0,23.688591160222334,8937.270000000484,362.0
13020.0,7970787.79,7979577.62,7979740.62,0.0,0.0,53.92533742331334,8952.830000000075,163.0
13022.0,7971060.3599999985,7979740.62,7979920.62,0.0,0.0,48.223666666675776,8860.26000000164,180.0
13023.0,7971196.16,7979920.62,7983133.62,0.0,0.0,2.715362589480225,11937.459999999963,3213.0
12931.0,7934105.3,7952903.62,7983415.62,0.0,0.0,0.6160959622443727,49310.3200000003,30512.0
12875.0,7873787.79,7896745.95,7983546.95,0.0,0.0,0.2644918837340601,109759.16000000015,86801.0
12834.0,7858839.12,7964365.47,7984525.47,0.0,0.0,5.234441964285696,125686.34999999963,20160.0
12932.0,7934451.59,7955115.58,7985124.58,0.0,0.0,0.6885930887400521,50672.99000000022,30009.0
12835.0,7858901.2,7964639.85,7986150.85,0.0,0.0,4.915561805587813,127249.64999999944,21511.0
12908.0,7896228.74,7986150.85,7986248.85,0.0,0.0,917.5725510204021,90020.1099999994,98.0
12909.0,7896243.29,7986248.85,7986324.85,0.0,0.0,1184.283684210521,90081.55999999959,76.0
12910.0,7896417.89,7986324.85,7986424.85,0.0,0.0,899.0695999999996,90006.95999999996,100.0
12911.0,7896454.75,7986424.85,7986515.85,0.0,0.0,988.6824175824134,90061.09999999963,91.0
13025.0,7971322.26,7983133.62,7986755.62,0.0,0.0,3.261004969630131,15433.360000000335,3622.0
13054.0,7985911.06,7985911.06,7987478.06,0.0,0.0,0.0,1567.0,1567.0
13056.0,7985981.87,7985981.87,7987620.87,0.0,0.0,0.0,1639.0,1639.0
12948.0,7938442.17,7962389.95,7988763.95,0.0,0.0,0.90800712823236,50321.78000000026,26374.0
13033.0,7974908.35,7988763.95,7989024.95,0.0,0.0,53.08659003831632,14116.600000000559,261.0
13029.0,7972429.029999998,7986755.62,7989044.62,0.0,0.0,6.258885976409661,16615.590000001714,2289.0
13034.0,7975672.71,7989024.95,7989124.95,0.0,0.0,133.52240000000222,13452.240000000224,100.0
13037.0,7976805.67,7989124.95,7989259.95,0.0,0.0,91.25392592592786,12454.28000000026,135.0
13057.0,7986014.85,7987478.06,7989284.06,0.0,0.0,0.8101937984495918,3269.2099999999627,1806.0
13038.0,7976988.029999998,7989259.95,7989372.95,0.0,0.0,108.60106194691848,12384.920000001788,113.0
13000.0,7963987.12,7966319.81,7992548.81,0.0,0.0,0.08893552937586177,28561.68999999948,26229.0
13035.0,7975756.13,7989044.62,7992915.62,0.0,0.0,3.4328313097391434,17159.490000000224,3871.0
12829.0,7857263.84,7962101.0,7993729.0,0.0,0.0,3.314694574427727,136465.16000000015,31628.0
12828.0,7857222.13,7961340.95,7994989.95,0.0,0.0,3.094261939433573,137767.8200000003,33649.0
13039.0,7977075.33,7992915.62,7995064.62,0.0,0.0,7.371005118659859,17989.290000000037,2149.0
13040.0,7977991.979999999,7995064.62,7995686.62,0.0,0.0,27.447974276529788,17694.640000001527,622.0
13041.0,7978611.81,7995686.62,7996081.62,0.0,0.0,43.227367088608915,17469.81000000052,395.0
12999.0,7963635.979999999,7966238.95,7996424.95,0.0,0.0,0.08623103425434314,32788.9700000016,30186.0
12998.0,7963615.6099999985,7966185.34,7996698.34,0.0,0.0,0.08421754661951884,33082.73000000138,30513.0
13042.0,7978880.5,7996081.62,7997668.62,0.0,0.0,10.838764965343486,18788.12000000011,1587.0
13055.0,7985944.04,7985944.04,7997985.04,0.0,0.0,0.0,12041.0,12041.0
12900.0,7883501.37,7944171.0,8008715.0,0.0,0.0,0.9399731965790761,125213.62999999989,64544.0
12669.0,7780080.939999999,7899363.95,8010963.95,0.0,0.0,1.0688441756272549,230883.01000000164,111600.0
12962.0,7945415.5,8010963.95,8011071.95,0.0,0.0,606.9300925925943,65656.45000000019,108.0
12929.0,7929182.55,7929182.55,8012550.55,0.0,0.0,0.0,83368.0,83368.0
12964.0,7946240.0,8011071.95,8012781.95,0.0,0.0,37.91342105263169,66541.95000000019,1710.0
13043.0,7978969.74,8008715.0,8014551.0,0.0,0.0,5.096857436600373,35581.25999999978,5836.0
13051.0,7985191.319999998,8014551.0,8015238.0,0.0,0.0,42.73606986899791,30046.680000001565,687.0
12846.0,7862907.3,7974943.42,8017819.42,0.0,0.0,2.6130264017165805,154912.1200000001,42876.0
12823.0,7856728.3999999985,8017819.42,8018694.42,0.0,0.0,184.10402285714449,161966.02000000142,875.0
12845.0,7862903.42,7974257.85,8018927.85,0.0,0.0,2.492823595254079,156024.4299999997,44670.0
12965.0,7946306.93,8018927.85,8019000.85,0.0,0.0,994.8071232876703,72693.91999999993,73.0
12966.0,7946411.689999999,8019000.85,8019074.85,0.0,0.0,980.9345945946092,72663.16000000108,74.0
12671.0,7780081.91,7919795.96,8019167.96,0.0,0.0,1.4059699915469128,239086.0499999998,99372.0
12912.0,7896544.96,7986515.85,8020017.85,0.0,0.0,2.685537878335612,123472.88999999966,33502.0
12972.0,7949683.5,8020017.85,8020091.85,0.0,0.0,950.4641891891841,70408.34999999963,74.0
12974.0,7950603.06,8020091.85,8020439.85,0.0,0.0,199.68043103448287,69836.79000000004,348.0
12976.0,7951715.6499999985,8020439.85,8020818.85,0.0,0.0,181.33034300791851,69103.20000000112,379.0
12981.0,7954541.26,8020818.85,8021196.85,0.0,0.0,175.3375396825393,66655.58999999985,378.0
13061.0,8002073.2,8002073.2,8021479.2,0.0,0.0,0.0,19406.0,19406.0
13059.0,7992872.75,7992872.75,8022097.75,0.0,0.0,0.0,29225.0,29225.0
12913.0,7896562.42,7989372.95,8024134.95,0.0,0.0,2.6698846441516673,127572.53000000026,34762.0
13063.0,8021241.37,8024134.95,8024911.95,0.0,0.0,3.72404118404128,3670.5800000000745,777.0
13064.0,8021255.92,8024134.95,8024913.95,0.0,0.0,3.6958023106550204,3658.0300000002608,779.0
12775.0,7818963.39,7935529.34,8025409.34,0.0,0.0,1.2969064307966198,206445.9500000002,89880.0
13065.0,8021266.59,8024911.95,8025691.95,0.0,0.0,4.673538461538891,4425.360000000335,780.0
13066.0,8021279.2,8024913.95,8025702.95,0.0,0.0,4.606780735107732,4423.75,789.0
13068.0,8023839.029999998,8025409.34,8025886.34,0.0,0.0,3.292054507340572,2047.3100000014529,477.0
12564.0,7696395.16,7853332.8599999985,8026132.8599999985,0.0,0.0,0.9082042824073977,329737.6999999983,172800.0
13070.0,8024456.92,8025702.95,8026477.95,0.0,0.0,1.6077806451616268,2021.0300000002608,775.0
13071.0,8025864.39,8025886.34,8026659.34,0.0,0.0,0.028395860284846395,794.9500000001863,773.0
13060.0,7993171.51,7996424.95,8026761.95,0.0,0.0,0.10724330026042159,33590.44000000041,30337.0
13067.0,8022552.81,8025409.34,8027311.34,0.0,0.0,1.5018559411147534,4758.530000000261,1902.0
13072.0,8027914.0,8027914.0,8028712.0,0.0,0.0,0.0,798.0,798.0
12830.0,7857552.8999999985,8018694.42,8029244.42,0.0,0.0,15.274077725118618,171691.52000000142,10550.0
12672.0,7780081.91,7921353.85,8030387.85,0.0,0.0,1.2956686905002062,250305.93999999948,109034.0
12836.0,7858954.55,7965591.95,8031023.95,0.0,0.0,1.6297438562171471,172069.40000000037,65432.0
12464.0,7609693.6499999985,7887042.13,8034391.13,0.0,0.0,1.8822555972555048,424697.4800000014,147349.0
12918.0,7906337.1099999985,8034391.13,8034464.13,0.0,0.0,1754.1646575342659,128127.02000000142,73.0
12919.0,7906371.06,8034464.13,8034593.13,0.0,0.0,992.9695348837232,128222.0700000003,129.0
12920.0,7906962.76,8034593.13,8034697.13,0.0,0.0,1227.2150961538473,127734.37000000011,104.0
12921.0,7907255.7,8034697.13,8034832.13,0.0,0.0,944.0105925925903,127576.4299999997,135.0
12922.0,7907484.62,8034832.13,8035008.13,0.0,0.0,723.5653977272715,127523.50999999978,176.0
13006.0,7968659.6099999985,8035008.13,8035073.13,0.0,0.0,1020.7464615384833,66413.52000000142,65.0
13007.0,7968711.02,8035073.13,8035188.13,0.0,0.0,577.0618260869594,66477.11000000034,115.0
12844.0,7862899.54,7973276.85,8035240.85,0.0,0.0,1.7813135046155766,172341.3099999996,61964.0
13009.0,7969134.91,8035188.13,8035334.13,0.0,0.0,452.41931506849136,66199.21999999974,146.0
13074.0,8035239.439999999,8035240.85,8035338.85,0.0,0.0,0.014387755113064634,99.41000000108033,98.0
13010.0,7969395.84,8035334.13,8035455.13,0.0,0.0,544.9445454545457,66059.29000000004,121.0
13075.0,8035311.22,8035338.85,8035456.85,0.0,0.0,0.23415254237193425,145.62999999988824,118.0
13016.0,7970348.38,8035455.13,8035640.13,0.0,0.0,351.9283783783784,65291.75,185.0
13073.0,8034550.74,8035240.85,8035778.85,0.0,0.0,1.282732342006327,1228.109999999404,538.0
13019.0,7970698.55,8035640.13,8035824.13,0.0,0.0,352.9433695652178,65125.580000000075,184.0
12831.0,7858150.42,8026132.8599999985,8036219.8599999985,0.0,0.0,16.653359770000847,178069.43999999855,10087.0
13021.0,7970888.67,8036219.8599999985,8036375.8599999985,0.0,0.0,418.7896794871702,65487.18999999855,156.0
13024.0,7971257.27,8036375.8599999985,8036513.8599999985,0.0,0.0,471.8738405797023,65256.58999999892,138.0
13026.0,7971751.97,8036513.8599999985,8036660.8599999985,0.0,0.0,440.55707482992335,64908.88999999873,147.0
12832.0,7858165.939999999,8026659.34,8036724.34,0.0,0.0,16.74052657724802,178558.4000000013,10065.0
13027.0,7971940.1499999985,8036660.8599999985,8036806.8599999985,0.0,0.0,443.2925342465751,64866.70999999996,146.0
13028.0,7972136.09,8036724.34,8036877.34,0.0,0.0,422.1454248366013,64741.25,153.0
13030.0,7972510.51,8036806.8599999985,8037014.8599999985,0.0,0.0,309.11706730768606,64504.349999998696,208.0
13031.0,7973752.1099999985,8036877.34,8037116.34,0.0,0.0,264.12230125523587,63364.23000000138,239.0
13032.0,7974055.72,8037014.8599999985,8037159.8599999985,0.0,0.0,434.20096551723265,63104.13999999873,145.0
13079.0,8037178.47,8037178.47,8037298.47,0.0,0.0,0.0,120.0,120.0
13036.0,7976016.09,8037116.34,8037324.34,0.0,0.0,293.7512019230769,61308.25,208.0
13044.0,7981123.14,8037159.8599999985,8037367.8599999985,0.0,0.0,269.40730769230197,56244.71999999881,208.0
13045.0,7981776.92,8037324.34,8037532.34,0.0,0.0,267.0549038461535,55755.419999999925,208.0
13046.0,7981947.64,8037367.8599999985,8037555.8599999985,0.0,0.0,294.7884042553128,55608.21999999881,188.0
13047.0,7982959.35,8037532.34,8037730.34,0.0,0.0,275.62116161616274,54770.99000000022,198.0
13048.0,7983114.55,8037555.8599999985,8037837.8599999985,0.0,0.0,193.05429078013708,54723.30999999866,282.0
13049.0,7983808.1,8037730.34,8037882.34,0.0,0.0,354.75157894736986,54074.24000000022,152.0
13050.0,7984051.569999998,8037837.8599999985,8037961.8599999985,0.0,0.0,433.7604032258067,53910.29000000004,124.0
13077.0,8036124.08,8037961.8599999985,8038051.8599999985,0.0,0.0,20.41977777775998,1927.7799999983981,90.0
13058.0,7988626.09,8037882.34,8038068.34,0.0,0.0,264.81854838709677,49442.25,186.0
13076.0,8035867.029999998,8037961.8599999985,8038140.8599999985,0.0,0.0,11.702960893855165,2273.8300000000745,179.0
12670.0,7780080.939999999,7902400.97,8038190.97,0.0,0.0,0.9008029309964003,258110.0300000012,135790.0
13078.0,8036244.3599999985,8037961.8599999985,8038209.8599999985,0.0,0.0,6.925403225806452,1965.5,248.0
12651.0,7771471.22,8038190.97,8038263.97,0.0,0.0,3653.695205479452,266792.75,73.0
12833.0,7858177.58,8031023.95,8041398.95,0.0,0.0,16.65989108433736,183221.3700000001,10375.0
12645.0,7764235.02,8035824.13,8043561.13,0.0,0.0,35.10263797337473,279326.11000000034,7737.0
12820.0,7854938.75,7971467.47,8048724.47,0.0,0.0,1.5083257180579073,193785.71999999974,77257.0
13062.0,8021180.26,8022097.75,8052121.75,0.0,0.0,0.030558553157481464,30941.490000000224,30024.0
13081.0,8037500.51,8038051.8599999985,8053203.8599999985,0.0,0.0,0.036387935585975195,15703.349999998696,15152.0
12903.0,7885243.49,8053203.8599999985,8053276.8599999985,0.0,0.0,2300.826986301346,168033.36999999825,73.0
12905.0,7886588.88,8053276.8599999985,8053377.8599999985,0.0,0.0,1650.3760396039463,166788.97999999858,101.0
12906.0,7886973.0,8053377.8599999985,8053492.8599999985,0.0,0.0,1446.9987826086824,166519.85999999847,115.0
13080.0,8037407.39,8037961.8599999985,8053594.8599999985,0.0,0.0,0.035467920424666274,16187.469999998808,15633.0
12907.0,7887125.29,8053492.8599999985,8053596.8599999985,0.0,0.0,1599.688173076908,166471.56999999844,104.0
12847.0,7863151.74,7983546.95,8053973.95,0.0,0.0,1.7095035994717929,190822.20999999996,70427.0
13069.0,8024360.89,8025691.95,8055709.95,0.0,0.0,0.044342061429826156,31349.06000000052,30018.0
12914.0,7897497.5,7993729.0,8066028.0,0.0,0.0,1.331021175949875,168530.5,72299.0
13084.0,8063403.39,8063403.39,8067591.39,0.0,0.0,0.0,4188.0,4188.0
13085.0,8063953.38,8063953.38,8067616.38,0.0,0.0,0.0,3663.0,3663.0
12915.0,7897504.29,7994989.95,8070456.95,0.0,0.0,1.2917654073966125,172952.66000000015,75467.0
12612.0,7714714.58,8029244.42,8072678.42,0.0,0.0,7.241558226274344,357963.83999999985,43434.0
12621.0,7732001.92,8034391.13,8077857.13,0.0,0.0,6.956913679657663,345855.20999999996,43466.0
12622.0,7732044.6,8034391.13,8077857.13,0.0,0.0,6.955931762757103,345812.53000000026,43466.0
12613.0,7714945.439999999,8034391.13,8077924.13,0.0,0.0,7.338012312498595,362978.69000000134,43533.0
13082.0,8050236.6099999985,8050236.6099999985,8080218.6099999985,0.0,0.0,0.0,29982.0,29982.0
12652.0,7771730.21,8038263.97,8081690.97,0.0,0.0,6.137512607364077,309960.7599999998,43427.0
12851.0,7864174.12,7984525.47,8083464.47,0.0,0.0,1.2164197131565877,219290.34999999963,98939.0
13083.0,8053437.6099999985,8053973.95,8084019.95,0.0,0.0,0.017850629035535966,30582.340000001714,30046.0
12653.0,7771916.45,8043561.13,8086979.13,0.0,0.0,6.25649914781887,315062.6799999997,43418.0
13087.0,8090118.16,8090118.16,8090723.16,0.0,0.0,0.0,605.0,605.0
13089.0,8093524.8,8093524.8,8093606.8,0.0,0.0,0.0,82.0,82.0
13090.0,8093625.68,8093625.68,8093714.68,0.0,0.0,0.0,89.0,89.0
13088.0,8090715.68,8090715.68,8098063.68,0.0,0.0,0.0,7348.0,7348.0
12852.0,7864195.46,7997668.62,8098168.62,0.0,0.0,1.3280911442786085,233973.16000000015,100500.0
13091.0,8097055.6,8097055.6,8102977.6,0.0,0.0,0.0,5922.0,5922.0
13093.0,8105662.41,8105662.41,8106069.41,0.0,0.0,0.0,407.0,407.0
12778.0,7819884.89,7935593.56,8108347.56,0.0,0.0,0.6697886590180252,288462.6699999999,172754.0
12991.0,7955399.71,8021196.85,8109098.85,0.0,0.0,0.7485283611294358,153699.13999999966,87902.0
12779.0,7820754.979999999,7936354.34,8109108.34,0.0,0.0,0.669155909559265,288353.36000000127,172754.0
13086.0,8079277.439999999,8080218.6099999985,8110320.6099999985,0.0,0.0,0.03126602883529086,31043.169999999925,30102.0
13092.0,8103018.189999999,8103018.189999999,8110576.189999999,0.0,0.0,0.0,7558.0,7558.0
12853.0,7864217.77,8012781.95,8111924.95,0.0,0.0,1.4984838062193058,247707.18000000063,99143.0
12702.0,7788705.21,8070456.95,8113890.95,0.0,0.0,6.486893677763969,325185.7400000002,43434.0
12703.0,7788732.37,8072678.42,8116143.42,0.0,0.0,6.532751639249967,327411.0499999998,43465.0
12855.0,7868895.1099999985,8116143.42,8116247.42,0.0,0.0,2377.38759615386,247352.31000000145,104.0
12856.0,7869002.779999998,8116247.42,8117754.42,0.0,0.0,164.0641274054423,248751.64000000153,1507.0
12854.0,7864238.14,8019167.96,8118575.96,0.0,0.0,1.5585246660228582,254337.8200000003,99408.0
12757.0,7814126.0,8077857.13,8121336.13,0.0,0.0,6.065712872881158,307210.1299999999,43479.0
12816.0,7854406.22,8081690.97,8125143.97,0.0,0.0,5.2305882217568405,270737.75,43453.0
13094.0,8105790.45,8105790.45,8125194.45,0.0,0.0,0.0,19404.0,19404.0
12818.0,7854446.96,8086979.13,8130459.13,0.0,0.0,5.34802598896044,276012.1699999999,43480.0
13095.0,8108397.81,8108397.81,8138761.81,0.0,0.0,0.0,30364.0,30364.0
12819.0,7854478.0,8098168.62,8141618.62,0.0,0.0,5.608529804372845,287140.6200000001,43450.0
12902.0,7885037.85,8109108.34,8152638.34,0.0,0.0,5.147495750057437,267600.4900000002,43530.0
12696.0,7784467.279999998,8053596.8599999985,8163976.8599999985,0.0,0.0,2.4382096394274333,379509.5800000001,110380.0
12695.0,7784419.75,8048724.47,8163995.47,0.0,0.0,2.2928986475349373,379575.71999999974,115271.0
12925.0,7928835.29,8121336.13,8164793.13,0.0,0.0,4.429685436178287,235957.83999999985,43457.0
13102.0,8137816.939999999,8137816.939999999,8167982.939999999,0.0,0.0,0.0,30166.0,30166.0
12926.0,7928864.39,8125143.97,8168572.97,0.0,0.0,4.519550991273114,239708.58000000007,43429.0
12927.0,7928912.89,8130459.13,8173891.13,0.0,0.0,4.64050101307792,244978.24000000022,43432.0
13103.0,8166998.42,8166998.42,8176432.42,0.0,0.0,0.0,9434.0,9434.0
12865.0,7870438.38,8117754.42,8182199.42,0.0,0.0,3.8376296066413227,311761.04000000004,64445.0
12928.0,7928942.96,8141618.62,8185074.62,0.0,0.0,4.89404593151694,256131.66000000015,43456.0
12476.0,7622415.2,7927605.46,8186805.46,0.0,0.0,1.1774315586419744,564390.2599999998,259200.0
13109.0,8183985.06,8183985.06,8188332.06,0.0,0.0,0.0,4347.0,4347.0
13113.0,8188935.939999999,8188935.939999999,8189194.939999999,0.0,0.0,0.0,259.0,259.0
13107.0,8183973.42,8183973.42,8189922.42,0.0,0.0,0.0,5949.0,5949.0
13108.0,8183978.27,8183978.27,8189927.27,0.0,0.0,0.0,5949.0,5949.0
13114.0,8189037.79,8189037.79,8190657.79,0.0,0.0,0.0,1620.0,1620.0
13115.0,8189087.26,8189087.26,8190681.26,0.0,0.0,0.0,1594.0,1594.0
13132.0,8190615.01,8190615.01,8190685.01,0.0,0.0,0.0,70.0,70.0
13116.0,8189104.72,8189194.939999999,8190777.939999999,0.0,0.0,0.056993051167914026,1673.219999998808,1583.0
12970.0,7948490.3999999985,8019074.85,8191828.85,0.0,0.0,0.4085835928545858,243338.45000000112,172754.0
13139.0,8192124.33,8192124.33,8192171.33,0.0,0.0,0.0,47.0,47.0
13140.0,8192244.6099999985,8192244.6099999985,8192326.6099999985,0.0,0.0,0.0,82.0,82.0
13141.0,8192315.42,8192315.42,8192439.42,0.0,0.0,0.0,124.0,124.0
13142.0,8192502.63,8192502.63,8192600.63,0.0,0.0,0.0,98.0,98.0
13143.0,8192523.0,8192600.63,8192686.63,0.0,0.0,0.9026744186033516,163.62999999988824,86.0
13144.0,8192541.43,8192686.63,8192750.63,0.0,0.0,2.2687500000029104,209.20000000018626,64.0
13145.0,8192616.12,8192750.63,8194607.63,0.0,0.0,0.07243403338706327,1991.5099999997765,1857.0
13146.0,8192630.67,8194607.63,8195696.63,0.0,0.0,1.815390266299323,3065.9599999999627,1089.0
13147.0,8192639.3999999985,8195696.63,8195961.63,0.0,0.0,11.536716981137277,3322.2300000013784,265.0
13149.0,8192832.43,8195961.63,8196077.63,0.0,0.0,26.975862068967125,3245.2000000001863,116.0
13150.0,8193180.66,8196077.63,8196192.63,0.0,0.0,25.191043478258603,3011.9699999997392,115.0
13151.0,8193458.08,8196192.63,8196313.63,0.0,0.0,22.599586776857965,2855.5499999998137,121.0
13152.0,8193973.1499999985,8196313.63,8196541.63,0.0,0.0,10.265263157900783,2568.4800000013784,228.0
13153.0,8195613.42,8196541.63,8196781.63,0.0,0.0,3.8675416666665114,1168.2099999999627,240.0
13110.0,8183994.76,8191828.85,8197755.85,0.0,0.0,1.3217631179348492,13761.089999999851,5927.0
13155.0,8202223.97,8202223.97,8202343.97,0.0,0.0,0.0,120.0,120.0
13156.0,8202661.439999999,8202661.439999999,8202740.439999999,0.0,0.0,0.0,79.0,79.0
13157.0,8203228.89,8203228.89,8203317.89,0.0,0.0,0.0,89.0,89.0
13111.0,8183999.6099999985,8197755.85,8203682.85,0.0,0.0,2.320944828749984,19683.240000001155,5927.0
13158.0,8204307.529999998,8204307.529999998,8204498.529999998,0.0,0.0,0.0,191.0,191.0
13159.0,8204310.439999999,8204310.439999999,8204516.439999999,0.0,0.0,0.0,206.0,206.0
13160.0,8204318.2,8204318.2,8204535.2,0.0,0.0,0.0,217.0,217.0
13131.0,8190602.3999999985,8190602.3999999985,8204569.3999999985,0.0,0.0,0.0,13967.0,13967.0
13130.0,8190583.97,8190583.97,8204572.97,0.0,0.0,0.0,13989.0,13989.0
13129.0,8190567.479999999,8190567.479999999,8204590.479999999,0.0,0.0,0.0,14023.0,14023.0
13161.0,8204323.05,8204498.529999998,8204721.529999998,0.0,0.0,0.7869058295900645,398.4799999985844,223.0
13163.0,8204471.46,8204535.2,8205144.2,0.0,0.0,0.1046633825947841,672.7400000002235,609.0
13165.0,8204507.35,8204572.97,8205144.97,0.0,0.0,0.1147202797204751,637.6200000001118,572.0
13162.0,8204445.27,8204516.439999999,8205164.439999999,0.0,0.0,0.10983024691202804,719.1699999989942,648.0
13164.0,8204485.04,8204569.3999999985,8205168.3999999985,0.0,0.0,0.14083472453835164,683.3599999984726,599.0
13117.0,8189149.34,8189922.42,8205404.42,0.0,0.0,0.04993411703914704,16255.080000000075,15482.0
13166.0,8205030.18,8205030.18,8206242.18,0.0,0.0,0.0,1212.0,1212.0
13167.0,8205034.06,8205034.06,8206246.06,0.0,0.0,0.0,1212.0,1212.0
13169.0,8205039.88,8205144.97,8206345.97,0.0,0.0,0.08750208159854371,1306.089999999851,1201.0
13168.0,8205036.97,8205144.2,8206356.2,0.0,0.0,0.08847359736010481,1319.230000000447,1212.0
13104.0,8176112.54,8176112.54,8206389.54,0.0,0.0,0.0,30277.0,30277.0
13172.0,8206174.779999998,8206246.06,8207958.06,0.0,0.0,0.041635514019387906,1783.280000001192,1712.0
13173.0,8206183.51,8206356.2,8208057.2,0.0,0.0,0.10152263374509687,1873.6900000004098,1701.0
13174.0,8206191.27,8206389.54,8208090.54,0.0,0.0,0.11656084656113126,1899.2700000004843,1701.0
13179.0,8207908.17,8207908.17,8208180.17,0.0,0.0,0.0,272.0,272.0
13180.0,8208066.279999998,8208066.279999998,8208216.279999998,0.0,0.0,0.0,150.0,150.0
13097.0,8120222.1099999985,8164793.13,8208257.13,0.0,0.0,1.025469814099057,88035.02000000142,43464.0
13185.0,8208127.39,8208127.39,8208276.39,0.0,0.0,0.0,149.0,149.0
13186.0,8208211.779999998,8208211.779999998,8208359.779999998,0.0,0.0,0.0,148.0,148.0
13181.0,8208103.14,8208103.14,8208639.14,0.0,0.0,0.0,536.0,536.0
13182.0,8208107.02,8208276.39,8208823.39,0.0,0.0,0.30963436928722443,716.3700000001118,547.0
13193.0,8208794.75,8208794.75,8208884.75,0.0,0.0,0.0,90.0,90.0
13187.0,8208333.029999998,8208823.39,8208977.39,0.0,0.0,3.184155844164069,644.3600000012666,154.0
13184.0,8208111.87,8208639.14,8208985.14,0.0,0.0,1.5239017341027543,873.269999999553,346.0
13194.0,8208895.63,8208895.63,8208985.63,0.0,0.0,0.0,90.0,90.0
13195.0,8209174.02,8209174.02,8209278.02,0.0,0.0,0.0,104.0,104.0
13112.0,8184004.46,8203682.85,8209598.85,0.0,0.0,3.3262998647734388,25594.389999999665,5916.0
13175.0,8206199.029999998,8207958.06,8209648.06,0.0,0.0,1.0408461538468592,3449.030000001192,1690.0
13122.0,8189849.68,8209598.85,8209772.85,0.0,0.0,113.50097701149383,19923.169999999925,174.0
13188.0,8208394.14,8208977.39,8210371.39,0.0,0.0,0.4184002869440459,1977.25,1394.0
13198.0,8209948.08,8210371.39,8210449.39,0.0,0.0,5.427051282046029,501.3099999995902,78.0
13196.0,8209664.84,8210371.39,8210491.39,0.0,0.0,5.887916666665115,826.5499999998137,120.0
13123.0,8190001.0,8209772.85,8210709.85,0.0,0.0,21.101227321237594,20708.849999999627,937.0
13183.0,8208109.93,8208359.779999998,8211144.779999998,0.0,0.0,0.08971274685770059,3034.849999998696,2785.0
13189.0,8208429.06,8208985.14,8211490.14,0.0,0.0,0.22198802395212555,3061.0800000000745,2505.0
13204.0,8210909.35,8211490.14,8211589.14,0.0,0.0,5.866565656566033,679.7900000000373,99.0
13199.0,8210787.13,8211490.14,8211606.14,0.0,0.0,6.060431034480832,819.0099999997765,116.0
13209.0,8211026.72,8211490.14,8211610.14,0.0,0.0,3.8618333333327124,583.4199999999255,120.0
13124.0,8190032.04,8210709.85,8211610.85,0.0,0.0,22.949844617091664,21578.80999999959,901.0
13190.0,8208592.99,8209648.06,8211977.06,0.0,0.0,0.45301416917104625,3384.0699999993667,2329.0
13098.0,8120268.67,8168572.97,8212024.97,0.0,0.0,1.1116703488907258,91756.29999999981,43452.0
13211.0,8211856.069999998,8212024.97,8212102.97,0.0,0.0,2.1653846154013316,246.90000000130385,78.0
13210.0,8211615.51,8212024.97,8212125.97,0.0,0.0,4.054059405940225,510.45999999996275,101.0
13212.0,8212194.6,8212194.6,8212330.6,0.0,0.0,0.0,136.0,136.0
13213.0,8212280.93,8212280.93,8212389.93,0.0,0.0,0.0,109.0,109.0
13126.0,8190087.33,8211610.85,8212458.85,0.0,0.0,25.381509433961735,22371.519999999553,848.0
13191.0,8208609.479999999,8210709.85,8213027.85,0.0,0.0,0.9061130284732714,4418.370000001043,2318.0
13128.0,8190131.95,8212458.85,8213259.85,0.0,0.0,27.873782771534884,23127.89999999944,801.0
13192.0,8208625.97,8211144.779999998,8213440.779999998,0.0,0.0,1.0970426829262452,4814.809999998659,2296.0
13134.0,8190909.89,8213259.85,8213653.85,0.0,0.0,56.72578680203036,22743.959999999963,394.0
13136.0,8190916.68,8213653.85,8214047.85,0.0,0.0,57.708553299492195,23131.169999999925,394.0
13138.0,8190924.439999999,8214047.85,8214430.85,0.0,0.0,60.37443864230047,23506.41000000108,383.0
13171.0,8205593.75,8214430.85,8215161.85,0.0,0.0,12.089056087550789,9568.099999999627,731.0
13176.0,8206376.54,8215161.85,8215457.85,0.0,0.0,29.68010135134997,9081.30999999959,296.0
13177.0,8206992.49,8215457.85,8215763.85,0.0,0.0,27.664575163396744,8771.359999999404,306.0
13099.0,8120337.54,8173891.13,8217351.13,0.0,0.0,1.232250115048317,97013.58999999985,43460.0
13200.0,8210825.93,8211610.14,8218240.14,0.0,0.0,0.11828205128204566,7414.209999999963,6630.0
12990.0,7955234.81,8186805.46,8218282.46,0.0,0.0,7.3568208533214845,263047.6500000004,31477.0
13201.0,8210836.6,8211977.06,8218596.06,0.0,0.0,0.17230095180540306,7759.459999999963,6619.0
13101.0,8128795.939999999,8128795.939999999,8218955.939999999,0.0,0.0,0.0,90160.0,90160.0
13202.0,8210852.12,8213027.85,8219623.85,0.0,0.0,0.3298559733170885,8771.729999999516,6596.0
13214.0,8214207.35,8218240.14,8219957.14,0.0,0.0,2.348741991846265,5749.790000000037,1717.0
13203.0,8210862.79,8213440.779999998,8220025.779999998,0.0,0.0,0.39149430523893103,9162.98999999836,6585.0
13215.0,8214236.45,8218596.06,8220285.06,0.0,0.0,2.5811782119593865,6048.609999999404,1689.0
13216.0,8214261.67,8219623.85,8221286.85,0.0,0.0,3.2244016837039697,7025.179999999702,1663.0
13218.0,8214357.7,8220025.779999998,8221588.779999998,0.0,0.0,3.6264107485593167,7231.079999998212,1563.0
13217.0,8214286.89,8219957.14,8221594.14,0.0,0.0,3.4638057422113624,7307.25,1637.0
13219.0,8214371.279999998,8220285.06,8221826.06,0.0,0.0,3.8376249188846154,7454.780000001192,1541.0
13228.0,8215146.31,8221594.14,8222342.14,0.0,0.0,8.620093582887801,7195.8300000000745,748.0
13229.0,8215158.92,8221826.06,8222563.06,0.0,0.0,9.046322930800088,7404.139999999665,737.0
13220.0,8214383.89,8221286.85,8222816.85,0.0,0.0,4.5117385620914785,8432.959999999963,1530.0
13230.0,8215197.72,8222342.14,8223037.14,0.0,0.0,10.279741007194138,7839.4199999999255,695.0
13221.0,8214397.47,8221588.779999998,8223107.779999998,0.0,0.0,4.734239631335523,8710.309999998659,1519.0
13231.0,8215209.3599999985,8222563.06,8223247.06,0.0,0.0,10.751023391814499,8037.700000001118,684.0
13232.0,8215221.0,8222816.85,8223489.85,0.0,0.0,11.286552748885033,8268.849999999627,673.0
13233.0,8215247.189999999,8223037.14,8223683.14,0.0,0.0,12.05874613003269,8435.950000001118,646.0
13234.0,8215260.77,8223107.779999998,8223731.779999998,0.0,0.0,12.575336538459688,8471.009999998845,624.0
13235.0,8215276.29,8223247.06,8223860.06,0.0,0.0,13.00288743882472,8583.769999999553,613.0
13197.0,8209913.16,8210491.39,8224254.39,0.0,0.0,0.0420133691781963,14341.229999999516,13763.0
13238.0,8216008.64,8223489.85,8224768.85,0.0,0.0,5.849265050820925,8760.209999999963,1279.0
13239.0,8216012.52,8223683.14,8224962.14,0.0,0.0,5.9973573103988365,8949.620000000112,1279.0
13240.0,8216015.43,8223731.779999998,8225010.779999998,0.0,0.0,6.033111806097495,8995.349999998696,1279.0
13241.0,8216020.279999998,8223860.06,8225128.06,0.0,0.0,6.1827917981081955,9107.780000001192,1268.0
13242.0,8216023.189999999,8224254.39,8225522.39,0.0,0.0,6.491482649843153,9499.200000001118,1268.0
13243.0,8216027.069999998,8224768.85,8226025.85,0.0,0.0,6.954478918059818,9998.780000001192,1257.0
13244.0,8216029.979999999,8224962.14,8226219.14,0.0,0.0,7.1059347653151,10189.16000000108,1257.0
13245.0,8216034.83,8225010.779999998,8226267.779999998,0.0,0.0,7.140771678598507,10232.949999998324,1257.0
13246.0,8216039.68,8225128.06,8226374.06,0.0,0.0,7.294044943820135,10334.379999999888,1246.0
13247.0,8216042.59,8225522.39,8226768.39,0.0,0.0,7.608186195826495,10725.799999999814,1246.0
13248.0,8216047.439999999,8226025.85,8227271.85,0.0,0.0,8.008354735153356,11224.41000000108,1246.0
13249.0,8216050.35,8226219.14,8227454.14,0.0,0.0,8.233838056680192,11403.790000000037,1235.0
13250.0,8216053.26,8226267.779999998,8227502.779999998,0.0,0.0,8.270866396760017,11449.519999998622,1235.0
13251.0,8216055.2,8226374.06,8227609.06,0.0,0.0,8.355352226720164,11553.859999999404,1235.0
13252.0,8216058.1099999985,8226768.39,8228003.39,0.0,0.0,8.672291497976675,11945.280000001192,1235.0
13253.0,8216061.99,8227271.85,8228495.85,0.0,0.0,9.15838235294069,12433.859999999404,1224.0
13100.0,8120401.56,8185074.62,8228537.62,0.0,0.0,1.4880026689368089,108136.06000000052,43463.0
13356.0,8226506.95,8228537.62,8228688.62,0.0,0.0,13.448145695363745,2181.6699999999255,151.0
13357.0,8226570.97,8228688.62,8229131.62,0.0,0.0,4.780248306998583,2560.6500000003725,443.0
13359.0,8227271.31,8229131.62,8229538.62,0.0,0.0,4.570786240787522,2267.3100000005215,407.0
13258.0,8217228.8999999985,8228495.85,8229837.85,0.0,0.0,8.395640834576094,12608.950000001118,1342.0
13254.0,8217212.41,8227454.14,8230291.14,0.0,0.0,3.610056397602931,13078.729999999516,2837.0
13255.0,8217215.319999998,8227502.779999998,8230350.779999998,0.0,0.0,3.6121699438202115,13135.459999999963,2848.0
13256.0,8217218.229999999,8227609.06,8230468.06,0.0,0.0,3.6344281217212333,13249.830000001006,2859.0
13257.0,8217222.1099999985,8228003.39,8230873.39,0.0,0.0,3.756543554007384,13651.280000001192,2870.0
13259.0,8217231.81,8229837.85,8231201.85,0.0,0.0,9.241964809384191,13970.040000000037,1364.0
13260.0,8217234.72,8230291.14,8231666.14,0.0,0.0,9.495578181818127,14431.419999999925,1375.0
13261.0,8217237.63,8230350.779999998,8231725.779999998,0.0,0.0,9.53683636363528,14488.14999999851,1375.0
13361.0,8227586.56,8229538.62,8232119.62,0.0,0.0,0.756319256102488,4533.0600000005215,2581.0
13262.0,8217240.54,8230468.06,8233327.06,0.0,0.0,4.626624693948777,16086.519999999553,2859.0
13263.0,8217244.42,8230873.39,8233743.39,0.0,0.0,4.7487700348431146,16498.96999999974,2870.0
13264.0,8217247.33,8231201.85,8234071.85,0.0,0.0,4.862202090592179,16824.519999999553,2870.0
13265.0,8217249.27,8231666.14,8234536.14,0.0,0.0,5.023299651567983,17286.87000000011,2870.0
13266.0,8217259.939999999,8231725.779999998,8235118.779999998,0.0,0.0,4.263436486884719,17858.83999999985,3393.0
13170.0,8205406.54,8205406.54,8235522.54,0.0,0.0,0.0,30116.0,30116.0
13270.0,8217273.52,8234536.14,8235855.14,0.0,0.0,13.087657316148682,18581.62000000011,1319.0
13271.0,8217277.3999999985,8235118.779999998,8236426.779999998,0.0,0.0,13.640198776758325,19149.37999999989,1308.0
12930.0,7932960.7,8182199.42,8236618.42,0.0,0.0,4.579994487219532,303657.71999999974,54419.0
13267.0,8217263.819999998,8233327.06,8236786.06,0.0,0.0,4.643897080081282,19522.240000001155,3459.0
13272.0,8217283.22,8235855.14,8237054.14,0.0,0.0,15.48950792326933,19770.919999999925,1199.0
13268.0,8217266.729999999,8233743.39,8237213.39,0.0,0.0,4.748317002882156,19946.66000000108,3470.0
13105.0,8182942.31,8236618.42,8237420.42,0.0,0.0,66.92781795511264,54478.110000000335,802.0
13269.0,8217269.64,8234071.85,8237541.85,0.0,0.0,4.842135446685869,20272.209999999963,3470.0
13276.0,8218486.02,8236786.06,8237969.06,0.0,0.0,15.469180050718544,19483.040000000037,1183.0
13277.0,8218516.09,8237054.14,8238226.14,0.0,0.0,15.817448805460591,19710.049999999814,1172.0
13278.0,8218524.819999998,8237213.39,8238385.39,0.0,0.0,15.945878839591492,19860.57000000123,1172.0
13273.0,8217288.069999998,8236426.779999998,8238588.779999998,0.0,0.0,8.852317298797393,21300.709999999963,2162.0
13279.0,8218537.43,8237541.85,8238705.85,0.0,0.0,16.32682130584186,20168.419999999925,1164.0
13096.0,8120166.819999998,8163995.47,8238734.47,0.0,0.0,0.5864227511741033,118567.6500000013,74739.0
13284.0,8218971.02,8238705.85,8238794.85,0.0,0.0,221.73966292134915,19823.830000000075,89.0
13280.0,8218648.979999999,8237969.06,8239037.06,0.0,0.0,18.08996254681742,20388.080000001006,1068.0
13281.0,8218664.5,8238226.14,8239284.14,0.0,0.0,18.48926275992407,20619.639999999665,1058.0
13289.0,8219883.79,8239037.06,8239369.06,0.0,0.0,57.69057228915528,19485.269999999553,332.0
13282.0,8218679.05,8238385.39,8239443.39,0.0,0.0,18.626030245746552,20764.33999999985,1058.0
13127.0,8190109.64,8238734.47,8239559.47,0.0,0.0,58.93918787878797,49449.830000000075,825.0
13125.0,8190055.319999998,8238734.47,8239613.47,0.0,0.0,55.38014789533709,49558.150000001304,879.0
13283.0,8218681.96,8238588.779999998,8239657.779999998,0.0,0.0,18.621908325536424,20975.819999998435,1069.0
13285.0,8219032.13,8238794.85,8239671.85,0.0,0.0,22.53445838084349,20639.71999999974,877.0
13133.0,8190906.01,8239559.47,8239964.47,0.0,0.0,120.1319999999999,49058.45999999996,405.0
13135.0,8190912.8,8239613.47,8240007.47,0.0,0.0,123.60576142131961,49094.669999999925,394.0
13294.0,8219974.0,8239671.85,8240089.85,0.0,0.0,47.124043062200066,20115.849999999627,418.0
13137.0,8190920.56,8239964.47,8240347.47,0.0,0.0,128.05198433420404,49426.91000000015,383.0
13295.0,8219984.67,8240007.47,8240425.47,0.0,0.0,47.90143540669812,20440.799999999814,418.0
13296.0,8219993.3999999985,8240089.85,8240507.85,0.0,0.0,48.07763157895004,20514.450000001118,418.0
13299.0,8220081.67,8240347.47,8240734.47,0.0,0.0,52.366408268733366,20652.799999999814,387.0
13300.0,8220084.58,8240347.47,8240744.47,0.0,0.0,51.04002518891603,20659.889999999665,397.0
13297.0,8220001.16,8240347.47,8240765.47,0.0,0.0,48.675382775118635,20764.30999999959,418.0
13301.0,8220089.43,8240425.47,8240833.47,0.0,0.0,49.84323529411774,20744.040000000037,408.0
13303.0,8220189.34,8240734.47,8240853.47,0.0,0.0,172.64815126050325,20664.12999999989,119.0
13302.0,8220092.34,8240507.85,8240915.85,0.0,0.0,50.03801470588181,20823.509999999776,408.0
13308.0,8220415.35,8240915.85,8241219.85,0.0,0.0,67.43585526315789,20804.5,304.0
13309.0,8220435.72,8241219.85,8241523.85,0.0,0.0,68.36884868421016,21088.12999999989,304.0
13310.0,8220442.51,8241523.85,8241945.85,0.0,0.0,49.955781990520975,21503.33999999985,422.0
13311.0,8220449.3,8241945.85,8242260.85,0.0,0.0,68.24301587301528,21811.549999999814,315.0
13106.0,8183934.62,8237420.42,8242918.42,0.0,0.0,9.72822844670786,58983.799999999814,5498.0
13223.0,8215091.99,8242918.42,8243048.42,0.0,0.0,214.04946153845924,27956.429999999702,130.0
13224.0,8215096.84,8243048.42,8243167.42,0.0,0.0,234.88722689075692,28070.580000000075,119.0
13225.0,8215110.42,8243167.42,8243275.42,0.0,0.0,259.787037037037,28165.0,108.0
13226.0,8215124.0,8243275.42,8243372.42,0.0,0.0,290.22082474226727,28248.419999999925,97.0
13227.0,8215130.79,8243372.42,8243458.42,0.0,0.0,328.3910465116266,28327.62999999989,86.0
13274.0,8217931.18,8243458.42,8243588.42,0.0,0.0,196.36338461538634,25657.240000000224,130.0
13275.0,8218034.97,8243588.42,8244188.42,0.0,0.0,42.58908333333364,26153.450000000186,600.0
13286.0,8219063.17,8244188.42,8244323.42,0.0,0.0,186.11296296296297,25260.25,135.0
13287.0,8219238.74,8244323.42,8244416.42,0.0,0.0,269.72774193548065,25177.679999999702,93.0
13288.0,8219503.55,8244416.42,8244520.42,0.0,0.0,239.546826923078,25016.87000000011,104.0
13298.0,8220052.569999998,8244520.42,8245120.42,0.0,0.0,40.77975000000249,25067.85000000149,600.0
13304.0,8220339.689999999,8240744.47,8245307.47,0.0,0.0,4.471790488713827,24967.780000001192,4563.0
13305.0,8220350.3599999985,8240765.47,8245317.47,0.0,0.0,4.484865992970401,24967.110000001267,4552.0
13306.0,8220358.12,8240833.47,8245396.47,0.0,0.0,4.487256191102263,25038.349999999627,4563.0
13307.0,8220369.76,8240853.47,8245416.47,0.0,0.0,4.489088319088311,25046.709999999963,4563.0
13320.0,8221394.08,8245317.47,8245724.47,0.0,0.0,58.779828009827185,24330.389999999665,407.0
13321.0,8221426.09,8245396.47,8245772.47,0.0,0.0,63.75101063829757,24346.37999999989,376.0
13322.0,8221429.0,8245416.47,8245781.47,0.0,0.0,65.71909589041024,24352.46999999974,365.0
13318.0,8220732.54,8245120.42,8245784.42,0.0,0.0,36.728734939758866,25051.87999999989,664.0
13317.0,8220713.14,8245120.42,8245795.42,0.0,0.0,36.15893333333372,25082.28000000026,675.0
13315.0,8220677.25,8245120.42,8245806.42,0.0,0.0,35.631443148687936,25129.169999999925,686.0
13316.0,8220696.6499999985,8245120.42,8245806.42,0.0,0.0,35.60316326530818,25109.770000001416,686.0
13323.0,8221431.91,8245724.47,8246089.47,0.0,0.0,66.55495890410846,24657.55999999959,365.0
13334.0,8224722.1499999985,8245806.42,8246325.42,0.0,0.0,40.624797687863996,21603.270000001416,519.0
13335.0,8224730.88,8245806.42,8246336.42,0.0,0.0,39.765169811320824,21605.540000000037,530.0
13336.0,8224744.46,8246089.47,8246609.47,0.0,0.0,41.04809615384573,21865.009999999776,520.0
13338.0,8224770.6499999985,8246336.42,8246845.42,0.0,0.0,42.36889980353913,22074.770000001416,509.0
13339.0,8224780.35,8246609.47,8247118.47,0.0,0.0,42.88628683693538,22338.12000000011,509.0
13340.0,8224790.05,8246845.42,8247354.42,0.0,0.0,43.33078585461712,22564.37000000011,509.0
13341.0,8224798.779999998,8247118.47,8247627.47,0.0,0.0,43.850078585464324,22828.69000000134,509.0
13324.0,8221795.66,8245772.47,8248882.47,0.0,0.0,7.709585209003084,27086.80999999959,3110.0
13325.0,8221798.569999998,8245781.47,8248891.47,0.0,0.0,7.711543408360548,27092.900000001304,3110.0
13326.0,8221801.479999999,8245784.42,8248905.42,0.0,0.0,7.684376802307383,27103.94000000134,3121.0
13327.0,8221805.3599999985,8245795.42,8248916.42,0.0,0.0,7.686658122397133,27111.060000001453,3121.0
13291.0,8219939.08,8239369.06,8249367.06,0.0,0.0,1.9433866773354187,29427.979999999516,9998.0
13290.0,8219924.529999998,8239284.14,8249968.14,0.0,0.0,1.8120189067766068,30043.610000001267,10684.0
13292.0,8219951.689999999,8239443.39,8250127.39,0.0,0.0,1.8243822538376187,30175.700000001118,10684.0
13293.0,8219960.42,8239657.779999998,8250330.779999998,0.0,0.0,1.8455317155437527,30370.359999998473,10673.0
13363.0,8229213.25,8250330.779999998,8250507.779999998,0.0,0.0,119.30807909603615,21294.529999998398,177.0
13362.0,8229020.22,8250127.39,8250536.39,0.0,0.0,51.60677261613674,21516.169999999925,409.0
13365.0,8229395.6099999985,8250536.39,8251732.39,0.0,0.0,17.676237458194976,22336.780000001192,1196.0
13364.0,8229359.72,8250507.779999998,8251747.779999998,0.0,0.0,17.05488709677311,22388.05999999866,1240.0
13312.0,8220580.25,8242260.85,8252321.85,0.0,0.0,2.154915018387797,31741.599999999627,10061.0
13313.0,8220588.01,8242918.42,8252979.42,0.0,0.0,2.219502037570833,32391.41000000015,10061.0
13314.0,8220597.71,8242918.42,8252992.42,0.0,0.0,2.215675004963268,32394.709999999963,10074.0
13345.0,8225200.3599999985,8247354.42,8253201.42,0.0,0.0,3.788961860783556,28001.060000001453,5847.0
13346.0,8225485.54,8247627.47,8254172.47,0.0,0.0,3.3830297937356306,28686.929999999702,6545.0
13319.0,8220763.58,8245307.47,8255159.47,0.0,0.0,2.4912596427121056,34395.889999999665,9852.0
13347.0,8225490.39,8248882.47,8255427.47,0.0,0.0,3.574038197097032,29937.080000000075,6545.0
13348.0,8225494.27,8248891.47,8255436.47,0.0,0.0,3.5748204736440314,29942.200000000186,6545.0
13349.0,8225504.939999999,8248905.42,8255450.42,0.0,0.0,3.5753216195571245,29945.48000000138,6545.0
13350.0,8225513.67,8248916.42,8255461.42,0.0,0.0,3.575668449197861,29947.75,6545.0
13351.0,8225518.52,8249367.06,8255912.06,0.0,0.0,3.6437799847211667,30393.540000000037,6545.0
13053.0,7985742.279999998,8218282.46,8256095.46,0.0,0.0,6.1497416232513045,270353.18000000156,37813.0
13328.0,8223301.1,8256095.46,8256199.46,0.0,0.0,315.33038461538786,32898.360000000335,104.0
13329.0,8223509.6499999985,8256199.46,8256320.46,0.0,0.0,270.1637190082765,32810.81000000145,121.0
13330.0,8223915.1099999985,8256320.46,8256447.46,0.0,0.0,255.16023622048417,32532.35000000149,127.0
13376.0,8230833.1499999985,8255450.42,8256468.42,0.0,0.0,24.181994106091764,25635.270000001416,1018.0
13352.0,8225523.37,8249968.14,8256524.14,0.0,0.0,3.728610433190902,31000.769999999553,6556.0
13331.0,8224285.6499999985,8256447.46,8256574.46,0.0,0.0,253.24259842520829,32288.810000001453,127.0
13332.0,8224448.6099999985,8256574.46,8256719.46,0.0,0.0,221.55758620690682,32270.85000000149,145.0
13333.0,8224594.1099999985,8256719.46,8256863.46,0.0,0.0,223.0927083333437,32269.35000000149,144.0
13342.0,8224824.97,8256863.46,8257042.46,0.0,0.0,178.98597765363255,32217.490000000224,179.0
13343.0,8224969.5,8257042.46,8257168.46,0.0,0.0,254.5473015873013,32198.959999999963,126.0
13344.0,8225192.6,8257168.46,8257331.46,0.0,0.0,196.17092024540082,32138.860000000335,163.0
13353.0,8225586.42,8257331.46,8257551.46,0.0,0.0,144.29563636363653,31965.040000000037,220.0
13354.0,8226048.14,8257551.46,8257701.46,0.0,0.0,210.02213333333532,31653.320000000298,150.0
13355.0,8226278.029999998,8257701.46,8257849.46,0.0,0.0,212.32047297298354,31571.430000001565,148.0
13358.0,8227039.479999999,8257849.46,8258006.46,0.0,0.0,196.24191082803426,30966.98000000138,157.0
13360.0,8227384.8,8258006.46,8258500.46,0.0,0.0,61.98716599190313,31115.66000000015,494.0
13393.0,8268572.939999999,8268572.939999999,8268608.939999999,0.0,0.0,0.0,36.0,36.0
13394.0,8268616.59,8268616.59,8268719.59,0.0,0.0,0.0,103.0,103.0
13395.0,8268700.979999999,8268700.979999999,8268859.979999999,0.0,0.0,0.0,159.0,159.0
13396.0,8269320.81,8269320.81,8269435.81,0.0,0.0,0.0,115.0,115.0
13397.0,8269517.72,8269517.72,8274873.72,0.0,0.0,0.0,5356.0,5356.0
13398.0,8269533.24,8269533.24,8274878.24,0.0,0.0,0.0,5345.0,5345.0
13399.0,8269564.279999998,8274873.72,8274974.72,0.0,0.0,52.568712871300406,5410.440000001341,101.0
13400.0,8269587.56,8274878.24,8280157.24,0.0,0.0,1.002212540253956,10569.680000000633,5279.0
13401.0,8269645.76,8274974.72,8280186.72,0.0,0.0,1.0224405218725945,10540.959999999963,5212.0
13402.0,8269661.279999998,8280157.24,8280272.24,0.0,0.0,91.26921739132023,10610.960000001825,115.0
13404.0,8269945.49,8280272.24,8280384.24,0.0,0.0,92.203125,10438.75,112.0
13434.0,8277330.1,8280384.24,8280442.24,0.0,0.0,52.65758620690683,3112.140000000596,58.0
13437.0,8278123.56,8280384.24,8280495.24,0.0,0.0,20.366486486492192,2371.6800000006333,111.0
13442.0,8278485.37,8280384.24,8280501.24,0.0,0.0,16.229658119659074,2015.8700000001118,117.0
13435.0,8277547.38,8280384.24,8280504.24,0.0,0.0,23.640500000002795,2956.8600000003353,120.0
13436.0,8277829.6499999985,8280384.24,8280504.24,0.0,0.0,21.28825000001428,2674.5900000017136,120.0
13439.0,8278303.01,8280384.24,8280506.24,0.0,0.0,17.05926229508563,2203.230000000447,122.0
13448.0,8278673.55,8280384.24,8280517.24,0.0,0.0,12.86233082707075,1843.6900000004098,133.0
13433.0,8277303.91,8280384.24,8280522.24,0.0,0.0,22.321231884058513,3218.3300000000745,138.0
13405.0,8270052.189999999,8280384.24,8280524.24,0.0,0.0,73.80035714286912,10472.050000001676,140.0
13406.0,8270666.2,8280384.24,8280524.24,0.0,0.0,69.41457142857169,9858.040000000037,140.0
13375.0,8230529.54,8255436.47,8281237.47,0.0,0.0,0.9653474671524244,50707.9299999997,25801.0
13178.0,8207352.3599999985,8215763.85,8283700.85,0.0,0.0,0.12381309154070912,76348.49000000115,67937.0
13407.0,8270823.34,8280524.24,8284528.24,0.0,0.0,2.422802197802291,13704.900000000373,4004.0
13403.0,8269929.0,8280186.72,8285106.72,0.0,0.0,2.0849024390243374,15177.71999999974,4920.0
13408.0,8270852.439999999,8281237.47,8285211.47,0.0,0.0,2.613243583291694,14359.030000001192,3974.0
12924.0,7928694.64,8113890.95,8286690.95,0.0,0.0,1.0717379050925957,357996.3100000005,172800.0
13385.0,8238545.62,8286690.95,8286814.95,0.0,0.0,388.26879032258125,48269.330000000075,124.0
13420.0,8274866.3,8286690.95,8286827.95,0.0,0.0,86.31131386861585,11961.650000000373,137.0
13460.0,8282103.47,8286690.95,8286830.95,0.0,0.0,32.76771428571748,4727.480000000447,140.0
13374.0,8230519.84,8255427.47,8286836.47,0.0,0.0,0.7930093285364032,56316.62999999989,31409.0
13419.0,8274849.81,8286690.95,8286849.95,0.0,0.0,74.47257861635595,12000.140000000596,159.0
13475.0,8284618.68,8286830.95,8286877.95,0.0,0.0,47.06957446809541,2259.2700000004843,47.0
13421.0,8274871.1499999985,8286827.95,8286953.95,0.0,0.0,94.8952380952514,12082.800000001676,126.0
13422.0,8274880.85,8286836.47,8286962.47,0.0,0.0,94.8858730158739,12081.620000000112,126.0
13423.0,8274886.67,8286849.95,8286964.95,0.0,0.0,104.0285217391327,12078.28000000026,115.0
13386.0,8239153.81,8286814.95,8286970.95,0.0,0.0,305.52012820513204,47817.140000000596,156.0
13337.0,8224754.16,8246325.42,8286977.42,0.0,0.0,0.5306321952179419,62223.25999999978,40652.0
13479.0,8285028.99,8286877.95,8287037.95,0.0,0.0,11.555999999999766,2008.9599999999627,160.0
13424.0,8274889.58,8286953.95,8287068.95,0.0,0.0,104.90756521739227,12179.370000000112,115.0
13387.0,8239273.12,8286970.95,8287099.95,0.0,0.0,369.7506201550393,47826.830000000075,129.0
13388.0,8239687.31,8287099.95,8287431.95,0.0,0.0,142.80915662650781,47744.640000000596,332.0
13410.0,8271011.52,8283700.85,8287511.85,0.0,0.0,3.3296588821831734,16500.330000000075,3811.0
13409.0,8270984.3599999985,8283700.85,8287528.85,0.0,0.0,3.3219670846398,16544.490000001155,3828.0
13389.0,8239968.6099999985,8287431.95,8287587.95,0.0,0.0,304.25217948719046,47619.34000000171,156.0
13390.0,8240417.72,8287587.95,8288187.95,0.0,0.0,78.61705000000075,47770.23000000045,600.0
13431.0,8276713.18,8288187.95,8288302.95,0.0,0.0,99.78060869565638,11589.770000000484,115.0
13411.0,8271034.8,8284528.24,8288315.24,0.0,0.0,3.5630947979932426,17280.44000000041,3787.0
13432.0,8277017.76,8288302.95,8288454.95,0.0,0.0,74.24467105263427,11437.19000000041,152.0
13413.0,8271340.35,8285211.47,8288681.47,0.0,0.0,3.997440922190234,17341.12000000011,3470.0
13412.0,8271060.02,8285106.72,8288867.72,0.0,0.0,3.7348311619250696,17807.700000000186,3761.0
13497.0,8286076.59,8287037.95,8290292.95,0.0,0.0,0.29534869431653926,4216.360000000335,3255.0
13533.0,8289263.04,8290292.95,8290383.95,0.0,0.0,11.317692307693946,1120.910000000149,91.0
13530.0,8289171.8599999985,8290292.95,8290389.95,0.0,0.0,11.557628865997048,1218.0900000017136,97.0
13522.0,8289020.54,8290292.95,8290391.95,0.0,0.0,12.852626262627767,1371.410000000149,99.0
13523.0,8289126.27,8290292.95,8290399.95,0.0,0.0,10.903551401875077,1273.6800000006333,107.0
13425.0,8274997.25,8286962.47,8290820.47,0.0,0.0,3.1014048729911194,15823.21999999974,3858.0
13426.0,8275000.16,8286964.95,8290822.95,0.0,0.0,3.101293416277874,15822.790000000037,3858.0
13427.0,8275005.979999999,8286977.42,8290824.42,0.0,0.0,3.1118897842478144,15818.440000001341,3847.0
13438.0,8278261.3,8290820.47,8290901.47,0.0,0.0,155.05148148148055,12640.169999999925,81.0
13428.0,8275009.8599999985,8287068.95,8290915.95,0.0,0.0,3.134673771770656,15906.090000001714,3847.0
13366.0,8230253.09,8251732.39,8290984.39,0.0,0.0,0.547215428513192,60731.299999999814,39252.0
13367.0,8230260.85,8251747.779999998,8290999.779999998,0.0,0.0,0.5474098135126559,60738.92999999877,39252.0
13457.0,8281471.029999998,8290915.95,8291030.95,0.0,0.0,82.12973913045033,9559.920000001788,115.0
13458.0,8281732.93,8290984.39,8291068.39,0.0,0.0,110.13642857142813,9335.459999999963,84.0
13459.0,8281843.51,8290999.779999998,8291114.779999998,0.0,0.0,79.6197391304228,9271.269999998622,115.0
13461.0,8282357.6099999985,8291030.95,8291140.95,0.0,0.0,78.84854545456103,8783.340000001714,110.0
13474.0,8284416.92,8291068.39,8291184.39,0.0,0.0,57.34025862068741,6767.469999999739,116.0
13483.0,8285187.1,8291114.779999998,8291188.779999998,0.0,0.0,80.10378378376717,6001.679999998771,74.0
13443.0,8278491.189999999,8291184.39,8291296.39,0.0,0.0,113.33214285715283,12805.200000001118,112.0
13441.0,8278431.05,8291140.95,8291313.95,0.0,0.0,73.46763005780562,12882.900000000373,173.0
13429.0,8275011.8,8287511.85,8291358.85,0.0,0.0,3.2492981544059822,16347.049999999814,3847.0
13430.0,8275015.68,8287528.85,8291364.85,0.0,0.0,3.262035974973912,16349.169999999925,3836.0
13440.0,8278338.8999999985,8290901.47,8291384.47,0.0,0.0,26.00946169772511,13045.57000000123,483.0
13444.0,8278523.2,8291296.39,8291385.39,0.0,0.0,143.51898876403908,12862.189999999478,89.0
13368.0,8230270.55,8252321.85,8291573.85,0.0,0.0,0.5617879343727661,61303.299999999814,39252.0
13503.0,8286185.229999999,8291573.85,8291739.85,0.0,0.0,32.46156626506652,5554.620000001043,166.0
13505.0,8286252.16,8291739.85,8291819.85,0.0,0.0,68.59612499999348,5567.6899999994785,80.0
13371.0,8230302.56,8253201.42,8291834.42,0.0,0.0,0.592727978671093,61531.860000000335,38633.0
13370.0,8230289.95,8252992.42,8291963.42,0.0,0.0,0.582547791947852,61673.46999999974,38971.0
13456.0,8281151.8999999985,8291385.39,8292110.39,0.0,0.0,14.115158620691249,10958.490000001155,725.0
13369.0,8230279.279999998,8252979.42,8292231.42,0.0,0.0,0.578318047488065,61952.14000000153,39252.0
13508.0,8286297.75,8291834.42,8292804.42,0.0,0.0,5.707907216494768,6506.6699999999255,970.0
13507.0,8286286.1099999985,8291819.85,8292856.85,0.0,0.0,5.336297010608635,6570.740000001155,1037.0
13511.0,8286595.54,8292804.42,8292858.42,0.0,0.0,114.97925925925719,6262.879999999888,54.0
13509.0,8286311.33,8291963.42,8292977.42,0.0,0.0,5.574053254437723,6666.089999999851,1014.0
13446.0,8278606.62,8291358.85,8292991.85,0.0,0.0,7.8090814451926,14385.229999999516,1633.0
13510.0,8286332.67,8292231.42,8293239.42,0.0,0.0,5.851934523809524,6906.75,1008.0
13372.0,8230316.14,8254172.47,8293719.47,0.0,0.0,0.6032399423470826,63403.330000000075,39547.0
13512.0,8287210.52,8292856.85,8294025.85,0.0,0.0,4.830051325919653,6815.3300000000745,1169.0
13513.0,8287238.6499999985,8292858.42,8294093.42,0.0,0.0,4.550421052632725,6854.770000001416,1235.0
13377.0,8231778.8999999985,8255461.42,8294515.42,0.0,0.0,0.6064044656117533,62736.520000001416,39054.0
13514.0,8287245.439999999,8292977.42,8294602.42,0.0,0.0,3.527372307693156,7356.980000001378,1625.0
13449.0,8278678.3999999985,8291384.47,8294819.47,0.0,0.0,3.6990014556044337,16141.07000000123,3435.0
13445.0,8278587.22,8291313.95,8294831.95,0.0,0.0,3.61760375213202,16244.730000000447,3518.0
13447.0,8278637.66,8291364.85,8294842.85,0.0,0.0,3.659341575618021,16205.189999999478,3478.0
13515.0,8287259.02,8293239.42,8294853.42,0.0,0.0,3.705328376704072,7594.4000000003725,1614.0
13378.0,8231788.6,8255912.06,8294955.06,0.0,0.0,0.6178690162128925,63166.45999999996,39043.0
13373.0,8230335.54,8255159.47,8295037.47,0.0,0.0,0.6224968654395833,64701.9299999997,39878.0
13236.0,8215495.51,8235522.54,8295056.54,0.0,0.0,0.336396512916993,79561.03000000026,59534.0
13380.0,8231805.09,8256095.46,8295116.46,0.0,0.0,0.6224948104866639,63311.37000000011,39021.0
13379.0,8231797.33,8256095.46,8295127.46,0.0,0.0,0.6225181902029076,63330.12999999989,39032.0
13516.0,8287269.689999999,8293719.47,8295128.47,0.0,0.0,4.577558552165502,7858.780000001192,1409.0
13381.0,8231813.819999998,8256468.42,8295478.42,0.0,0.0,0.6320071776467955,63664.60000000149,39010.0
13465.0,8282408.05,8294831.95,8295500.95,0.0,0.0,18.570852017937778,13092.900000000373,669.0
13382.0,8231821.58,8256524.14,8295534.14,0.0,0.0,0.6332366059984514,63712.55999999959,39010.0
13517.0,8287292.0,8294025.85,8295768.85,0.0,0.0,3.863367756741037,8476.849999999627,1743.0
13518.0,8287337.59,8294093.42,8295811.42,0.0,0.0,3.9323806752037687,8473.830000000075,1718.0
13470.0,8282995.87,8295128.47,8295827.47,0.0,0.0,17.357081545063846,12831.599999999627,699.0
13541.0,8292458.22,8295811.42,8295925.42,0.0,0.0,29.414035087720933,3467.2000000001863,114.0
13542.0,8292466.95,8295925.42,8296045.42,0.0,0.0,28.82058333333116,3578.4699999997392,120.0
13519.0,8287342.439999999,8294515.42,8296233.42,0.0,0.0,4.175192083819196,8890.980000001378,1718.0
13472.0,8283858.2,8295827.47,8296854.47,0.0,0.0,11.65459591041826,12996.269999999553,1027.0
13237.0,8215517.819999998,8240007.47,8297184.47,0.0,0.0,0.42831295800761326,81666.6500000013,57177.0
13540.0,8292452.3999999985,8295768.85,8297199.85,0.0,0.0,2.3175751222928844,4747.450000001118,1431.0
13560.0,8296157.8,8297184.47,8297299.47,0.0,0.0,8.927565217390656,1141.6699999999255,115.0
13562.0,8296566.17,8297299.47,8297403.47,0.0,0.0,7.050961538459747,837.2999999998137,104.0
13544.0,8292525.1499999985,8296045.42,8297422.42,0.0,0.0,2.556477850400447,4897.270000001416,1377.0
13384.0,8231848.74,8258500.46,8297477.46,0.0,0.0,0.6837806911768411,65628.71999999974,38977.0
13383.0,8231837.1,8258500.46,8297488.46,0.0,0.0,0.6838863239971359,65651.36000000034,38988.0
13545.0,8292552.31,8296233.42,8297603.42,0.0,0.0,2.6869416058396607,5051.110000000335,1370.0
13473.0,8283883.42,8296854.47,8297886.47,0.0,0.0,12.568846899224626,14003.049999999814,1032.0
13528.0,8289161.189999999,8295037.47,8298445.47,0.0,0.0,1.7242605633806314,9284.280000001192,3408.0
13529.0,8289168.95,8295478.42,8298766.42,0.0,0.0,1.9189385644768064,9597.46999999974,3288.0
13531.0,8289177.68,8295534.14,8298964.14,0.0,0.0,1.853195335276957,9786.459999999963,3430.0
13524.0,8289149.55,8294602.42,8299321.42,0.0,0.0,1.1555138800593583,10171.870000000112,4719.0
13154.0,8199291.66,8256095.46,8299523.46,0.0,0.0,1.3079994473611452,100231.79999999981,43428.0
13525.0,8289153.43,8294853.42,8299596.42,0.0,0.0,1.2017689226228596,10442.990000000224,4743.0
13526.0,8289158.279999998,8294955.06,8299744.06,0.0,0.0,1.2104364167887225,10585.780000001192,4789.0
13469.0,8282908.569999998,8295127.46,8303270.46,0.0,0.0,1.5005391133490762,20361.890000001527,8143.0
13464.0,8282404.17,8294819.47,8304546.47,0.0,0.0,1.2763750385524637,22142.299999999814,9727.0
13546.0,8293703.7,8297488.46,8319245.46,0.0,0.0,0.17395596819413414,25541.759999999776,21757.0
13462.0,8282397.38,8292110.39,8324915.39,0.0,0.0,0.2960832190214838,42518.00999999978,32805.0
13476.0,8284822.38,8297184.47,8326610.47,0.0,0.0,0.42010772785971084,41788.08999999985,29426.0
13453.0,8278741.45,8288867.72,8327437.72,0.0,0.0,0.2625426497277561,48696.26999999955,38570.0
13467.0,8282839.7,8295056.54,8327503.54,0.0,0.0,0.37651678121243415,44663.83999999985,32447.0
13468.0,8282867.83,8295116.46,8327588.46,0.0,0.0,0.37720590046809216,44720.62999999989,32472.0
13466.0,8282409.99,8294842.85,8327672.85,0.0,0.0,0.37870423393236075,45262.859999999404,32830.0
13451.0,8278710.41,8288454.95,8327706.95,0.0,0.0,0.24825588505044424,48996.54000000004,39252.0
13471.0,8283017.21,8295500.95,8327887.95,0.0,0.0,0.38545527526477363,44870.74000000022,32387.0
13452.0,8278734.66,8288681.47,8329614.47,0.0,0.0,0.24300222314512962,50879.80999999959,40933.0
13454.0,8278745.33,8290822.95,8329860.95,0.0,0.0,0.3093811158358551,51115.62000000011,39038.0
12811.0,7853546.8,8077857.13,8330457.13,0.0,0.0,0.8880060570071262,476910.3300000001,252600.0
12812.0,7853563.29,8077924.13,8330524.13,0.0,0.0,0.8882060174188434,476960.83999999985,252600.0
13489.0,8285643.97,8327503.54,8330664.54,0.0,0.0,13.242508699778645,45020.5700000003,3161.0
13455.0,8278749.21,8290824.42,8331029.42,0.0,0.0,0.30034100236288924,52280.20999999996,40205.0
13052.0,7985706.39,8186805.46,8332322.46,0.0,0.0,1.381962726004524,346616.0700000003,145517.0
13482.0,8285114.35,8303270.46,8335815.46,0.0,0.0,0.5578770932555027,50701.110000000335,32545.0
13484.0,8285451.91,8304546.47,8336064.47,0.0,0.0,0.6058303191826763,50612.55999999959,31518.0
13547.0,8293720.189999999,8297603.42,8337712.42,0.0,0.0,0.09681692388245478,43992.23000000138,40109.0
13548.0,8293737.6499999985,8298445.47,8338687.47,0.0,0.0,0.11698772426820807,44949.82000000123,40242.0
13549.0,8293775.479999999,8298766.42,8338697.42,0.0,0.0,0.12498910620824275,44921.94000000134,39931.0
13450.0,8278707.5,8288315.24,8338715.24,0.0,0.0,0.19062976190476633,60007.74000000022,50400.0
13551.0,8293824.95,8299321.42,8338860.42,0.0,0.0,0.13901388502490553,45035.46999999974,39539.0
13550.0,8293800.7,8298964.14,8339309.14,0.0,0.0,0.1279821539224062,45508.43999999948,40345.0
13477.0,8284942.66,8297199.85,8339352.85,0.0,0.0,0.2907785922710004,54410.18999999948,42153.0
13506.0,8286262.83,8338715.24,8340476.24,0.0,0.0,29.785582055650284,54213.41000000015,1761.0
13504.0,8286227.91,8338697.42,8340640.42,0.0,0.0,27.00437982501275,54412.50999999978,1943.0
13552.0,8293843.38,8299596.42,8349996.42,0.0,0.0,0.11414761904761979,56153.04000000004,50400.0
13463.0,8282400.29,8292991.85,8350160.85,0.0,0.0,0.1852675401003969,67760.55999999959,57169.0
13611.0,8352727.229999999,8352727.229999999,8352838.229999999,0.0,0.0,0.0,111.0,111.0
13612.0,8352975.55,8352975.55,8353049.55,0.0,0.0,0.0,74.0,74.0
13613.0,8353123.96,8353123.96,8353193.96,0.0,0.0,0.0,70.0,70.0
13534.0,8289713.12,8338860.42,8353263.42,0.0,0.0,3.412296049434133,63550.299999999814,14403.0
13478.0,8284979.52,8297422.42,8360161.42,0.0,0.0,0.1983279937518987,75181.90000000037,62739.0
13480.0,8285036.75,8297477.46,8361562.46,0.0,0.0,0.1941282671451972,76525.70999999996,64085.0
13481.0,8285085.25,8297886.47,8362782.47,0.0,0.0,0.197257458086781,77697.21999999974,64896.0
13537.0,8291450.39,8339309.14,8363025.14,0.0,0.0,2.0179941811435316,71574.75,23716.0
13498.0,8286083.38,8330664.54,8363064.54,0.0,0.0,1.3759617283950663,76981.16000000015,32400.0
13499.0,8286088.229999999,8331029.42,8363429.42,0.0,0.0,1.3870737654321401,77341.19000000134,32400.0
13500.0,8286094.05,8335815.46,8368215.46,0.0,0.0,1.5346114197530911,82121.41000000015,32400.0
13485.0,8285480.04,8319245.46,8370881.46,0.0,0.0,0.6539123867069472,85401.41999999993,51636.0
13581.0,8314220.17,8360161.42,8371678.42,0.0,0.0,3.9889945298254754,57458.25,11517.0
13615.0,8353214.17,8371678.42,8371751.42,0.0,0.0,252.93493150684932,18537.25,73.0
13616.0,8353371.31,8371678.42,8371782.42,0.0,0.0,176.02990384615708,18411.110000000335,104.0
13563.0,8297858.21,8340476.24,8372876.24,0.0,0.0,1.3153712962963044,75018.03000000026,32400.0
13564.0,8297873.729999999,8340640.42,8373040.42,0.0,0.0,1.3199595679012759,75166.69000000134,32400.0
13583.0,8314300.68,8362782.47,8374275.47,0.0,0.0,4.218375532933093,59974.79000000004,11493.0
13621.0,8360585.2,8371751.42,8375202.42,0.0,0.0,3.2356476383656156,14617.21999999974,3451.0
13664.0,8375671.6099999985,8375671.6099999985,8375743.6099999985,0.0,0.0,0.0,72.0,72.0
13671.0,8376911.27,8376911.27,8376985.27,0.0,0.0,0.0,74.0,74.0
13669.0,8376042.1499999985,8376042.1499999985,8377099.1499999985,0.0,0.0,0.0,1057.0,1057.0
13673.0,8377156.68,8377156.68,8377229.68,0.0,0.0,0.0,73.0,73.0
13623.0,8364570.93,8374275.47,8377395.47,0.0,0.0,3.1104294871794993,12824.540000000037,3120.0
13674.0,8377487.45,8377487.45,8377592.45,0.0,0.0,0.0,105.0,105.0
13486.0,8285511.08,8324915.39,8377675.39,0.0,0.0,0.7468595526914251,92164.30999999959,52760.0
13672.0,8376996.63,8376996.63,8377783.63,0.0,0.0,0.0,787.0,787.0
13675.0,8377730.92,8377730.92,8377799.92,0.0,0.0,0.0,69.0,69.0
13676.0,8377964.689999999,8377964.689999999,8378076.689999999,0.0,0.0,0.0,112.0,112.0
13677.0,8378243.08,8378243.08,8378316.08,0.0,0.0,0.0,73.0,73.0
13682.0,8378824.1099999985,8378824.1099999985,8378928.1099999985,0.0,0.0,0.0,104.0,104.0
13487.0,8285549.88,8326610.47,8379086.47,0.0,0.0,0.7824641740986328,93536.58999999985,52476.0
13620.0,8360556.1,8371678.42,8379099.42,0.0,0.0,1.4987629699501817,18543.320000000298,7421.0
13491.0,8285932.06,8327588.46,8379239.46,0.0,0.0,0.8064974540667242,93307.40000000037,51651.0
13592.0,8319765.66,8370881.46,8381762.46,0.0,0.0,4.697711607389009,61996.799999999814,10881.0
13488.0,8285581.89,8327437.72,8382425.72,0.0,0.0,0.7611811668000305,96843.83000000007,54988.0
13585.0,8314600.41,8363064.54,8382470.54,0.0,0.0,2.49737864577965,67870.12999999989,19406.0
13565.0,8297894.1,8350160.85,8382560.85,0.0,0.0,1.6131712962962963,84666.75,32400.0
13492.0,8285966.979999999,8327672.85,8383373.85,0.0,0.0,0.7487454444265101,97406.87000000104,55701.0
13493.0,8286000.93,8327706.95,8383850.95,0.0,0.0,0.7428401966372272,97850.02000000048,56144.0
13637.0,8369258.939999999,8383850.95,8383957.95,0.0,0.0,136.37392523366017,14699.01000000164,107.0
13638.0,8369345.27,8383957.95,8384046.95,0.0,0.0,164.18741573034418,14701.680000000633,89.0
13494.0,8286028.09,8327887.95,8385262.95,0.0,0.0,0.7295836165577401,99234.86000000034,57375.0
13627.0,8364797.91,8379099.42,8385838.42,0.0,0.0,2.122200623237836,21040.509999999776,6739.0
13619.0,8360463.95,8372876.24,8387276.24,0.0,0.0,0.8619645833333359,26812.290000000037,14400.0
13640.0,8369398.62,8385262.95,8387907.95,0.0,0.0,5.9978563327032415,18509.330000000075,2645.0
13495.0,8286056.22,8329614.47,8388397.47,0.0,0.0,0.7410007995508906,102341.25,58783.0
13591.0,8319687.09,8368215.46,8389955.46,0.0,0.0,2.2322157313706548,70268.37000000104,21740.00000000093
13636.0,8367157.92,8383373.85,8390360.85,0.0,0.0,2.3208716187204383,23202.929999999702,6987.0
13614.0,8353164.7,8353193.96,8392933.96,0.0,0.0,0.000736285858071862,39769.26000000071,39740.00000000093
13635.0,8367017.27,8382560.85,8393243.85,0.0,0.0,1.45498268276702,26226.580000000075,10683.0
13584.0,8314323.96,8363025.14,8393265.14,0.0,0.0,1.6104887566136972,78941.18000000063,30240.00000000093
13501.0,8286097.93,8336064.47,8393361.469999999,0.0,0.0,0.8720620625861886,107263.5399999991,57296.99999999907
13634.0,8366858.189999999,8382470.54,8393743.54,0.0,0.0,1.3849330258141381,26885.35000000056,11272.999999999069
13734.0,8393683.54,8393683.54,8393860.54,0.0,0.0,0.0,177.0,177.0
13631.0,8366380.95,8382425.72,8394453.719999999,0.0,0.0,1.333951612903292,28072.76999999862,12027.999999999069
13735.0,8394288.82,8394288.82,8394888.82,0.0,0.0,0.0,600.0,600.0
13502.0,8286127.029999998,8337712.42,8395534.42,0.0,0.0,0.8921412265228033,109407.39000000153,57822.0
13649.0,8369915.63,8393243.85,8395765.85,0.0,0.0,9.249888977002275,25850.21999999974,2522.0
12935.0,7934891.97,8152638.34,8405238.34,0.0,0.0,0.8620204671417265,470346.3700000001,252600.0
13740.0,8405229.45,8405229.45,8405829.45,0.0,0.0,0.0,600.0,600.0
13741.0,8405866.74,8405866.74,8406107.74,0.0,0.0,0.0,241.0,241.0
13639.0,8369365.64,8384046.95,8406464.95,0.0,0.0,0.6548893746097391,37099.30999999959,22417.99999999907
13742.0,8406420.61,8406420.61,8406803.61,0.0,0.0,0.0,383.0,383.0
13743.0,8406879.42,8406879.42,8407479.42,0.0,0.0,0.0,600.0,600.0
13630.0,8366255.819999998,8381762.46,8408528.46,0.0,0.0,0.5793409549428749,42272.64000000246,26766.00000000093
13744.0,8408791.29,8408791.29,8409391.29,0.0,0.0,0.0,600.0,600.0
13745.0,8411011.62,8411011.62,8411591.62,0.0,0.0,0.0,580.0,580.0
13746.0,8411547.06,8411547.06,8411786.06,0.0,0.0,0.0,239.0,239.0
13747.0,8411972.89,8411972.89,8412572.89,0.0,0.0,0.0,600.0,600.0
13148.0,8192725.729999999,8242918.42,8415718.42,0.0,0.0,0.2904669560185263,222992.69000000134,172800.0
13586.0,8314946.7,8363429.42,8416260.42,0.0,0.0,0.9176945354053442,101313.71999999974,52831.0
13660.0,8374460.08,8416260.42,8416358.42,0.0,0.0,426.5340816326515,41898.33999999985,98.0
12937.0,7934914.279999998,8163976.8599999985,8416576.86,0.0,0.0,0.9068193982581125,481662.580000001,252600.00000000093
13561.0,8296379.93,8416576.86,8416650.86,0.0,0.0,1624.2828378378338,120270.9299999997,74.0
13656.0,8370257.069999998,8395534.42,8419417.42,0.0,0.0,1.0583825315078295,49160.35000000149,23883.0
13628.0,8364979.3,8379239.46,8419872.46,0.0,0.0,0.35095021288115136,54893.16000000108,40633.00000000093
13580.0,8314183.31,8353263.42,8423562.42,0.0,0.0,0.5559127441357677,109379.11000000034,70299.0
13657.0,8370293.93,8395765.85,8423782.85,0.0,0.0,0.9091594389120864,53488.919999999925,28017.0
13582.0,8314265.76,8361562.46,8425309.46,0.0,0.0,0.7419439346165231,111043.70000000112,63747.00000000093
13659.0,8374443.59,8408528.46,8426528.46,0.0,0.0,1.8936038888889468,52084.87000000104,18000.0
13416.0,8273281.319999998,8332322.46,8428554.46,0.0,0.0,0.6135291794829262,155273.14000000246,96232.00000000093
13490.0,8285851.55,8428554.46,8428614.46,0.0,0.0,2378.3818333333516,142762.91000000108,60.0
13622.0,8364526.31,8373040.42,8430921.42,0.0,0.0,0.1470968020594035,66395.11000000034,57881.0
13661.0,8374465.8999999985,8416358.42,8434358.42,0.0,0.0,2.327362222222301,59892.520000001416,18000.0
13417.0,8273562.62,8416576.86,8434399.86,0.0,0.0,8.024139594905419,160837.2399999993,17823.0
13662.0,8374471.72,8416650.86,8434650.86,0.0,0.0,2.343285555555537,60179.139999999665,18000.0
13665.0,8375890.83,8416650.86,8434650.86,0.0,0.0,2.264446111111074,58760.02999999933,18000.0
13667.0,8375907.319999998,8419417.42,8437417.42,0.0,0.0,2.4172277777778604,61510.10000000149,18000.0
13626.0,8364659.2,8379086.47,8437545.469999999,0.0,0.0,0.24679296601036252,72886.26999999862,58458.99999999907
13668.0,8375912.17,8419872.46,8437872.46,0.0,0.0,2.4422383333333872,61960.29000000097,18000.0
13678.0,8378410.89,8423562.42,8441562.42,0.0,0.0,2.508418333333348,63151.53000000026,18000.0
13680.0,8378447.75,8423782.85,8441782.85,0.0,0.0,2.518616666666646,63335.09999999963,18000.0
13681.0,8378454.54,8425309.46,8443309.46,0.0,0.0,2.6030511111111587,64854.92000000086,18000.0
13652.0,8370157.16,8393265.14,8445015.14,0.0,0.0,0.4465310144927623,74857.98000000045,51750.0
13653.0,8370191.1099999985,8393361.469999999,8445444.469999999,0.0,0.0,0.4448737591920653,75253.36000000034,52083.0
13654.0,8370203.72,8393743.54,8445553.54,0.0,0.0,0.45434896738080227,75349.81999999937,51810.0
13655.0,8370232.819999998,8394453.719999999,8446212.719999999,0.0,0.0,0.46795533143995,75979.90000000037,51759.0
13391.0,8266616.45,8405238.34,8448703.34,0.0,0.0,3.189276199240761,182086.88999999966,43465.0
13748.0,8422240.34,8448703.34,8448818.34,0.0,0.0,230.11304347826086,26578.0,115.0
13749.0,8422565.29,8448703.34,8448911.34,0.0,0.0,125.66370192308051,26346.050000000745,208.0
13750.0,8423122.07,8448818.34,8448976.34,0.0,0.0,162.63462025316173,25854.269999999553,158.0
13520.0,8287757.6,8448703.34,8449119.34,0.0,0.0,386.8887980769236,161361.74000000022,416.0
13752.0,8423936.87,8448976.34,8449148.34,0.0,0.0,145.57831395349228,25211.47000000067,172.0
13751.0,8423660.42,8448911.34,8449162.34,0.0,0.0,100.60127490039811,25501.919999999925,251.0
13753.0,8424340.39,8449148.34,8449264.34,0.0,0.0,213.86163793102807,24923.949999999255,116.0
13754.0,8424533.42,8449162.34,8449278.34,0.0,0.0,212.31827586206833,24744.919999999925,116.0
13755.0,8424926.27,8449264.34,8449379.34,0.0,0.0,211.6353913043504,24453.070000000298,115.0
13756.0,8425172.65,8449278.34,8449438.34,0.0,0.0,150.66056249999673,24265.68999999948,160.0
13757.0,8426428.799999999,8449379.34,8449527.34,0.0,0.0,155.07121621622275,23098.54000000097,148.0
13758.0,8426669.36,8449438.34,8449584.34,0.0,0.0,155.95191780822225,22914.980000000447,146.0
13521.0,8288518.08,8449119.34,8449641.34,0.0,0.0,307.66524904214515,161123.25999999978,522.0
13761.0,8435356.68,8449527.34,8449704.34,0.0,0.0,80.0602259887014,14347.660000000149,177.0
13527.0,8289159.25,8449641.34,8449749.34,0.0,0.0,1485.9452777777765,160590.08999999985,108.0
13786.0,8444335.0,8449584.34,8450226.34,0.0,0.0,8.176542056074535,5891.339999999851,642.0
13787.0,8444335.0,8449584.34,8450226.34,0.0,0.0,8.176542056074535,5891.339999999851,642.0
13788.0,8444335.97,8449704.34,8450346.34,0.0,0.0,8.361947040497165,6010.36999999918,642.0
13789.0,8444335.97,8449704.34,8450346.34,0.0,0.0,8.361947040497165,6010.36999999918,642.0
13790.0,8444335.97,8449749.34,8450391.34,0.0,0.0,8.432040498441092,6055.36999999918,642.0
13791.0,8444335.97,8449749.34,8450402.34,0.0,0.0,8.289999999998745,6066.36999999918,653.0
13792.0,8444336.94,8449749.34,8450402.34,0.0,0.0,8.288514548239467,6065.4000000003725,653.0
13793.0,8444336.94,8450226.34,8450879.34,0.0,0.0,9.018989280245593,6542.4000000003725,653.0
13794.0,8444336.94,8450226.34,8450879.34,0.0,0.0,9.018989280245593,6542.4000000003725,653.0
13796.0,8444337.91,8450346.34,8450988.34,0.0,0.0,9.358925233644396,6650.429999999702,642.0
13795.0,8444336.94,8450346.34,8450999.34,0.0,0.0,9.202756508423235,6662.4000000003725,653.0
13797.0,8444337.91,8450391.34,8451044.34,0.0,0.0,9.27018376722772,6706.429999999702,653.0
13798.0,8444337.91,8450402.34,8451055.34,0.0,0.0,9.287029096477339,6717.429999999702,653.0
13799.0,8444338.879999999,8450402.34,8451055.34,0.0,0.0,9.28554364471806,6716.460000000894,653.0
13800.0,8444338.879999999,8450879.34,8451532.34,0.0,0.0,10.016018376724187,7193.460000000894,653.0
13801.0,8444338.879999999,8450879.34,8451532.34,0.0,0.0,10.016018376724187,7193.460000000894,653.0
13802.0,8444338.879999999,8450988.34,8451641.34,0.0,0.0,10.18294027565221,7302.460000000894,653.0
13803.0,8444338.879999999,8450999.34,8451652.34,0.0,0.0,10.199785604901829,7313.460000000894,653.0
13804.0,8444339.85,8451044.34,8451697.34,0.0,0.0,10.267212863706314,7357.4900000002235,653.0
13805.0,8444339.85,8451055.34,8451708.34,0.0,0.0,10.284058192955932,7368.4900000002235,653.0
13642.0,8369732.3,8385838.42,8452952.42,0.0,0.0,0.23998152397413522,83220.12000000011,67114.0
13643.0,8369775.95,8387276.24,8454179.24,0.0,0.0,0.2615770593246945,84403.29000000004,66903.0
13644.0,8369815.72,8387907.95,8454706.95,0.0,0.0,0.2708458210452357,84891.22999999952,66798.99999999907
13647.0,8369851.6099999985,8389955.46,8456823.46,0.0,0.0,0.3006497876413594,86971.85000000242,66868.0
13646.0,8369844.819999998,8388397.47,8456990.469999999,0.0,0.0,0.2704743924307372,87145.65000000037,68592.99999999907
13414.0,8273254.16,8288187.95,8457484.95,0.0,0.0,0.08821060030597187,184230.7899999991,169296.99999999907
13538.0,8292040.1499999985,8339352.85,8457931.85,0.0,0.0,0.398997292943954,165891.70000000112,118579.0
13648.0,8369878.77,8390360.85,8458514.85,0.0,0.0,0.3005264547935569,88636.08000000007,68154.0
13392.0,8266728.0,8415718.42,8459276.42,0.0,0.0,3.420506451168555,192548.41999999993,43558.0
13695.0,8379796.05,8445444.469999999,8459375.469999999,0.0,0.0,4.712398248510444,79579.419999999,13931.0
13555.0,8295679.59,8459276.42,8459451.42,0.0,0.0,934.839028571429,163771.83000000007,175.0
13696.0,8379816.42,8445553.54,8460115.54,0.0,0.0,4.514291992858068,80299.11999999918,14562.0
13118.0,8189177.47,8208257.13,8460857.129999999,0.0,0.0,0.075533095803643,271679.6599999992,252599.99999999907
13496.0,8286075.62,8428614.46,8461014.46,0.0,0.0,4.399346913580271,174938.84000000078,32400.0
13765.0,8437493.59,8459276.42,8463366.42,0.0,0.0,5.32587530562349,25872.830000000075,4090.0
13119.0,8189190.08,8212024.97,8464624.969999999,0.0,0.0,0.09039940617577098,275434.88999999873,252599.99999999907
13567.0,8303314.46,8464624.969999999,8464729.969999999,0.0,0.0,1536.2905714285605,161415.50999999885,105.0
13784.0,8443016.77,8460857.129999999,8464866.129999999,0.0,0.0,4.450077326016315,21849.359999999404,4009.0
13568.0,8303407.58,8464729.969999999,8464889.969999999,0.0,0.0,1008.2649374999921,161482.38999999873,160.0
13569.0,8303729.62,8464889.969999999,8465066.969999999,0.0,0.0,910.5104519773938,161337.3499999987,177.0
13576.0,8308141.18,8465066.969999999,8465133.969999999,0.0,0.0,2342.1759701492406,156992.7899999991,67.0
13120.0,8189294.84,8217351.13,8469951.129999999,0.0,0.0,0.11107003167062605,280656.2899999991,252599.99999999907
13587.0,8315414.24,8469951.129999999,8470102.129999999,0.0,0.0,1023.4231125827731,154687.88999999873,151.0
13588.0,8315535.49,8470102.129999999,8470294.129999999,0.0,0.0,805.0345833333267,154758.63999999873,192.0
13589.0,8316159.2,8470294.129999999,8470596.129999999,0.0,0.0,510.3805629139032,154436.92999999877,302.0
13590.0,8318074.95,8470596.129999999,8470731.129999999,0.0,0.0,1129.7865185185094,152656.17999999877,135.0
13593.0,8320199.25,8470731.129999999,8470908.129999999,0.0,0.0,850.4625988700506,150708.87999999896,177.0
13594.0,8320452.42,8470908.129999999,8471077.129999999,0.0,0.0,890.2704733727753,150624.70999999903,169.0
13595.0,8320593.069999998,8471077.129999999,8471515.129999999,0.0,0.0,343.5709132420103,150922.06000000052,438.0
13596.0,8321105.229999999,8471515.129999999,8471661.129999999,0.0,0.0,1030.2047945205504,150555.90000000037,146.0
13597.0,8321558.22,8471661.129999999,8471807.129999999,0.0,0.0,1028.1021232876658,150248.90999999922,146.0
13598.0,8321883.17,8471807.129999999,8471911.129999999,0.0,0.0,1441.5765384615293,150027.95999999903,104.0
13599.0,8322166.41,8471911.129999999,8472128.129999999,0.0,0.0,690.067834101377,149961.7199999988,217.0
13600.0,8322961.81,8472128.129999999,8472264.129999999,0.0,0.0,1096.8111764705836,149302.31999999937,136.0
13601.0,8323243.1099999985,8472264.129999999,8472399.129999999,0.0,0.0,1103.859407407411,149156.02000000048,135.0
13602.0,8323535.08,8472399.129999999,8472534.129999999,0.0,0.0,1102.6966666666583,148999.04999999888,135.0
13603.0,8323863.91,8472534.129999999,8472658.129999999,0.0,0.0,1198.9533870967646,148794.2199999988,124.0
13121.0,8189330.729999999,8228537.62,8481137.620000001,0.0,0.0,0.15521334125099517,291806.89000000246,252600.00000000093
13663.0,8374889.79,8469951.129999999,8487951.129999999,0.0,0.0,5.281185555555496,113061.33999999892,18000.0
13566.0,8297900.89,8461014.46,8493414.46,0.0,0.0,5.034369444444482,195513.57000000123,32400.0
13705.0,8380267.47,8457931.85,8493931.85,0.0,0.0,2.1573438888888856,113664.37999999989,36000.0
13604.0,8324046.27,8472658.129999999,8494258.129999999,0.0,0.0,6.880178703703676,170211.8599999994,21600.0
13707.0,8380281.05,8458514.85,8494514.85,0.0,0.0,2.173161111111106,114233.79999999981,36000.0
13708.0,8380286.87,8459375.469999999,8495375.469999999,0.0,0.0,2.1969055555555195,115088.5999999987,36000.0
13710.0,8381407.22,8460115.54,8496115.54,0.0,0.0,2.1863422222222044,114708.31999999937,36000.0
13575.0,8308077.16,8464624.969999999,8497422.969999999,0.0,0.0,4.773090127446754,189345.80999999866,32798.0
13606.0,8344765.47,8465133.969999999,8498230.969999999,0.0,0.0,3.6368401969966784,153465.49999999907,33097.0
13666.0,8375902.47,8481137.620000001,8499137.620000001,0.0,0.0,5.846397222222294,123235.1500000013,18000.0
13767.0,8438864.2,8499137.620000001,8499252.620000001,0.0,0.0,524.1166956521895,60388.42000000179,115.0
13811.0,8445032.43,8451652.34,8501408.34,0.0,0.0,0.13304747166171213,56375.91000000015,49756.0
13418.0,8273661.56,8434399.86,8501537.86,0.0,0.0,2.3941478745270905,227876.2999999998,67138.0
13610.0,8352694.25,8501537.86,8501633.86,0.0,0.0,1550.4542708333272,148939.6099999994,96.0
13415.0,8273266.77,8332322.46,8501709.46,0.0,0.0,0.34864357949547536,228442.69000000134,169387.00000000093
13617.0,8353533.3,8501633.86,8501841.86,0.0,0.0,712.0219230769211,148308.5599999996,208.0
13736.0,8395455.73,8495375.469999999,8502276.469999999,0.0,0.0,14.479023329951943,106820.73999999836,6901.0
13605.0,8324113.2,8481137.620000001,8502737.620000001,0.0,0.0,7.269649074074113,178624.42000000086,21600.0
13739.0,8404774.52,8499137.620000001,8502750.620000001,0.0,0.0,26.117658455577494,97976.10000000149,3613.0
13720.0,8387370.779999998,8502737.620000001,8502883.620000001,0.0,0.0,790.1838356164565,115512.84000000264,146.0
13727.0,8391532.08,8497422.969999999,8502999.969999999,0.0,0.0,18.987070109377573,111467.88999999873,5577.0
13721.0,8387826.68,8502883.620000001,8503030.620000001,0.0,0.0,782.7002721088527,115203.94000000134,147.0
13722.0,8388101.189999999,8503030.620000001,8503135.620000001,0.0,0.0,1094.5660000000237,115034.4300000025,105.0
13723.0,8388514.41,8503135.620000001,8503304.620000001,0.0,0.0,678.2320118343248,114790.2100000009,169.0
13724.0,8389064.4,8503304.620000001,8503451.620000001,0.0,0.0,777.1443537415012,114387.22000000067,147.0
13725.0,8389414.57,8503451.620000001,8503591.620000001,0.0,0.0,814.5503571428625,114177.05000000075,140.0
13726.0,8389714.299999999,8503591.620000001,8503737.620000001,0.0,0.0,779.9816438356312,114023.32000000216,146.0
13728.0,8392178.1,8503737.620000001,8503907.620000001,0.0,0.0,656.2324705882436,111729.52000000142,170.0
13729.0,8392342.03,8503907.620000001,8504062.620000001,0.0,0.0,719.778000000011,111720.59000000171,155.0
13730.0,8392516.629999999,8504062.620000001,8504251.620000001,0.0,0.0,590.1904232804343,111734.99000000209,189.0
13731.0,8392758.16,8504251.620000001,8504397.620000001,0.0,0.0,763.6538356164444,111639.4600000009,146.0
13732.0,8393155.86,8504397.620000001,8504510.620000001,0.0,0.0,984.4403539823154,111354.76000000164,113.0
13768.0,8439034.92,8499252.620000001,8505071.620000001,0.0,0.0,10.348461935040577,66036.70000000112,5819.0
13679.0,8378440.96,8487951.129999999,8505951.129999999,0.0,0.0,6.083898333333278,127510.169999999,18000.0
13759.0,8426943.87,8504510.620000001,8506310.620000001,0.0,0.0,43.09263888888992,79366.75000000186,1800.0
13769.0,8439068.87,8501709.46,8509233.46,0.0,0.0,8.325437267411179,70164.59000000171,7524.0
13770.0,8439173.629999999,8501709.46,8509289.46,0.0,0.0,8.250109498680994,70115.83000000194,7580.0
13772.0,8439308.459999999,8502750.620000001,8509539.620000001,0.0,0.0,9.344846074532628,70231.16000000201,6789.0
13812.0,8445032.43,8451697.34,8510648.34,0.0,0.0,0.11305847229054891,65615.91000000015,58951.0
13807.0,8445025.64,8451055.34,8510650.34,0.0,0.0,0.1011779511703877,65624.69999999925,59595.0
13771.0,8439284.209999999,8502276.469999999,8510802.469999999,0.0,0.0,7.388254750175906,71518.25999999978,8526.0
13780.0,8442197.12,8509289.46,8512480.46,0.0,0.0,21.02549044186829,70283.34000000171,3191.0
13816.0,8445033.4,8463366.42,8512876.42,0.0,0.0,0.37028923449807216,67843.01999999955,49510.0
13808.0,8445031.459999999,8451532.34,8512906.34,0.0,0.0,0.10592237755402645,67874.88000000082,61374.0
13817.0,8445033.4,8463366.42,8514514.42,0.0,0.0,0.35843082818486655,69481.01999999955,51148.0
13813.0,8445032.43,8451708.34,8515606.34,0.0,0.0,0.10447760493286408,70573.91000000015,63898.0
13809.0,8445031.459999999,8451532.34,8515744.34,0.0,0.0,0.10124088955336728,70712.88000000082,64212.0
13810.0,8445031.459999999,8451641.34,8519485.34,0.0,0.0,0.09742762808797858,74453.88000000082,67844.0
13782.0,8442359.11,8510802.469999999,8522566.469999999,0.0,0.0,5.818034682080874,80207.3599999994,11764.0
13824.0,8445035.34,8465066.969999999,8523435.969999999,0.0,0.0,0.3431895355411084,78400.62999999896,58369.0
13818.0,8445033.4,8464866.129999999,8524734.129999999,0.0,0.0,0.3312743034676051,79700.72999999858,59868.0
13781.0,8442330.01,8509539.620000001,8526397.620000001,0.0,0.0,3.986808043658872,84067.61000000127,16858.0
13863.0,8456687.95,8526397.620000001,8526471.620000001,0.0,0.0,942.0225675675918,69783.67000000179,74.0
13866.0,8457046.85,8526397.620000001,8526583.620000001,0.0,0.0,372.85360215054527,69536.77000000142,186.0
13864.0,8456762.64,8526397.620000001,8526616.620000001,0.0,0.0,317.9679452054815,69853.98000000045,219.0
13883.0,8474395.299999999,8526471.620000001,8526648.620000001,0.0,0.0,294.21649717515345,52253.32000000216,177.0
13888.0,8475376.94,8526648.620000001,8526794.620000001,0.0,0.0,351.1758904109696,51417.680000001565,146.0
13884.0,8474560.2,8526583.620000001,8526795.620000001,0.0,0.0,245.39349056604618,52235.42000000179,212.0
13887.0,8475103.4,8526616.620000001,8526854.620000001,0.0,0.0,216.44210084033895,51751.22000000067,238.0
13896.0,8478203.52,8526795.620000001,8527166.620000001,0.0,0.0,130.97601078167517,48963.10000000149,371.0
13895.0,8477470.2,8526794.620000001,8527394.620000001,0.0,0.0,82.20736666666964,49924.42000000179,600.0
13897.0,8478614.799999999,8526854.620000001,8527467.620000001,0.0,0.0,78.69464926590891,48852.82000000216,613.0
13820.0,8445034.37,8464866.129999999,8527629.129999999,0.0,0.0,0.31597852237783053,82594.75999999978,62763.0
13902.0,8486590.14,8527467.620000001,8527912.620000001,0.0,0.0,91.85950561797853,41322.48000000045,445.0
13875.0,8462568.09,8527912.620000001,8528076.620000001,0.0,0.0,398.44225609756825,65508.53000000119,164.0
13876.0,8462633.08,8528076.620000001,8528178.620000001,0.0,0.0,641.6033333333428,65545.54000000097,102.0
13901.0,8485360.18,8527394.620000001,8528557.620000001,0.0,0.0,36.143112639726006,43197.44000000134,1163.0
13903.0,8487144.98,8528557.620000001,8529097.620000001,0.0,0.0,76.69007407407518,41952.640000000596,540.0
13706.0,8380274.26,8493414.46,8529414.46,0.0,0.0,3.1427833333333646,149140.20000000112,36000.0
13865.0,8456806.29,8529414.46,8529598.46,0.0,0.0,394.6096195652271,72792.17000000179,184.0
13867.0,8457954.77,8529414.46,8529848.46,0.0,0.0,164.65366359447313,71893.69000000134,434.0
13712.0,8381418.8599999985,8493931.85,8529931.85,0.0,0.0,3.1253608333333656,148512.99000000115,36000.0
13760.0,8430230.23,8502999.969999999,8530062.969999999,0.0,0.0,2.688901452167105,99832.73999999836,27063.0
13711.0,8381413.04,8494258.129999999,8530258.129999999,0.0,0.0,3.134585833333303,148845.08999999892,36000.0
13908.0,8487632.89,8529097.620000001,8530464.620000001,0.0,0.0,30.332648134601644,42831.73000000045,1367.0
13713.0,8381423.71,8494514.85,8530514.85,0.0,0.0,3.141420555555546,149091.13999999966,36000.0
13898.0,8479173.52,8527166.620000001,8530766.620000001,0.0,0.0,13.331416666667081,51593.10000000149,3600.0
13737.0,8396991.24,8498230.969999999,8531145.969999999,0.0,0.0,3.0757931034482326,134154.72999999858,32915.0
13915.0,8488336.14,8530766.620000001,8531392.620000001,0.0,0.0,67.7803194888186,43056.48000000045,626.0
13921.0,8488903.59,8531392.620000001,8531453.620000001,0.0,0.0,696.5414754098556,42550.03000000119,61.0
13922.0,8488925.9,8531453.620000001,8531936.620000001,0.0,0.0,88.04910973085025,43010.72000000067,483.0
13923.0,8489772.709999999,8531936.620000001,8532339.620000001,0.0,0.0,104.62508684864022,42566.91000000201,403.0
13924.0,8490438.129999999,8532339.620000001,8532474.620000001,0.0,0.0,310.38140740742284,42036.490000002086,135.0
13814.0,8445032.43,8463366.42,8532784.42,0.0,0.0,0.26411002909908415,87751.99000000022,69418.0
13925.0,8490809.64,8532474.620000001,8533138.620000001,0.0,0.0,62.74846385542236,42328.98000000045,664.0
13899.0,8482351.24,8531145.969999999,8533616.969999999,0.0,0.0,19.746956697692667,51265.729999998584,2471.0
13906.0,8487534.92,8530464.620000001,8534414.620000001,0.0,0.0,10.868278481012942,46879.70000000112,3950.0
13932.0,8491501.25,8534414.620000001,8534536.620000001,0.0,0.0,351.74893442623807,43035.37000000104,122.0
13877.0,8462720.379999999,8528178.620000001,8534912.620000001,0.0,0.0,9.72055836055867,72192.24000000209,6734.0
13936.0,8492179.28,8534912.620000001,8535016.620000001,0.0,0.0,410.89750000001646,42837.34000000171,104.0
13933.0,8492005.65,8534536.620000001,8535056.620000001,0.0,0.0,81.79032692307821,43050.97000000067,520.0
13941.0,8492838.879999999,8535016.620000001,8535136.620000001,0.0,0.0,351.48116666668403,42297.740000002086,120.0
13942.0,8492913.57,8535056.620000001,8535251.620000001,0.0,0.0,216.11820512820896,42338.050000000745,195.0
13944.0,8493385.959999999,8535251.620000001,8535399.620000001,0.0,0.0,282.8760810810947,42013.66000000201,148.0
13939.0,8492475.129999999,8535016.620000001,8535433.620000001,0.0,0.0,102.01796163070044,42958.490000002086,417.0
13943.0,8493071.68,8535136.620000001,8535497.620000001,0.0,0.0,116.52337950138876,42425.94000000134,361.0
13951.0,8502264.37,8535433.620000001,8535548.620000001,0.0,0.0,288.42826086958144,33284.25000000186,115.0
13952.0,8502456.43,8535497.620000001,8535791.620000001,0.0,0.0,112.38500000000457,33335.19000000134,294.0
13950.0,8501684.31,8535399.620000001,8535948.620000001,0.0,0.0,61.41222222222317,34264.31000000052,549.0
13738.0,8401240.81,8496115.54,8536760.54,0.0,0.0,2.334228810431753,135519.72999999858,40645.0
13953.0,8502699.9,8535548.620000001,8539148.620000001,0.0,0.0,9.12464444444463,36448.72000000067,3600.0
13821.0,8445034.37,8464866.129999999,8539322.129999999,0.0,0.0,0.26635543139572065,94287.75999999978,74456.0
13878.0,8462750.45,8529414.46,8539417.46,0.0,0.0,6.664401679496315,76667.01000000164,10003.0
13904.0,8487281.75,8536760.54,8539567.54,0.0,0.0,17.626929105806592,52285.789999999106,2807.0
13815.0,8445032.43,8463366.42,8540557.42,0.0,0.0,0.23751460662512758,95524.99000000022,77191.0
13776.0,8441085.5,8505951.129999999,8541951.129999999,0.0,0.0,1.8018230555555266,100865.62999999896,36000.0
13778.0,8441098.11,8505951.129999999,8541951.129999999,0.0,0.0,1.8014727777777653,100853.01999999955,36000.0
13911.0,8488096.549999999,8541951.129999999,8542064.129999999,0.0,0.0,476.58920353982364,53967.580000000075,113.0
13658.0,8370331.76,8406464.95,8542255.95,0.0,0.0,0.2660941446782149,171924.18999999948,135791.0
13777.0,8441092.29,8506310.620000001,8542310.620000001,0.0,0.0,1.8116202777778316,101218.33000000194,36000.0
13905.0,8487350.62,8539417.46,8543355.46,0.0,0.0,13.221645505333091,56004.84000000171,3938.0
13822.0,8445034.37,8465066.969999999,8543702.969999999,0.0,0.0,0.2547510046289184,98668.59999999963,78636.0
13913.0,8488244.959999999,8542255.95,8543789.95,0.0,0.0,35.20925032594538,55544.99000000022,1534.0
13917.0,8488463.209999999,8542310.620000001,8544745.620000001,0.0,0.0,22.113926078029575,56282.41000000201,2435.0
13823.0,8445034.37,8465066.969999999,8544967.969999999,0.0,0.0,0.25071776323199496,99933.59999999963,79901.0
13916.0,8488403.07,8542310.620000001,8545077.620000001,0.0,0.0,19.482309360318304,56674.550000000745,2767.0
13779.0,8441103.93,8509233.46,8545233.46,0.0,0.0,1.8924869444444776,104129.53000000119,36000.0
13918.0,8488515.59,8543355.46,8545595.46,0.0,0.0,24.482084821429037,57079.87000000104,2240.0
13910.0,8487717.28,8541951.129999999,8545706.129999999,0.0,0.0,14.443102529959955,57988.84999999963,3755.0
13819.0,8445033.4,8464866.129999999,8546280.129999999,0.0,0.0,0.24360343429875186,101246.72999999858,81414.0
13912.0,8488162.51,8542064.129999999,8546750.129999999,0.0,0.0,11.502693128467602,58587.61999999918,4686.0
13914.0,8488333.23,8542310.620000001,8546928.620000001,0.0,0.0,11.688477695972411,58595.390000000596,4618.0
13907.0,8487584.39,8533138.620000001,8547308.620000001,0.0,0.0,3.214836273817957,59724.23000000045,14170.0
13919.0,8488574.76,8543789.95,8547792.95,0.0,0.0,13.79345241069185,59218.18999999948,4003.0
13920.0,8488631.99,8544745.620000001,8548618.620000001,0.0,0.0,14.488414665634087,59986.63000000082,3873.0
13909.0,8487642.59,8539567.54,8548630.54,0.0,0.0,5.729333554010731,60987.949999999255,9063.0
13205.0,8210915.17,8299523.46,8552123.46,0.0,0.0,0.3507849960411707,341208.29000000097,252600.00000000093
13827.0,8445036.31,8494258.129999999,8552160.129999999,0.0,0.0,0.8500884252702573,107123.81999999844,57902.0
13959.0,8542262.32,8552123.46,8552183.46,0.0,0.0,164.35233333334327,9921.140000000596,60.0
13645.0,8369842.88,8552123.46,8552189.46,0.0,0.0,2761.826969696985,182346.580000001,66.0
13828.0,8445036.31,8494258.129999999,8554224.129999999,0.0,0.0,0.8208288029883339,109187.81999999844,59966.0
13862.0,8456552.15,8530062.969999999,8556213.969999999,0.0,0.0,2.811013727964454,99661.81999999844,26151.0
13879.0,8466829.299999999,8529848.46,8556392.46,0.0,0.0,2.374139541892782,89563.16000000201,26544.0
13965.0,8557057.73,8557057.73,8557131.73,0.0,0.0,0.0,74.0,74.0
13966.0,8557106.23,8557106.23,8557210.23,0.0,0.0,0.0,104.0,104.0
13967.0,8557210.02,8557210.02,8557366.02,0.0,0.0,0.0,156.0,156.0
13968.0,8557369.1,8557369.1,8557515.1,0.0,0.0,0.0,146.0,146.0
13825.0,8445035.34,8494258.129999999,8557742.129999999,0.0,0.0,0.7753574128914231,112706.7899999991,63484.0
13969.0,8558083.02,8558083.02,8558260.02,0.0,0.0,0.0,177.0,177.0
13829.0,8445036.31,8499137.620000001,8559362.620000001,0.0,0.0,0.8983198007472066,114326.31000000052,60225.0
13900.0,8484792.73,8533616.969999999,8559410.969999999,0.0,0.0,1.8928526013801024,74618.23999999836,25794.0
13889.0,8475575.79,8559410.969999999,8559941.969999999,0.0,0.0,157.8816949152537,84366.1799999997,531.0
13890.0,8476063.7,8559941.969999999,8560222.969999999,0.0,0.0,298.4991814946603,84159.26999999955,281.0
13891.0,8476350.82,8560222.969999999,8560368.969999999,0.0,0.0,574.4667808219076,84018.14999999851,146.0
13650.0,8369966.069999998,8552189.46,8560621.46,0.0,0.0,21.6109333491464,190655.39000000246,8432.0
13670.0,8376355.46,8560621.46,8560695.46,0.0,0.0,2490.0810810810935,184340.00000000093,74.0
13892.0,8476504.08,8560368.969999999,8560775.969999999,0.0,0.0,206.05624078623768,84271.88999999873,407.0
13970.0,8560610.84,8560610.84,8560781.84,0.0,0.0,0.0,171.0,171.0
13715.0,8383004.81,8560695.46,8560835.46,0.0,0.0,1269.2189285714378,177830.6500000013,140.0
13971.0,8560890.2,8560890.2,8561068.2,0.0,0.0,0.0,178.0,178.0
13893.0,8476911.48,8560775.969999999,8561127.969999999,0.0,0.0,238.25139204544988,84216.48999999836,352.0
13972.0,8561108.45,8561108.45,8561286.45,0.0,0.0,0.0,178.0,178.0
13894.0,8477264.56,8561127.969999999,8561335.969999999,0.0,0.0,403.1894711538379,84071.40999999829,208.0
13973.0,8561480.93,8561480.93,8561668.93,0.0,0.0,0.0,188.0,188.0
13841.0,8445038.25,8510650.34,8562857.34,0.0,0.0,1.256768057923264,117819.08999999985,52207.0
13830.0,8445036.31,8499137.620000001,8562931.620000001,0.0,0.0,0.8480626704705854,117895.31000000052,63794.0
13683.0,8379033.63,8426528.46,8564075.46,0.0,0.0,0.3452989160068995,185041.830000001,137547.0
13848.0,8445039.22,8512906.34,8564366.34,0.0,0.0,1.318832491255328,119327.11999999918,51460.0
13945.0,8493493.629999999,8561335.969999999,8564935.969999999,0.0,0.0,18.845094444444403,71442.33999999985,3600.0
13842.0,8445038.25,8512480.46,8565239.46,0.0,0.0,1.2783072082488465,120201.2100000009,52759.0
13946.0,8494220.16,8564935.969999999,8565294.969999999,0.0,0.0,196.97997214484306,71074.80999999866,359.0
13869.0,8460446.7,8529598.46,8565598.46,0.0,0.0,1.9208822222222677,105151.76000000164,36000.0
13834.0,8445037.28,8505951.129999999,8565872.129999999,0.0,0.0,1.0165693162664113,120834.84999999963,59921.0
13871.0,8460456.4,8529931.85,8565931.85,0.0,0.0,1.9298736111110903,105475.44999999925,36000.0
13948.0,8500634.77,8565598.46,8566117.46,0.0,0.0,125.17088631984844,65482.69000000134,519.0
13870.0,8460451.549999999,8530258.129999999,8566258.129999999,0.0,0.0,1.9390716666666687,105806.58000000007,36000.0
13960.0,8542322.459999999,8566258.129999999,8566318.129999999,0.0,0.0,398.9278333333321,23995.669999999925,60.0
13949.0,8501134.32,8566117.46,8566446.46,0.0,0.0,197.51714285714468,65312.140000000596,329.0
13872.0,8460461.25,8530514.85,8566514.85,0.0,0.0,1.945933333333323,106053.59999999963,36000.0
13974.0,8561609.94,8566446.46,8566656.46,0.0,0.0,23.03104761905436,5046.520000001416,210.0
13849.0,8445039.22,8514514.42,8566659.42,0.0,0.0,1.3323463419311392,121620.19999999925,52145.0
13975.0,8561763.2,8566656.46,8566833.46,0.0,0.0,27.6455367231731,5070.260000001639,177.0
13976.0,8561976.6,8566833.46,8567052.46,0.0,0.0,22.177442922380212,5075.860000001267,219.0
13977.0,8562150.23,8567052.46,8567253.46,0.0,0.0,24.389203980101726,5103.230000000447,201.0
13978.0,8562386.91,8567253.46,8567455.46,0.0,0.0,24.091831683172007,5068.550000000745,202.0
13934.0,8492047.36,8522566.469999999,8567537.469999999,0.0,0.0,0.6786397900869316,75490.1099999994,44971.0
13979.0,8562665.299999999,8567455.46,8567654.46,0.0,0.0,24.071155778904583,4989.160000002012,199.0
13935.0,8492088.1,8523435.969999999,8567807.969999999,0.0,0.0,0.7064786351753173,75719.86999999918,44372.0
13850.0,8445039.22,8515606.34,8568261.34,0.0,0.0,1.3401789003893112,123222.11999999918,52655.0
13843.0,8445038.25,8512480.46,8568612.46,0.0,0.0,1.2014930877218146,123574.2100000009,56132.0
13844.0,8445038.25,8512480.46,8568612.46,0.0,0.0,1.2014930877218146,123574.2100000009,56132.0
13835.0,8445037.28,8505951.129999999,8568672.129999999,0.0,0.0,0.9711874810669413,123634.84999999963,62721.0
13947.0,8494513.1,8565294.969999999,8568894.969999999,0.0,0.0,19.661630555555327,74381.86999999918,3600.0
13980.0,8562803.04,8568894.969999999,8568978.969999999,0.0,0.0,72.52297619047265,6175.929999999702,84.0
13845.0,8445038.25,8512480.46,8569017.46,0.0,0.0,1.1928862514813465,123979.2100000009,56537.0
13836.0,8445037.28,8506310.620000001,8569690.620000001,0.0,0.0,0.9667614389397556,124653.34000000171,63380.0
13851.0,8445039.22,8515744.34,8569848.34,0.0,0.0,1.3068372024249442,124809.11999999918,54104.0
13981.0,8562883.549999999,8568978.969999999,8570424.969999999,0.0,0.0,4.2153665283540285,7541.4199999999255,1446.0
13837.0,8445037.28,8506310.620000001,8571154.620000001,0.0,0.0,0.9449346123003164,126117.34000000171,64844.0
13846.0,8445038.25,8512480.46,8572778.46,0.0,0.0,1.1184817075193356,127740.2100000009,60298.0
13826.0,8445035.34,8494258.129999999,8573184.129999999,0.0,0.0,0.6236574766236614,128148.7899999991,78926.0
13852.0,8445039.22,8519485.34,8573935.34,0.0,0.0,1.3672382001836396,128896.11999999918,54450.0
13958.0,8533967.85,8556213.969999999,8574295.969999999,0.0,0.0,1.23029089702462,40328.11999999918,18082.0
13855.0,8445040.19,8522566.469999999,8574557.469999999,0.0,0.0,1.4911480833221005,129517.27999999933,51991.0
13831.0,8445036.31,8501408.34,8575787.34,0.0,0.0,0.7579024993613699,130751.02999999933,74379.0
13832.0,8445036.31,8501709.46,8576672.46,0.0,0.0,0.7560149673839144,131636.15000000037,74963.0
13954.0,8509865.29,8552183.46,8576895.46,0.0,0.0,1.7124542732276542,67030.17000000179,24712.0
13838.0,8445037.28,8506310.620000001,8577323.620000001,0.0,0.0,0.8628468026981216,132286.3400000017,71013.0
13833.0,8445036.31,8501709.46,8577650.46,0.0,0.0,0.7462786900356905,132614.15000000037,75941.0
13937.0,8492233.6,8547308.620000001,8578203.620000001,0.0,0.0,1.782651561741428,85970.02000000142,30895.0
13839.0,8445037.28,8506310.620000001,8578556.620000001,0.0,0.0,0.8481208648229897,133519.3400000017,72246.0
13856.0,8445040.19,8522566.469999999,8579061.469999999,0.0,0.0,1.3722679883175384,134021.27999999933,56495.0
13853.0,8445039.22,8522566.469999999,8579568.469999999,0.0,0.0,1.3600794708957253,134529.24999999814,57002.0
13854.0,8445039.22,8522566.469999999,8579921.469999999,0.0,0.0,1.3517086566122942,134882.24999999814,57355.0
13938.0,8492283.07,8548618.620000001,8580270.620000001,0.0,0.0,1.7798417161632991,87987.55000000075,31652.0
13206.0,8210944.27,8330457.13,8583057.129999999,0.0,0.0,0.47313087885986055,372112.8599999994,252599.99999999907
13207.0,8210972.3999999985,8330524.13,8583124.129999999,0.0,0.0,0.4732847585114878,372151.73000000045,252599.99999999907
13629.0,8366024.96,8583057.129999999,8583181.129999999,0.0,0.0,1750.259435483863,217156.169999999,124.0
13632.0,8366445.939999999,8583181.129999999,8583336.129999999,0.0,0.0,1398.2915483870995,216890.1900000004,155.0
13840.0,8445037.28,8510648.34,8583840.34,0.0,0.0,0.8964239261121505,138803.06000000052,73192.0
13964.0,8551557.83,8566318.129999999,8584534.129999999,0.0,0.0,0.810293148880044,32976.29999999888,18216.0
13847.0,8445038.25,8512876.42,8584757.42,0.0,0.0,0.9437566255338674,139719.16999999993,71881.0
13208.0,8211001.5,8332322.46,8584922.46,0.0,0.0,0.4802888361045111,373920.9600000009,252600.00000000093
13554.0,8295676.68,8457484.95,8585384.95,0.0,0.0,1.2651154808444063,289708.26999999955,127900.0
13633.0,8366536.1499999985,8583336.129999999,8586438.129999999,0.0,0.0,69.8903868471955,219901.98000000045,3102.0
13931.0,8491280.09,8546928.620000001,8591604.620000001,0.0,0.0,1.2456023368251676,100324.53000000119,44676.0
13927.0,8491158.84,8545233.46,8592638.46,0.0,0.0,1.14069444151463,101479.62000000104,47405.0
13928.0,8491167.57,8545595.46,8592722.46,0.0,0.0,1.154919472913629,101554.8900000006,47127.0
13926.0,8491114.22,8545077.620000001,8592929.620000001,0.0,0.0,1.1277146200785835,101815.40000000037,47852.0
13929.0,8491213.16,8545706.129999999,8593914.129999999,0.0,0.0,1.1303719299701047,102700.96999999881,48208.0
13558.0,8295693.17,8460857.129999999,8594397.129999999,0.0,0.0,1.2368126404073614,298703.95999999903,133540.0
13930.0,8491245.17,8546750.129999999,8594471.129999999,0.0,0.0,1.1631139330692783,103225.95999999903,47721.0
13785.0,8444020.72,8594471.129999999,8594584.129999999,0.0,0.0,1331.4195575221088,150563.4099999983,113.0
13774.0,8439850.69,8505071.620000001,8601145.620000001,0.0,0.0,0.6788613985053351,161294.93000000156,96074.0
13940.0,8492581.83,8535948.620000001,8602922.620000001,0.0,0.0,0.647516797563248,110340.79000000097,66974.0
13983.0,8569224.44,8574295.969999999,8604025.969999999,0.0,0.0,0.17058627648837302,34801.52999999933,29730.0
13556.0,8295684.439999999,8459276.42,8612904.42,0.0,0.0,1.0648578384148812,317219.9800000014,153628.0
13984.0,8598225.5,8604025.969999999,8617630.969999999,0.0,0.0,0.4263484013229554,19405.469999998808,13605.0
13716.0,8383498.54,8583124.129999999,8626597.129999999,0.0,0.0,4.5919441952476,243098.58999999892,43473.0
13858.0,8447017.049999999,8626597.129999999,8626755.129999999,0.0,0.0,1136.5827848101271,179738.08000000007,158.0
13994.0,8626961.75,8626961.75,8627060.75,0.0,0.0,0.0,99.0,99.0
13995.0,8626985.03,8626985.03,8627084.03,0.0,0.0,0.0,99.0,99.0
13996.0,8626985.03,8626985.03,8627084.03,0.0,0.0,0.0,99.0,99.0
13997.0,8627007.34,8627007.34,8627117.34,0.0,0.0,0.0,110.0,110.0
13998.0,8627029.65,8627060.75,8627170.75,0.0,0.0,0.2827272727238861,141.09999999962747,110.0
13999.0,8627049.049999999,8627084.03,8627183.03,0.0,0.0,0.35333333333784883,133.98000000044703,99.0
14000.0,8627078.15,8627084.03,8627183.03,0.0,0.0,0.05939393938340322,104.87999999895692,99.0
14001.0,8627093.67,8627117.34,8627216.34,0.0,0.0,0.2390909090901565,122.6699999999255,99.0
14002.0,8627108.22,8627170.75,8627269.75,0.0,0.0,0.6316161616093884,161.52999999932945,99.0
14003.0,8627108.22,8627183.03,8627282.03,0.0,0.0,0.7556565656430192,173.8099999986589,99.0
14004.0,8627120.83,8627183.03,8627282.03,0.0,0.0,0.6282828282753025,161.19999999925494,99.0
14005.0,8627132.47,8627216.34,8627315.34,0.0,0.0,0.8471717171634388,182.86999999918044,99.0
14014.0,8627249.84,8627249.84,8627320.84,0.0,0.0,0.0,71.0,71.0
14006.0,8627146.049999999,8627269.75,8627368.75,0.0,0.0,1.2494949495062382,222.7000000011176,99.0
14007.0,8627161.57,8627282.03,8627386.03,0.0,0.0,1.1582692307599176,224.45999999903142,104.0
14008.0,8627175.15,8627282.03,8627386.03,0.0,0.0,1.0276923076822781,210.87999999895692,104.0
14009.0,8627191.64,8627315.34,8627419.34,0.0,0.0,1.1894230769159129,227.69999999925494,104.0
14019.0,8627358.48,8627358.48,8627427.48,0.0,0.0,0.0,69.0,69.0
14010.0,8627191.64,8627368.75,8627472.75,0.0,0.0,1.702980769225038,281.10999999940395,104.0
14011.0,8627193.58,8627386.03,8627490.03,0.0,0.0,1.8504807692236052,296.44999999925494,104.0
14012.0,8627231.41,8627386.03,8627490.03,0.0,0.0,1.4867307692228888,258.61999999918044,104.0
14013.0,8627243.049999999,8627419.34,8627523.34,0.0,0.0,1.695096153855467,280.2900000009686,104.0
14018.0,8627351.69,8627427.48,8627536.48,0.0,0.0,0.6953211009263172,184.79000000096858,109.0
14015.0,8627262.45,8627472.75,8627571.75,0.0,0.0,2.12424242424995,309.30000000074506,99.0
14017.0,8627327.44,8627490.03,8627592.03,0.0,0.0,1.5940196078416764,264.589999999851,102.0
14021.0,8627375.94,8627490.03,8627596.03,0.0,0.0,1.0763207547155753,220.089999999851,106.0
14020.0,8627372.06,8627523.34,8627629.34,0.0,0.0,1.4271698113144287,257.27999999932945,106.0
14016.0,8627315.799999999,8627571.75,8627662.75,0.0,0.0,2.8126373626496437,346.9500000011176,91.0
14022.0,8627375.94,8627592.03,8627698.03,0.0,0.0,2.0385849056589715,322.089999999851,106.0
14023.0,8627413.77,8627629.34,8627741.34,0.0,0.0,1.9247321428598039,327.570000000298,112.0
14025.0,8627484.58,8627662.75,8627763.75,0.0,0.0,1.7640594059398564,279.1699999999255,101.0
14024.0,8627451.6,8627662.75,8627767.75,0.0,0.0,2.0109523809559287,316.15000000037253,105.0
14026.0,8627520.47,8627698.03,8627797.03,0.0,0.0,1.793535353521807,276.5599999986589,99.0
14027.0,8627550.54,8627741.34,8627839.34,0.0,0.0,1.9469387755178067,288.80000000074506,98.0
14028.0,8627583.52,8627763.75,8627863.75,0.0,0.0,1.8023000000044704,280.23000000044703,100.0
14029.0,8627595.16,8627767.75,8627866.75,0.0,0.0,1.7433333333318282,271.589999999851,99.0
14030.0,8627611.65,8627797.03,8627896.03,0.0,0.0,1.8725252525147162,284.3799999989569,99.0
14031.0,8627616.5,8627839.34,8627938.34,0.0,0.0,2.250909090907586,321.839999999851,99.0
14032.0,8627630.08,8627863.75,8627962.75,0.0,0.0,2.3603030303022776,332.6699999999255,99.0
14033.0,8627645.6,8627866.75,8627965.75,0.0,0.0,2.233838383842147,320.15000000037253,99.0
14034.0,8627663.06,8627896.03,8627995.03,0.0,0.0,2.353232323220282,331.9699999988079,99.0
14035.0,8627680.52,8627938.34,8628037.34,0.0,0.0,2.6042424242454345,356.820000000298,99.0
14036.0,8627711.56,8627962.75,8628061.75,0.0,0.0,2.5372727272674593,350.18999999947846,99.0
14037.0,8627734.84,8627965.75,8628064.75,0.0,0.0,2.3324242424257475,329.910000000149,99.0
14038.0,8627775.58,8627995.03,8628103.03,0.0,0.0,2.0319444444375456,327.44999999925494,108.0
14039.0,8627804.68,8628037.34,8628112.34,0.0,0.0,3.10213333333532,307.660000000149,75.0
14041.0,8627883.25,8628064.75,8628159.75,0.0,0.0,1.9105263157894736,276.5,95.0
14040.0,8627832.81,8628061.75,8628176.75,0.0,0.0,1.9907826086911171,343.93999999947846,115.0
14042.0,8627910.41,8628103.03,8628210.03,0.0,0.0,1.800186915880191,299.61999999918044,107.0
13717.0,8383533.46,8584922.46,8628392.46,0.0,0.0,4.632827237175085,244859.00000000093,43470.0
13718.0,8383552.8599999985,8585384.95,8628916.95,0.0,0.0,4.6364074703666445,245364.09000000078,43532.0
14050.0,8628620.45,8628620.45,8629145.45,0.0,0.0,0.0,525.0,525.0
13719.0,8383665.38,8586438.129999999,8629866.129999999,0.0,0.0,4.669170811458024,246200.74999999907,43428.0
13618.0,8353730.21,8501841.86,8631441.86,0.0,0.0,1.1428368055555513,277711.64999999944,129600.0
14065.0,8628769.83,8631441.86,8633933.86,0.0,0.0,1.0722431781698754,5164.029999999329,2492.0
13624.0,8364601.97,8377395.47,8636595.469999999,0.0,0.0,0.04935763888888907,271993.49999999907,259199.99999999907
13625.0,8364633.01,8377675.39,8636875.39,0.0,0.0,0.05031782407407346,272242.3800000008,259200.00000000093
13989.0,8611412.65,8612904.42,8637402.42,0.0,0.0,0.060893542329967874,25989.769999999553,24498.0
14057.0,8628690.29,8636875.39,8637533.39,0.0,0.0,12.439361702129924,8843.10000000149,658.0
14075.0,8628869.74,8637402.42,8640017.42,0.0,0.0,3.262975143403328,11147.679999999702,2615.0
13553.0,8295670.8599999985,8449749.34,8644897.34,0.0,0.0,0.7895468055014726,349226.4800000014,195148.0
14054.0,8628660.22,8631441.86,8649661.86,0.0,0.0,0.15266959385283937,21001.639999998733,18220.0
14053.0,8628650.52,8631441.86,8650700.86,0.0,0.0,0.14493691261227742,22050.33999999985,19259.0
14052.0,8628640.82,8629145.45,8654077.45,0.0,0.0,0.02024025348944958,25436.629999998957,24932.0
14060.0,8628720.36,8637533.39,8654581.39,0.0,0.0,0.5169538948851005,25861.030000001192,17048.0
14059.0,8628709.69,8637402.42,8654634.42,0.0,0.0,0.5044527623027186,25924.730000000447,17232.0
13557.0,8295690.26,8459451.42,8658280.42,0.0,0.0,0.823628142775954,362590.16000000015,198829.0
14076.0,8628879.44,8658280.42,8658379.42,0.0,0.0,296.9795959596005,29499.980000000447,99.0
14061.0,8628730.06,8644897.34,8661416.34,0.0,0.0,0.9787081542465845,32686.27999999933,16519.0
13559.0,8295811.51,8460857.129999999,8663542.129999999,0.0,0.0,0.814296173865847,367730.6199999992,202685.0
13982.0,8564270.65,8570424.969999999,8665420.969999999,0.0,0.0,0.06478504358076588,101150.31999999844,94996.0
14058.0,8628699.99,8637402.42,8666030.42,0.0,0.0,0.30398316333658315,37330.4299999997,28628.0
14064.0,8628760.129999999,8649661.86,8666805.86,0.0,0.0,1.2191863042464097,38045.73000000045,17144.0
14056.0,8628680.59,8636595.469999999,8667915.469999999,0.0,0.0,0.2527100893997113,39234.87999999896,31320.0
13881.0,8472280.7,8628916.95,8672386.95,0.0,0.0,3.6033183804922935,200106.25,43470.0
13882.0,8472310.77,8629866.129999999,8673301.129999999,0.0,0.0,3.6273825256129713,200990.3599999994,43435.0
14063.0,8628750.43,8644897.34,8674595.34,0.0,0.0,0.5437036164051502,45844.91000000015,29698.0
14062.0,8628739.76,8644897.34,8675086.34,0.0,0.0,0.5352141508496497,46346.580000000075,30189.0
14048.0,8628601.049999999,8628601.049999999,8677007.049999999,0.0,0.0,0.0,48406.0,48406.0
14049.0,8628610.75,8628610.75,8677381.75,0.0,0.0,0.0,48771.0,48771.0
14051.0,8628631.12,8628631.12,8677860.12,0.0,0.0,0.0,49229.0,49229.0
14074.0,8628859.07,8661416.34,8679375.34,0.0,0.0,1.8128665293167523,50516.26999999955,17959.0
14055.0,8628669.92,8631441.86,8679917.86,0.0,0.0,0.05718169815990343,51247.93999999948,48476.0
14071.0,8628829.97,8654634.42,8680518.42,0.0,0.0,0.9969266728480627,51688.449999999255,25884.0
13686.0,8379202.41,8434650.86,8681039.86,0.0,0.0,0.2250443404535075,301837.44999999925,246389.0
13684.0,8379059.819999998,8430921.42,8690121.42,0.0,0.0,0.20008333333333908,311061.6000000015,259200.0
14086.0,8628968.68,8674595.34,8691293.34,0.0,0.0,2.7324625703677174,62324.66000000015,16698.0
14073.0,8628849.37,8628849.37,8693021.37,0.0,0.0,0.0,64172.0,64172.0
14072.0,8628839.67,8633933.86,8693548.86,0.0,0.0,0.08545148033212242,64709.18999999948,59615.0
13685.0,8379128.689999999,8434358.42,8693558.42,0.0,0.0,0.21307766203704234,314429.7300000014,259200.0
13687.0,8379391.56,8434650.86,8693850.86,0.0,0.0,0.21319174382715977,314459.2999999998,259200.0
14066.0,8628779.53,8650700.86,8694244.86,0.0,0.0,0.5034294047400348,65465.330000000075,43544.0
14068.0,8628799.9,8628799.9,8694492.9,0.0,0.0,0.0,65693.0,65693.0
13688.0,8379450.729999999,8437417.42,8696617.42,0.0,0.0,0.22363692129630147,317166.69000000134,259200.0
14083.0,8628938.61,8666030.42,8696639.42,0.0,0.0,1.211794243523164,67700.81000000052,30609.0
13689.0,8379464.31,8437545.469999999,8696745.469999999,0.0,0.0,0.22407854938271304,317281.1599999992,259200.0
13690.0,8379494.38,8437872.46,8697072.46,0.0,0.0,0.22522407407407796,317578.080000001,259200.0
13873.0,8461481.69,8672386.95,8698505.95,0.0,0.0,8.074783108082231,237024.25999999978,26119.0
13691.0,8379625.33,8441562.42,8700762.42,0.0,0.0,0.23895482253086361,321137.08999999985,259200.0
13692.0,8379666.069999998,8441782.85,8700982.85,0.0,0.0,0.23964807098765892,321316.7800000012,259200.0
14070.0,8628819.299999999,8658280.42,8701494.42,0.0,0.0,0.6817494330541269,72675.12000000104,43214.0
13693.0,8379671.89,8443309.46,8702509.46,0.0,0.0,0.24551531635802942,322837.57000000123,259200.0
13694.0,8379701.96,8445015.14,8704215.14,0.0,0.0,0.25197986111111353,324513.18000000063,259200.0
13697.0,8379967.74,8446212.719999999,8705412.719999999,0.0,0.0,0.2555747685185131,325444.9799999986,259200.0
14117.0,8655036.459999999,8701494.42,8706542.42,0.0,0.0,9.203240887480368,51505.960000000894,5048.0
14115.0,8646085.299999999,8658379.42,8707496.42,0.0,0.0,0.25030274650326856,61411.12000000104,49117.0
13698.0,8379997.81,8448703.34,8707903.34,0.0,0.0,0.2650676311728405,327905.53000000026,259200.0
14085.0,8628958.98,8667915.469999999,8708862.469999999,0.0,0.0,0.9513881358829306,79903.48999999836,40947.0
13699.0,8380003.63,8449749.34,8708949.34,0.0,0.0,0.26908067129629615,328945.70999999996,259200.0
14069.0,8628809.6,8654581.39,8709494.39,0.0,0.0,0.4693203795094234,80684.79000000097,54913.0
14067.0,8628790.2,8654077.45,8709814.45,0.0,0.0,0.45368875253422325,81024.25,55737.0
14119.0,8655078.17,8704215.14,8710746.14,0.0,0.0,7.523651814423621,55667.97000000067,6531.0
13700.0,8380036.6099999985,8452952.42,8712152.42,0.0,0.0,0.28131099537037596,332115.81000000145,259200.0
14123.0,8655184.87,8707903.34,8712200.34,0.0,0.0,12.268668838724848,57015.47000000067,4297.0
13701.0,8380190.84,8454179.24,8713379.24,0.0,0.0,0.2854490740740755,333188.4000000004,259200.0
13702.0,8380223.819999998,8454706.95,8713906.95,0.0,0.0,0.2873577546296328,333683.1300000008,259200.0
14093.0,8629037.549999999,8680518.42,8714146.42,0.0,0.0,1.5308930058285073,85108.87000000104,33628.0
14124.0,8655199.42,8708862.469999999,8714990.469999999,0.0,0.0,8.75702513054812,59791.04999999888,6128.0
14089.0,8628997.78,8677381.75,8715038.75,0.0,0.0,1.284859919802445,86040.97000000067,37657.0
14090.0,8629008.45,8677860.12,8715393.12,0.0,0.0,1.3015658220765707,86384.66999999993,37533.0
13703.0,8380230.6099999985,8456823.46,8716023.46,0.0,0.0,0.2954971064814908,335792.8500000024,259200.0
13704.0,8380259.71,8456990.469999999,8716190.469999999,0.0,0.0,0.29602916666666224,335930.75999999885,259200.0
14077.0,8628889.14,8663542.129999999,8716197.129999999,0.0,0.0,0.6581139492925336,87307.98999999836,52655.0
13885.0,8474943.35,8673301.129999999,8716734.129999999,0.0,0.0,4.566983169479412,241790.77999999933,43433.0
14079.0,8628898.84,8663542.129999999,8716746.129999999,0.0,0.0,0.6511407037064715,87847.2899999991,53204.0
13573.0,8307535.8999999985,8716734.129999999,8716947.129999999,0.0,0.0,1921.1184507042274,409411.23000000045,213.0
13574.0,8307829.81,8716947.129999999,8717159.129999999,0.0,0.0,1929.79867924528,409329.31999999937,212.0
14081.0,8628919.209999999,8665420.969999999,8719105.969999999,0.0,0.0,0.6799247462047086,90186.75999999978,53685.0
14080.0,8628908.54,8665420.969999999,8719788.969999999,0.0,0.0,0.6715794217186526,90880.4299999997,54368.0
14084.0,8628948.31,8666805.86,8720021.86,0.0,0.0,0.7113941295850662,91073.54999999888,53216.0
14082.0,8628928.91,8665420.969999999,8720394.969999999,0.0,0.0,0.663805799105007,91466.05999999866,54974.0
14092.0,8629027.85,8679917.86,8721351.86,0.0,0.0,1.2282186127334984,92324.00999999978,41434.0
14088.0,8628988.08,8677007.049999999,8723870.049999999,0.0,0.0,1.0246670080873783,94881.96999999881,46863.0
13874.0,8461825.07,8698505.95,8724567.95,0.0,0.0,9.081454991942252,262742.87999999896,26062.0
14098.0,8629077.32,8693558.42,8724840.42,0.0,0.0,2.061284444728586,95763.09999999963,31282.0
14105.0,8635188.32,8709814.45,8727564.45,0.0,0.0,4.204289014084448,92376.12999999896,17750.0
14122.0,8655137.34,8707496.42,8728148.42,0.0,0.0,2.535303118342053,73011.08000000007,20652.0
14087.0,8628978.379999999,8675086.34,8728853.34,0.0,0.0,0.8575512861048765,99874.9600000009,53767.0
14091.0,8629018.15,8679375.34,8729338.34,0.0,0.0,1.0078896383323555,100320.18999999948,49963.0
14121.0,8655125.7,8706542.42,8730056.42,0.0,0.0,2.186642851067478,74930.72000000067,23514.0
14120.0,8655107.27,8705412.719999999,8730242.719999999,0.0,0.0,2.025994764397876,75135.44999999925,24830.0
14094.0,8629048.22,8681039.86,8730836.86,0.0,0.0,1.0440717312287635,101788.63999999873,49797.0
14096.0,8629057.92,8690121.42,8731845.42,0.0,0.0,1.4635102099511073,102787.5,41724.0
14097.0,8629067.62,8691293.34,8732556.34,0.0,0.0,1.508027046021876,103488.72000000067,41263.0
13880.0,8470379.5,8560835.46,8733635.46,0.0,0.0,0.5234719907407459,263255.9600000009,172800.0
14116.0,8652410.67,8712152.42,8743975.42,0.0,0.0,1.8773135782295824,91564.75,31823.0
14126.0,8690974.959999999,8715038.75,8746885.75,0.0,0.0,0.7556061795459845,55910.79000000097,31847.0
13956.0,8520961.12,8723870.049999999,8750530.049999999,0.0,0.0,7.6109876219054655,229568.9299999997,26660.0
14144.0,8745373.53,8745373.53,8750847.53,0.0,0.0,0.0,5474.0,5474.0
13957.0,8521266.67,8724567.95,8751060.95,0.0,0.0,7.673773449590432,229794.27999999933,26493.0
14143.0,8745160.129999999,8745160.129999999,8753005.129999999,0.0,0.0,0.0,7845.0,7845.0
14118.0,8655064.59,8702509.46,8759177.46,0.0,0.0,0.8372427119362081,104112.87000000104,56668.0
14111.0,8645525.61,8696745.469999999,8759488.469999999,0.0,0.0,0.8163438152463128,113962.8599999994,62743.0
13886.0,8474955.959999999,8717159.129999999,8760618.129999999,0.0,0.0,5.5731418118226355,285662.1699999999,43459.0
14162.0,8751205.17,8751205.17,8761422.17,0.0,0.0,0.0,10217.0,10217.0
14139.0,8732348.37,8732348.37,8764145.37,0.0,0.0,0.0,31797.0,31797.0
14108.0,8645387.87,8694492.9,8764966.9,0.0,0.0,0.6967822175554275,119579.03000000119,70474.0
14125.0,8656804.77,8713906.95,8779983.95,0.0,0.0,0.864176339724862,123179.1799999997,66077.0
14151.0,8749885.0,8751060.95,8783444.95,0.0,0.0,0.036312685276656834,33559.949999999255,32384.0
14159.0,8750860.82,8779983.95,8789292.95,0.0,0.0,3.128491782146198,38432.12999999896,9309.0
14110.0,8645433.459999999,8696639.42,8789841.42,0.0,0.0,0.5494083817943917,144407.9600000009,93202.0
14163.0,8751839.549999999,8760618.129999999,8798752.129999999,0.0,0.0,0.23020349294592948,46912.580000000075,38134.0
14106.0,8645379.14,8693850.86,8801730.86,0.0,0.0,0.44931145717462745,156351.7199999988,107880.0
14107.0,8645382.049999999,8694244.86,8802113.86,0.0,0.0,0.4529828773790479,156731.81000000052,107869.0
14109.0,8645390.78,8696617.42,8804486.42,0.0,0.0,0.4748967729375501,159095.6400000006,107869.0
14146.0,8749232.19,8749232.19,8806409.19,0.0,0.0,0.0,57177.0,57177.0
14157.0,8750621.23,8764966.9,8807442.9,0.0,0.0,0.33773589791882297,56821.669999999925,42476.0
14112.0,8645576.049999999,8697072.46,8809700.46,0.0,0.0,0.4572256454878184,164124.410000002,112628.0
14174.0,8809865.92,8809865.92,8810525.92,0.0,0.0,0.0,660.0,660.0
14152.0,8750037.29,8753005.129999999,8810777.129999999,0.0,0.0,0.051371598698328795,60739.83999999985,57772.0
14158.0,8750731.81,8779983.95,8811762.95,0.0,0.0,0.9204864847855103,61031.13999999873,31779.0
14113.0,8645651.709999999,8700762.42,8812656.42,0.0,0.0,0.49252605144155087,167004.7100000009,111894.0
14175.0,8810467.32,8810467.32,8813793.32,0.0,0.0,0.0,3326.0,3326.0
14176.0,8813727.49,8813727.49,8814900.49,0.0,0.0,0.0,1173.0,1173.0
14164.0,8751932.67,8761422.17,8816048.17,0.0,0.0,0.17371764361293157,64115.5,54626.0
13651.0,8370118.3599999985,8567654.46,8820254.46,0.0,0.0,0.7820114806017515,450136.1000000024,252600.0
14078.0,8628898.84,8820254.46,8820408.46,0.0,0.0,1242.5689610389677,191509.62000000104,154.0
14095.0,8629057.92,8820408.46,8820517.46,0.0,0.0,1755.5095412844125,191459.54000000097,109.0
14099.0,8629157.83,8820517.46,8820693.46,0.0,0.0,1087.2706250000047,191535.63000000082,176.0
14100.0,8629279.08,8820693.46,8820867.46,0.0,0.0,1100.0826436781656,191588.38000000082,174.0
14101.0,8629392.57,8820867.46,8824063.46,0.0,0.0,59.91079161451833,194670.8900000006,3196.0
14148.0,8749456.26,8749456.26,8825719.26,0.0,0.0,0.0,76263.0,76263.0
14178.0,8815528.78,8825719.26,8825916.26,0.0,0.0,51.728324873098714,10387.480000000447,197.0
14179.0,8815789.709999999,8825916.26,8826875.26,0.0,0.0,10.559489051095667,11085.550000000745,959.0
14166.0,8752240.16,8789841.42,8827533.42,0.0,0.0,0.9975925925925867,75293.25999999978,37692.0
14167.0,8785158.08,8802113.86,8828706.86,0.0,0.0,0.6376031286428507,43548.77999999933,26593.0
13773.0,8439837.11,8576895.46,8829495.46,0.0,0.0,0.5425904592240756,389658.3500000015,252600.0
14181.0,8817401.85,8827533.42,8829742.42,0.0,0.0,4.58649615210516,12340.570000000298,2209.0
14183.0,8819503.84,8829742.42,8831914.42,0.0,0.0,4.713895027624344,12410.580000000075,2172.0
14160.0,8750912.23,8779983.95,8832625.95,0.0,0.0,0.5522533338398771,81713.71999999881,52642.0
14188.0,8827121.25,8832625.95,8832678.95,0.0,0.0,103.86226415092933,5557.699999999255,53.0
14189.0,8827226.01,8832678.95,8833196.95,0.0,0.0,10.52691119691019,5970.9399999994785,518.0
14182.0,8817553.17,8827533.42,8834701.42,0.0,0.0,1.392333984375,17148.25,7168.0
14191.0,8827694.52,8834701.42,8834905.42,0.0,0.0,34.347549019609666,7210.9000000003725,204.0
14192.0,8828018.5,8834905.42,8835435.42,0.0,0.0,12.994188679245143,7416.9199999999255,530.0
14184.0,8821760.06,8831914.42,8835514.42,0.0,0.0,2.82065555555539,13754.359999999404,3600.0
14194.0,8828490.89,8835435.42,8836028.42,0.0,0.0,11.710843170319274,7537.529999999329,593.0
14180.0,8817059.44,8826875.26,8836435.26,0.0,0.0,1.0267594142259726,19375.820000000298,9560.0
14195.0,8829229.06,8835514.42,8836489.42,0.0,0.0,6.446523076922466,7260.359999999404,975.0
14199.0,8830695.7,8836489.42,8836820.42,0.0,0.0,17.503685800606256,6124.720000000671,331.0
14165.0,8752120.85,8783444.95,8837037.95,0.0,0.0,0.5844811822439429,84917.09999999963,53593.0
14202.0,8831327.17,8836820.42,8837650.42,0.0,0.0,6.618373493975904,6323.25,830.0
14170.0,8789166.12,8814900.49,8840557.49,0.0,0.0,1.0030155513115735,51391.37000000104,25657.0
14185.0,8823862.049999999,8840557.49,8841642.49,0.0,0.0,15.387502304148702,17780.44000000134,1085.0
14186.0,8823880.48,8841642.49,8842705.49,0.0,0.0,16.709322671683704,18825.009999999776,1063.0
14187.0,8823900.85,8842705.49,8843755.49,0.0,0.0,17.90918095238152,19854.640000000596,1050.0
14161.0,8750975.28,8779983.95,8844672.95,0.0,0.0,0.44843280928751295,93697.66999999993,64689.0
13775.0,8439861.36,8592722.46,8845322.46,0.0,0.0,0.6051508313539251,405461.1000000015,252600.0
14156.0,8750578.549999999,8764145.37,8845974.37,0.0,0.0,0.16579476713634894,95395.8200000003,81829.0
13857.0,8446858.94,8594584.129999999,8847184.129999999,0.0,0.0,0.5848186460807581,400325.1899999995,252600.0
14168.0,8785193.97,8807442.9,8847362.9,0.0,0.0,0.557337925851696,62168.9299999997,39920.0
14169.0,8785208.52,8810777.129999999,8850704.129999999,0.0,0.0,0.640383950710031,65495.609999999404,39927.0
14196.0,8829389.11,8836028.42,8851600.42,0.0,0.0,0.42636206010791944,22211.31000000052,15572.0
14147.0,8749375.75,8749375.75,8855219.75,0.0,0.0,0.0,105844.0,105844.0
14149.0,8749528.04,8749528.04,8855469.04,0.0,0.0,0.0,105941.0,105941.0
14177.0,8814078.629999999,8828706.86,8860484.86,0.0,0.0,0.4603256970231118,46406.23000000045,31778.0
14210.0,8867767.16,8867767.16,8867827.16,0.0,0.0,0.0,60.0,60.0
14211.0,8867778.799999999,8867778.799999999,8868973.799999999,0.0,0.0,0.0,1195.0,1195.0
14213.0,8868087.26,8868973.799999999,8869033.799999999,0.0,0.0,14.775666666651766,946.5399999991059,60.0
13859.0,8447103.379999999,8626755.129999999,8879355.129999999,0.0,0.0,0.7112104117181315,432251.75,252600.0
13860.0,8447132.48,8628392.46,8880992.46,0.0,0.0,0.7175771179730818,433859.98000000045,252600.0
14216.0,8869007.79,8880992.46,8882182.46,0.0,0.0,10.071151260505705,13174.670000001788,1190.0
14215.0,8868954.44,8880992.46,8882235.46,0.0,0.0,9.6846500402264,13281.020000001416,1243.0
14154.0,8750323.44,8759488.469999999,8883135.469999999,0.0,0.0,0.07412254239892055,132812.02999999933,123647.0
14217.0,8869013.61,8882182.46,8883361.46,0.0,0.0,11.16950805767726,14347.85000000149,1179.0
14131.0,8698300.4,8717159.129999999,8889959.129999999,0.0,0.0,0.10913616898147328,191658.72999999858,172800.0
14134.0,8718492.89,8847362.9,8890811.9,0.0,0.0,2.966006352275076,172319.00999999978,43449.0
14153.0,8750204.129999999,8759177.46,8891020.46,0.0,0.0,0.06806072373961407,140816.33000000194,131843.0
14208.0,8859450.379999999,8859450.379999999,8891184.379999999,0.0,0.0,0.0,31734.0,31734.0
14145.0,8745663.56,8745663.56,8894400.56,0.0,0.0,0.0,148737.0,148737.0
14142.0,8745127.15,8745127.15,8894403.15,0.0,0.0,0.0,149276.0,149276.0
14222.0,8872373.69,8894400.56,8894460.56,0.0,0.0,367.11450000001736,22086.870000001043,60.0
14223.0,8873616.26,8894460.56,8894520.56,0.0,0.0,347.4050000000124,20904.300000000745,60.0
14224.0,8873731.69,8894520.56,8894580.56,0.0,0.0,346.48116666668403,20848.870000001043,60.0
14226.0,8873915.02,8894580.56,8895120.56,0.0,0.0,38.269518518520314,21205.54000000097,540.0
14150.0,8749637.65,8750847.53,8895485.53,0.0,0.0,0.008364883363977357,145847.87999999896,144638.0
14190.0,8827532.53,8833196.95,8897540.95,0.0,0.0,0.08803338306601899,70008.41999999993,64344.0
14155.0,8750460.209999999,8764145.37,8899304.37,0.0,0.0,0.10125230284331897,148844.16000000015,135159.0
14193.0,8828240.629999999,8836435.26,8900055.26,0.0,0.0,0.12880587865452403,71814.63000000082,63620.0
14212.0,8867960.19,8867960.19,8900360.19,0.0,0.0,0.0,32400.0,32400.0
14228.0,8883134.87,8900360.19,8900557.19,0.0,0.0,87.43817258883401,17422.320000000298,197.0
14229.0,8883195.98,8900557.19,8900610.19,0.0,0.0,327.56999999998175,17414.20999999903,53.0
14230.0,8883253.209999999,8900610.19,8900683.19,0.0,0.0,237.7668493150746,17429.980000000447,73.0
14214.0,8868225.97,8869033.799999999,8901433.799999999,0.0,0.0,0.024933024691302836,33207.82999999821,32400.0
14232.0,8883829.39,8901433.799999999,8901483.799999999,0.0,0.0,352.08819999996575,17654.409999998286,50.0
14231.0,8883413.26,8900683.19,8903258.19,0.0,0.0,6.706768932038719,19844.929999999702,2575.0
14233.0,8883855.58,8901483.799999999,8903602.799999999,0.0,0.0,8.319122227465224,19747.219999998808,2119.0
14240.0,8894819.49,8894819.49,8904544.49,0.0,0.0,0.0,9725.0,9725.0
14114.0,8645703.12,8700982.85,8908265.85,0.0,0.0,0.2666872343607553,262562.73000000045,207283.0
14135.0,8718513.26,8879355.129999999,8922802.129999999,0.0,0.0,3.702024765806596,204288.86999999918,43447.0
14227.0,8874572.68,8895120.56,8927520.56,0.0,0.0,0.6341938271605191,52947.88000000082,32400.0
14239.0,8892018.129999999,8897540.95,8929228.95,0.0,0.0,0.17428742741732825,37210.8200000003,31688.0
14237.0,8886165.15,8927520.56,8930028.56,0.0,0.0,16.48939792663483,43863.41000000015,2508.0
14136.0,8718536.54,8889959.129999999,8933410.129999999,0.0,0.0,3.9451932061402464,214873.58999999985,43451.0
14137.0,8718559.82,8890811.9,8934271.9,0.0,0.0,3.963462494247586,215712.08000000007,43460.0
14220.0,8870138.81,8891184.379999999,8946061.379999999,0.0,0.0,0.38350438252817093,75922.56999999844,54877.0
14235.0,8885943.99,8903258.19,8946214.19,0.0,0.0,0.40306825588973033,60270.199999999255,42956.0
14236.0,8886145.75,8903602.799999999,8946589.799999999,0.0,0.0,0.4061006816013884,60444.04999999888,42987.0
14258.0,8952886.6,8952886.6,8953055.6,0.0,0.0,0.0,169.0,169.0
14259.0,8953029.19,8953055.6,8953469.6,0.0,0.0,0.0637922705317609,440.410000000149,414.0
14204.0,8850206.28,8922802.129999999,8966281.129999999,0.0,0.0,1.669676165505178,116074.84999999963,43479.0
14270.0,8970429.049999999,8970429.049999999,8970905.049999999,0.0,0.0,0.0,476.0,476.0
14205.0,8850240.23,8930028.56,8973490.56,0.0,0.0,1.8358181860015663,123250.33000000007,43462.0
14246.0,8944548.48,8973490.56,8973595.56,0.0,0.0,275.63885714285783,29047.080000000075,105.0
14247.0,8944668.76,8973595.56,8973727.56,0.0,0.0,219.14242424242988,29058.800000000745,132.0
14206.0,8850262.54,8933410.129999999,8976841.129999999,0.0,0.0,1.9144756049826126,126578.58999999985,43431.0
14207.0,8850300.37,8934271.9,8977733.9,0.0,0.0,1.9320677833510007,127433.53000000119,43462.0
14272.0,8974445.82,8977733.9,8977879.9,0.0,0.0,22.52109589041147,3434.0800000000745,146.0
14273.0,8974989.99,8977733.9,8977879.9,0.0,0.0,18.793904109590063,2889.910000000149,146.0
14274.0,8975476.93,8977879.9,8978039.9,0.0,0.0,15.01856250000419,2562.9700000006706,160.0
14275.0,8975638.92,8977879.9,8979188.9,0.0,0.0,1.71197860962601,3549.980000000447,1309.0
14276.0,8979330.74,8979330.74,8979476.74,0.0,0.0,0.0,146.0,146.0
14277.0,8979584.879999999,8979584.879999999,8979765.879999999,0.0,0.0,0.0,181.0,181.0
14278.0,8979956.39,8979956.39,8980629.39,0.0,0.0,0.0,673.0,673.0
14269.0,8964522.72,8964522.72,8980656.72,0.0,0.0,0.0,16134.0,16134.0
14043.0,8627913.32,8728853.34,8981453.34,0.0,0.0,0.3996041963578763,353540.01999999955,252600.0
13532.0,8289262.069999998,8981453.34,8982414.34,0.0,0.0,720.2822788761721,693152.2700000014,961.0
13570.0,8306922.8599999985,8982414.34,8982487.34,0.0,0.0,9253.307945205499,675564.4800000014,73.0
13571.0,8307010.16,8982487.34,8982591.34,0.0,0.0,6494.972884615382,675581.1799999997,104.0
13572.0,8307394.279999998,8982591.34,8982664.34,0.0,0.0,9249.274794520568,675270.0600000015,73.0
13577.0,8309125.729999999,8982664.34,8982776.34,0.0,0.0,6013.737589285725,673650.6100000013,112.0
14044.0,8628026.81,8733635.46,8986235.46,0.0,0.0,0.4180865003958843,358208.6500000004,252600.0
14203.0,8832092.5,8843755.49,8987735.49,0.0,0.0,0.08100423669954315,155642.99000000022,143980.0
14286.0,8988054.92,8988054.92,8988107.92,0.0,0.0,0.0,53.0,53.0
14287.0,8988277.049999999,8988277.049999999,8989351.049999999,0.0,0.0,0.0,1074.0,1074.0
14288.0,8989277.12,8989277.12,8989491.12,0.0,0.0,0.0,214.0,214.0
14209.0,8865853.35,8946214.19,8989641.19,0.0,0.0,1.850481037142788,123787.83999999985,43427.0
14289.0,8989568.12,8989568.12,8989822.12,0.0,0.0,0.0,254.0,254.0
14290.0,8989772.79,8989822.12,8990154.12,0.0,0.0,0.148584337349622,381.3300000000745,332.0
14045.0,8628160.67,8750530.049999999,9003130.049999999,0.0,0.0,0.4844393507521732,374969.37999999896,252600.0
14046.0,8628229.54,8751060.95,9003660.95,0.0,0.0,0.48626844813935133,375431.41000000015,252600.0
14047.0,8628326.54,8760618.129999999,9013218.129999999,0.0,0.0,0.5237196753760881,384891.58999999985,252600.0
14292.0,9005332.56,9013218.129999999,9013313.129999999,0.0,0.0,83.00599999998353,7980.569999998435,95.0
14293.0,9005432.47,9013313.129999999,9013460.129999999,0.0,0.0,53.60993197277746,8027.659999998286,147.0
14294.0,9005614.83,9013460.129999999,9014060.129999999,0.0,0.0,13.075499999998137,8445.299999998882,600.0
14295.0,9006764.28,9014060.129999999,9014206.129999999,0.0,0.0,49.971575342463204,7441.8499999996275,146.0
14296.0,9007140.64,9014206.129999999,9014352.129999999,0.0,0.0,48.39376712327645,7211.489999998361,146.0
14297.0,9007295.84,9014352.129999999,9014498.129999999,0.0,0.0,48.33075342465141,7202.289999999106,146.0
14298.0,9009745.09,9014498.129999999,9014651.129999999,0.0,0.0,31.065620915026837,4906.039999999106,153.0
14299.0,9010238.82,9014651.129999999,9014784.129999999,0.0,0.0,33.17526315788465,4545.309999998659,133.0
14300.0,9010453.19,9014784.129999999,9014940.129999999,0.0,0.0,27.762435897432553,4486.9399999994785,156.0
14301.0,9011738.44,9014940.129999999,9015004.129999999,0.0,0.0,50.02640624999185,3265.6899999994785,64.0
14302.0,9011781.12,9015004.129999999,9015149.129999999,0.0,0.0,22.227655172412252,3368.0099999997765,145.0
14303.0,9011879.09,9015149.129999999,9015328.129999999,0.0,0.0,18.268379888263162,3449.039999999106,179.0
14305.0,9018276.24,9018276.24,9018349.24,0.0,0.0,0.0,73.0,73.0
14306.0,9018487.7,9018487.7,9018591.7,0.0,0.0,0.0,104.0,104.0
14307.0,9018705.95,9018705.95,9018778.95,0.0,0.0,0.0,73.0,73.0
14260.0,8955428.97,8955428.97,9018796.97,0.0,0.0,0.0,63368.0,63368.0
14304.0,9012052.72,9015328.129999999,9019101.129999999,0.0,0.0,0.8681182083218357,7048.409999998286,3773.0
14261.0,8956148.709999999,8976841.129999999,9020305.129999999,0.0,0.0,0.47608181483526424,64156.419999999925,43464.0
13578.0,8309196.54,8982776.34,9020415.34,0.0,0.0,17.89579425595791,711218.7999999998,37639.0
13607.0,8346575.49,8989641.19,9037493.19,0.0,0.0,13.43863788347403,690917.6999999993,47852.0
13733.0,8393312.03,9003660.95,9047102.95,0.0,0.0,14.049742645366234,653790.9199999999,43442.0
14322.0,9050208.64,9050208.64,9050670.64,0.0,0.0,0.0,462.0,462.0
14218.0,8870126.2,8882235.46,9051116.46,0.0,0.0,0.0717029150703847,180990.26000000164,168881.0
14219.0,8870131.049999999,8883361.46,9053337.46,0.0,0.0,0.07783692991952988,183206.410000002,169976.0
12497.0,7629655.279999998,9020415.34,9056466.34,0.0,0.0,38.5775723280908,1426811.0600000015,36051.0
14104.0,8632674.08,8824063.46,9076663.46,0.0,0.0,0.7576776722090294,443989.3800000008,252600.0
14311.0,9026644.43,9076663.46,9076784.46,0.0,0.0,413.38041322315036,50140.03000000119,121.0
14129.0,8693063.37,8829495.46,9082095.46,0.0,0.0,0.5401112034837756,389032.0900000017,252600.0
14308.0,9018843.69,9018843.69,9082743.69,0.0,0.0,0.0,63900.0,63900.0
13868.0,8458256.44,9037493.19,9091755.19,0.0,0.0,10.674813866057278,633498.75,54262.0
14132.0,8706158.37,8845322.46,9097922.46,0.0,0.0,0.550926722090268,391764.0900000017,252600.0
14133.0,8706181.65,8847184.129999999,9099784.129999999,0.0,0.0,0.5582045922406912,393602.4799999986,252600.0
14329.0,9069021.79,9099784.129999999,9100139.129999999,0.0,0.0,86.65447887323901,31117.33999999985,355.0
14327.0,9068244.82,9099784.129999999,9100517.129999999,0.0,0.0,43.0277080491114,32272.30999999866,733.0
14330.0,9069332.19,9100139.129999999,9100703.129999999,0.0,0.0,54.622234042552265,31370.93999999948,564.0
14334.0,9071055.88,9100703.129999999,9100962.129999999,0.0,0.0,114.46814671813952,29906.249999998137,259.0
14332.0,9069850.17,9100517.129999999,9101117.129999999,0.0,0.0,51.11159999999838,31266.95999999903,600.0
14335.0,9072886.27,9100962.129999999,9101562.129999999,0.0,0.0,46.79309999999901,28675.859999999404,600.0
14336.0,9075793.36,9101117.129999999,9101641.129999999,0.0,0.0,48.3278053435106,25847.769999999553,524.0
14338.0,9078047.64,9101641.129999999,9101799.129999999,0.0,0.0,149.325886075939,23751.48999999836,158.0
14337.0,9077193.07,9101562.129999999,9101999.129999999,0.0,0.0,55.764439359264664,24806.05999999866,437.0
14339.0,9078336.7,9101799.129999999,9102131.129999999,0.0,0.0,70.66996987951717,23794.429999999702,332.0
14340.0,9078748.95,9101999.129999999,9102145.129999999,0.0,0.0,159.24780821917605,23396.179999999702,146.0
14341.0,9079681.12,9102131.129999999,9102277.129999999,0.0,0.0,153.76719178082038,22596.009999999776,146.0
14342.0,9079984.73,9102145.129999999,9102291.129999999,0.0,0.0,151.7835616438254,22306.39999999851,146.0
14344.0,9080727.75,9102291.129999999,9102448.129999999,0.0,0.0,137.34636942674496,21720.379999998957,157.0
14343.0,9080184.55,9102277.129999999,9102474.129999999,0.0,0.0,112.1450761421229,22289.579999998212,197.0
14345.0,9081102.17,9102448.129999999,9102607.129999999,0.0,0.0,134.2513207547109,21504.95999999903,159.0
14347.0,9082246.77,9102607.129999999,9102750.129999999,0.0,0.0,142.3801398601357,20503.359999999404,143.0
14346.0,9081435.85,9102474.129999999,9102816.129999999,0.0,0.0,61.51543859648927,21380.27999999933,342.0
14348.0,9082378.69,9102750.129999999,9102865.129999999,0.0,0.0,177.1429565217346,20486.43999999948,115.0
14350.0,9084864.8,9102865.129999999,9103011.129999999,0.0,0.0,123.28993150683706,18146.329999998212,146.0
14351.0,9085120.88,9103011.129999999,9103190.129999999,0.0,0.0,99.94553072624657,18069.249999998137,179.0
14349.0,9082860.78,9102816.129999999,9103323.129999999,0.0,0.0,39.359664694279346,20462.349999999627,507.0
14352.0,9085882.33,9103190.129999999,9103487.129999999,0.0,0.0,58.27542087541711,17604.799999998882,297.0
14353.0,9086223.77,9103323.129999999,9103582.129999999,0.0,0.0,66.02069498069268,17358.359999999404,259.0
14354.0,9086478.88,9103487.129999999,9103743.129999999,0.0,0.0,66.43847656249272,17264.249999998137,256.0
14355.0,9086707.8,9103582.129999999,9103876.129999999,0.0,0.0,57.39568027210276,17168.329999998212,294.0
14356.0,9087129.75,9103743.129999999,9103892.129999999,0.0,0.0,111.49919463086549,16762.379999998957,149.0
14357.0,9087307.26,9103876.129999999,9104476.129999999,0.0,0.0,27.614783333331967,17168.86999999918,600.0
14358.0,9089512.07,9103892.129999999,9104492.129999999,0.0,0.0,23.96676666666443,14980.059999998659,600.0
14309.0,9026368.95,9051116.46,9136361.46,0.0,0.0,0.2903103994369364,109992.51000000164,85245.0
14363.0,9134399.79,9136361.46,9136454.46,0.0,0.0,21.09322580647084,2054.670000001788,93.0
14362.0,9131712.89,9136361.46,9136868.46,0.0,0.0,9.16877712031617,5155.570000000298,507.0
14364.0,9136032.3,9136868.46,9136928.46,0.0,0.0,13.936000000002483,896.160000000149,60.0
14310.0,9026535.79,9053337.46,9138602.46,0.0,0.0,0.31433378291211855,112066.67000000179,85265.0
13955.0,8511352.299999999,9047102.95,9144636.95,0.0,0.0,5.492962966760313,633284.6500000004,97534.0
14248.0,8946096.6,8973727.56,9146527.56,0.0,0.0,0.15990138888889407,200430.9600000009,172800.0
14366.0,9137226.37,9138602.46,9149402.46,0.0,0.0,0.1274157407408994,12176.090000001714,10800.0
14372.0,9153000.51,9153000.51,9153228.51,0.0,0.0,0.0,228.0,228.0
14373.0,9153296.36,9153296.36,9153504.36,0.0,0.0,0.0,208.0,208.0
14367.0,9137235.1,9146527.56,9157327.56,0.0,0.0,0.8604129629630457,20092.460000000894,10800.0
14368.0,9137541.62,9146527.56,9157327.56,0.0,0.0,0.8320314814816057,19785.94000000134,10800.0
14374.0,9153614.52,9157327.56,9157927.56,0.0,0.0,6.188400000001614,4313.040000000969,600.0
14375.0,9157991.16,9157991.16,9158590.16,0.0,0.0,0.0,599.0,599.0
14313.0,9026769.56,9076663.46,9161878.46,0.0,0.0,0.5855060728744983,135108.90000000037,85215.0
13961.0,8543769.7,9091755.19,9161928.19,0.0,0.0,7.809064597494766,618158.4900000002,70173.0
14315.0,9026945.13,9076784.46,9162037.46,0.0,0.0,0.5846049992375644,135092.33000000007,85253.0
14359.0,9103282.19,9104476.129999999,9165509.129999999,0.0,0.0,0.01956220405353626,62226.93999999948,61033.0
14317.0,9027418.49,9082095.46,9167335.46,0.0,0.0,0.6414473251994447,139916.97000000067,85240.0
14316.0,9027078.02,9082095.46,9167349.46,0.0,0.0,0.6453355854270925,140271.44000000134,85254.0
14318.0,9027515.49,9082743.69,9168025.69,0.0,0.0,0.6475950376398215,140510.19999999925,85282.0
14365.0,9136295.17,9136928.46,9172928.46,0.0,0.0,0.017591388888915795,36633.29000000097,36000.0
14319.0,9027622.19,9097922.46,9183173.46,0.0,0.0,0.824626925197375,155551.27000000142,85251.0
14320.0,9027695.91,9097922.46,9183173.46,0.0,0.0,0.8237621846078139,155477.55000000075,85251.0
14376.0,9158567.34,9158567.34,9201767.34,0.0,0.0,0.0,43200.0,43200.0
14377.0,9166516.49,9166516.49,9209716.49,0.0,0.0,0.0,43200.0,43200.0
14291.0,9002699.01,9002699.01,9210002.01,0.0,0.0,0.0,207303.0,207303.0
14378.0,9166524.25,9167335.46,9210535.46,0.0,0.0,0.018778009259279957,44011.210000000894,43200.0
14379.0,9166530.07,9167349.46,9210549.46,0.0,0.0,0.01896736111112491,44019.390000000596,43200.0
14380.0,9166536.86,9168025.69,9211225.69,0.0,0.0,0.03446365740740913,44688.830000000075,43200.0
13962.0,8544497.2,9144636.95,9214166.95,0.0,0.0,8.631378541636703,669669.75,69530.0
12953.0,7940166.83,9214166.95,9214470.95,0.0,0.0,4190.7898684210495,1274304.1199999992,304.0
14234.0,8884044.73,8966281.129999999,9218881.129999999,0.0,0.0,0.3255597783056156,334836.3999999985,252600.0
14384.0,9218245.62,9218881.129999999,9218954.129999999,0.0,0.0,8.705616438353102,708.5099999997765,73.0
14385.0,9218404.7,9218881.129999999,9219033.129999999,0.0,0.0,3.1344078947348812,628.429999999702,152.0
14387.0,9219884.92,9219884.92,9224215.92,0.0,0.0,0.0,4331.0,4331.0
14388.0,9222227.47,9222227.47,9243801.47,0.0,0.0,0.0,21574.0,21574.0
14389.0,9222248.81,9243801.47,9265359.47,0.0,0.0,0.9997522961313735,43110.66000000015,21558.0
12954.0,7940597.51,9214470.95,9270352.95,0.0,0.0,22.795773952256532,1329755.4399999995,55882.0
13535.0,8290996.43,9270352.95,9271805.95,0.0,0.0,674.0237577426012,980809.5199999996,1453.0
13963.0,8544758.129999999,9209716.49,9273413.49,0.0,0.0,10.439398401808582,728655.3600000013,63697.0
13543.0,8292494.1099999985,9271805.95,9276609.95,0.0,0.0,203.85342214821,984115.8400000008,4804.0
13608.0,8347834.55,9276609.95,9280088.95,0.0,0.0,266.9661971830984,932254.3999999994,3479.0
14361.0,9117616.85,9117616.85,9290416.85,0.0,0.0,0.0,172800.0,172800.0
13609.0,8351638.89,9280088.95,9294034.95,0.0,0.0,66.57464936182414,942396.0599999996,13946.0
13222.0,8214481.8599999985,9161928.19,9310902.19,0.0,0.0,6.359809966839858,1096420.330000001,148974.0
12542.0,7691552.92,9056466.34,9315666.34,0.0,0.0,5.265869675925925,1624113.42,259200.0
13536.0,8291066.27,9315666.34,9316069.34,0.0,0.0,2542.4319354838717,1025003.0700000003,403.0
14409.0,9316732.63,9316732.63,9316806.63,0.0,0.0,0.0,74.0,74.0
14410.0,9316807.32,9316807.32,9316973.32,0.0,0.0,0.0,166.0,166.0
13539.0,8292072.16,9316069.34,9317323.34,0.0,0.0,816.5846730462517,1025251.1799999997,1254.0
14411.0,9316993.56,9316993.56,9317332.56,0.0,0.0,0.0,339.0,339.0
14412.0,9317510.57,9317510.57,9318017.57,0.0,0.0,0.0,507.0,507.0
14413.0,9318835.59,9318835.59,9318959.59,0.0,0.0,0.0,124.0,124.0
13579.0,8312472.229999999,9317323.34,9321211.34,0.0,0.0,258.4493595679016,1008739.1100000013,3888.0
14396.0,9310350.03,9321211.34,9321346.34,0.0,0.0,80.45414814815202,10996.310000000522,135.0
14386.0,9219771.43,9219771.43,9322557.43,0.0,0.0,0.0,102786.0,102786.0
13709.0,8380538.1,9310902.19,9328866.19,0.0,0.0,51.79047483856601,948328.0899999999,17964.0
13762.0,8435976.51,9328866.19,9329490.19,0.0,0.0,1430.9129487179482,893513.6799999997,624.0
13763.0,8436860.18,9329490.19,9329698.19,0.0,0.0,4291.490432692307,892838.0099999998,208.0
14390.0,9243128.06,9265359.47,9331864.47,0.0,0.0,0.3342817833245643,88736.41000000015,66505.0
14391.0,9243149.4,9270352.95,9334849.95,0.0,0.0,0.4217800827945313,91700.54999999888,64497.0
14393.0,9243188.2,9270352.95,9336326.95,0.0,0.0,0.41174932549186044,93138.75,65974.0
14392.0,9243173.65,9270352.95,9341168.95,0.0,0.0,0.38380168323541125,97995.29999999888,70816.0
13641.0,8369656.64,9294034.95,9342447.95,0.0,0.0,19.093596967756586,972791.3099999996,48413.0
13990.0,8611614.41,9273413.49,9358434.49,0.0,0.0,7.7839484362686875,746820.0800000001,85021.0
13985.0,8607054.44,9358434.49,9358538.49,0.0,0.0,7224.80817307693,751484.0500000007,104.0
13986.0,8607375.51,9358538.49,9358614.49,0.0,0.0,9883.723421052637,751238.9800000004,76.0
13987.0,8607438.56,9358614.49,9358687.49,0.0,0.0,10290.081232876708,751248.9299999997,73.0
13764.0,8436967.85,9329698.19,9360776.19,0.0,0.0,28.725475899350016,923808.3399999999,31078.0
14416.0,9362771.74,9362771.74,9362831.74,0.0,0.0,0.0,60.0,60.0
14418.0,9363143.25,9363143.25,9363203.25,0.0,0.0,0.0,60.0,60.0
13714.0,8382426.689999999,9321211.34,9364442.34,0.0,0.0,21.71554324443111,982015.6500000013,43231.0
13992.0,8624537.72,9364442.34,9364552.34,0.0,0.0,6726.405636363629,740014.6199999992,110.0
14417.0,9362957.01,9362957.01,9366470.01,0.0,0.0,0.0,3513.0,3513.0
14419.0,9367366.63,9367366.63,9367426.63,0.0,0.0,0.0,60.0,60.0
14420.0,9367645.02,9367645.02,9367705.02,0.0,0.0,0.0,60.0,60.0
14421.0,9367823.5,9367823.5,9368132.5,0.0,0.0,0.0,309.0,309.0
14422.0,9368097.04,9368132.5,9368192.5,0.0,0.0,0.5910000000149012,95.46000000089407,60.0
13766.0,8438142.52,9342447.95,9370900.95,0.0,0.0,31.78242821495096,932758.4299999997,28453.0
14424.0,9374783.25,9374783.25,9375000.25,0.0,0.0,0.0,217.0,217.0
13988.0,8607542.35,9358687.49,9375268.49,0.0,0.0,45.30155841022861,767726.1400000006,16581.0
14425.0,9377064.69,9377064.69,9377124.69,0.0,0.0,0.0,60.0,60.0
14426.0,9377299.43,9377299.43,9377359.43,0.0,0.0,0.0,60.0,60.0
14427.0,9377438.14,9377438.14,9377498.14,0.0,0.0,0.0,60.0,60.0
14428.0,9377895.01,9377895.01,9377955.01,0.0,0.0,0.0,60.0,60.0
14429.0,9378256.82,9378256.82,9378316.82,0.0,0.0,0.0,60.0,60.0
14430.0,9378698.17,9378698.17,9378818.17,0.0,0.0,0.0,120.0,120.0
14431.0,9379219.06,9379219.06,9379339.06,0.0,0.0,0.0,120.0,120.0
13993.0,8624644.42,9364552.34,9379835.34,0.0,0.0,48.41378786887391,755190.9199999999,15283.0
14432.0,9379770.02,9379770.02,9379890.02,0.0,0.0,0.0,120.0,120.0
14433.0,9380075.57,9380075.57,9380190.57,0.0,0.0,0.0,115.0,115.0
14434.0,9380426.71,9380426.71,9380546.71,0.0,0.0,0.0,120.0,120.0
14436.0,9381455.88,9381455.88,9382668.88,0.0,0.0,0.0,1213.0,1213.0
14438.0,9382948.71,9382948.71,9383103.71,0.0,0.0,0.0,155.0,155.0
14439.0,9382987.51,9382987.51,9383107.51,0.0,0.0,0.0,120.0,120.0
14440.0,9383273.66,9383273.66,9383393.66,0.0,0.0,0.0,120.0,120.0
14442.0,9383866.33,9383866.33,9383973.33,0.0,0.0,0.0,107.0,107.0
14443.0,9386745.29,9386745.29,9386865.29,0.0,0.0,0.0,120.0,120.0
14444.0,9387651.27,9387651.27,9387771.27,0.0,0.0,0.0,120.0,120.0
14397.0,9310561.49,9321211.34,9406455.34,0.0,0.0,0.12493371967528069,95893.84999999963,85244.0
14398.0,9310594.47,9321211.34,9406457.34,0.0,0.0,0.12454390821855782,95862.86999999918,85246.0
14399.0,9310630.36,9321346.34,9406561.34,0.0,0.0,0.12575227366074573,95930.98000000045,85215.0
14400.0,9310660.43,9328866.19,9414108.19,0.0,0.0,0.21357734450153418,103447.75999999978,85242.0
14401.0,9310696.32,9328866.19,9414115.19,0.0,0.0,0.21313880514726485,103418.86999999918,85249.0
14403.0,9310727.36,9331864.47,9417124.47,0.0,0.0,0.24791355852687388,106397.11000000127,85260.0
14404.0,9310834.06,9334849.95,9420114.95,0.0,0.0,0.2816617603940507,109280.88999999873,85265.0
14127.0,8692997.41,9379835.34,9421419.34,0.0,0.0,16.516879809542125,728421.9299999997,41584.0
14405.0,9310889.35,9336326.95,9421587.95,0.0,0.0,0.29834977304980737,110698.59999999963,85261.0
14406.0,9310929.12,9341168.95,9426428.95,0.0,0.0,0.35467780905465723,115499.83000000007,85260.0
14103.0,8629678.72,9375268.49,9429552.49,0.0,0.0,13.734982131014656,799873.7699999996,54284.0
14102.0,8629582.69,9370900.95,9435335.95,0.0,0.0,11.504900442306196,805753.2599999998,64435.0
14415.0,9360077.08,9370900.95,9457300.95,0.0,0.0,0.12527627314813866,97223.86999999918,86400.0
14445.0,9444276.96,9457300.95,9459028.95,0.0,0.0,7.5370312499990515,14751.98999999836,1728.0
14447.0,9450881.69,9457300.95,9460900.95,0.0,0.0,1.7831277777777157,10019.259999999776,3600.0
14130.0,8695116.86,9435335.95,9462776.95,0.0,0.0,26.974931307168102,767660.0899999999,27441.0
14453.0,9463064.89,9463064.89,9463664.89,0.0,0.0,0.0,600.0,600.0
14454.0,9463065.86,9463065.86,9463665.86,0.0,0.0,0.0,600.0,600.0
14455.0,9463065.86,9463065.86,9463665.86,0.0,0.0,0.0,600.0,600.0
14456.0,9463065.86,9463065.86,9463665.86,0.0,0.0,0.0,600.0,600.0
14457.0,9463065.86,9463065.86,9463665.86,0.0,0.0,0.0,600.0,600.0
14458.0,9463065.86,9463065.86,9463665.86,0.0,0.0,0.0,600.0,600.0
14459.0,9463095.93,9463095.93,9463695.93,0.0,0.0,0.0,600.0,600.0
14460.0,9463096.9,9463096.9,9463696.9,0.0,0.0,0.0,600.0,600.0
14461.0,9463096.9,9463096.9,9463696.9,0.0,0.0,0.0,600.0,600.0
14462.0,9463096.9,9463096.9,9463696.9,0.0,0.0,0.0,600.0,600.0
14463.0,9463096.9,9463096.9,9463696.9,0.0,0.0,0.0,600.0,600.0
14464.0,9463097.87,9463097.87,9463697.87,0.0,0.0,0.0,600.0,600.0
14465.0,9463097.87,9463097.87,9463697.87,0.0,0.0,0.0,600.0,600.0
14466.0,9463097.87,9463097.87,9463697.87,0.0,0.0,0.0,600.0,600.0
14467.0,9463098.84,9463098.84,9463698.84,0.0,0.0,0.0,600.0,600.0
14468.0,9463098.84,9463098.84,9463698.84,0.0,0.0,0.0,600.0,600.0
14469.0,9463098.84,9463098.84,9463698.84,0.0,0.0,0.0,600.0,600.0
14470.0,9463098.84,9463098.84,9463698.84,0.0,0.0,0.0,600.0,600.0
14471.0,9463099.81,9463099.81,9463699.81,0.0,0.0,0.0,600.0,600.0
14472.0,9463099.81,9463099.81,9463699.81,0.0,0.0,0.0,600.0,600.0
14473.0,9463099.81,9463099.81,9463699.81,0.0,0.0,0.0,600.0,600.0
14474.0,9463099.81,9463099.81,9463699.81,0.0,0.0,0.0,600.0,600.0
14475.0,9463100.78,9463100.78,9463700.78,0.0,0.0,0.0,600.0,600.0
14476.0,9463100.78,9463100.78,9463700.78,0.0,0.0,0.0,600.0,600.0
14477.0,9463100.78,9463100.78,9463700.78,0.0,0.0,0.0,600.0,600.0
14478.0,9463100.78,9463100.78,9463700.78,0.0,0.0,0.0,600.0,600.0
14479.0,9463101.75,9463101.75,9463701.75,0.0,0.0,0.0,600.0,600.0
14480.0,9463101.75,9463101.75,9463701.75,0.0,0.0,0.0,600.0,600.0
14481.0,9463101.75,9463101.75,9463701.75,0.0,0.0,0.0,600.0,600.0
14482.0,9463101.75,9463101.75,9463701.75,0.0,0.0,0.0,600.0,600.0
14483.0,9463101.75,9463101.75,9463701.75,0.0,0.0,0.0,600.0,600.0
14484.0,9463102.72,9463102.72,9463702.72,0.0,0.0,0.0,600.0,600.0
14449.0,9459765.92,9460900.95,9464500.95,0.0,0.0,0.31528611111092486,4735.029999999329,3600.0
14451.0,9462543.03,9462543.03,9470192.03,0.0,0.0,0.0,7649.0,7649.0
14491.0,9470398.09,9470398.09,9470516.09,0.0,0.0,0.0,118.0,118.0
14492.0,9471059.63,9471059.63,9473054.63,0.0,0.0,0.0,1995.0,1995.0
14138.0,8721754.03,9462776.95,9478489.95,0.0,0.0,47.15986253420734,756735.9199999999,15713.0
14452.0,9462736.06,9462736.06,9482067.06,0.0,0.0,0.0,19331.0,19331.0
14395.0,9310150.21,9310150.21,9482950.21,0.0,0.0,0.0,172800.0,172800.0
14485.0,9464856.48,9482950.21,9482980.21,0.0,0.0,603.1243333333482,18123.730000000447,30.0
14487.0,9466614.12,9482980.21,9483000.21,0.0,0.0,818.3045000000857,16386.090000001714,20.0
13991.0,8611749.24,9360776.19,9491982.19,0.0,0.0,5.708785802478539,880232.9499999993,131206.0
13806.0,8444486.32,9429552.49,9500179.49,0.0,0.0,13.947444603338665,1055693.17,70627.0
14450.0,9462029.9,9464500.95,9500500.95,0.0,0.0,0.06864027777774673,38471.04999999888,36000.0
14486.0,9465091.22,9482950.21,9501732.21,0.0,0.0,0.9508566712810257,36640.99000000022,18782.0
14488.0,9466825.58,9483000.21,9504918.21,0.0,0.0,0.7379610365909672,38092.63000000082,21918.0
14128.0,8693062.4,9406561.34,9507553.34,0.0,0.0,7.064905537072238,814490.9399999995,100992.0
14489.0,9467962.42,9500500.95,9522198.95,0.0,0.0,1.4996096414415767,54236.52999999933,21698.0
14499.0,9490122.07,9522198.95,9522437.95,0.0,0.0,134.21288702928433,32315.879999998957,239.0
14500.0,9490331.59,9522437.95,9522490.95,0.0,0.0,605.7803773584793,32159.359999999404,53.0
14501.0,9490895.16,9522490.95,9522607.95,0.0,0.0,270.0494871794795,31712.789999999106,117.0
14502.0,9490956.27,9522607.95,9522712.95,0.0,0.0,301.44457142856857,31756.679999999702,105.0
14503.0,9491069.76,9522712.95,9522840.95,0.0,0.0,247.21242187499593,31771.18999999948,128.0
14490.0,9467977.94,9501732.21,9523302.21,0.0,0.0,1.5648711172926015,55324.270000001416,21570.0
14506.0,9528615.55,9528615.55,9530649.55,0.0,0.0,0.0,2034.0,2034.0
14507.0,9531923.25,9531923.25,9532038.25,0.0,0.0,0.0,115.0,115.0
14508.0,9532224.92,9532224.92,9532424.92,0.0,0.0,0.0,200.0,200.0
14509.0,9532225.89,9532225.89,9532425.89,0.0,0.0,0.0,200.0,200.0
14510.0,9532225.89,9532225.89,9532425.89,0.0,0.0,0.0,200.0,200.0
14511.0,9532225.89,9532424.92,9532624.92,0.0,0.0,0.9951499999966472,399.02999999932945,200.0
14512.0,9532225.89,9532425.89,9532679.89,0.0,0.0,0.7874015748031497,454.0,254.0
14513.0,9532225.89,9532425.89,9532679.89,0.0,0.0,0.7874015748031497,454.0,254.0
14514.0,9532225.89,9532624.92,9532878.92,0.0,0.0,1.5709842519658639,653.0299999993294,254.0
14516.0,9532229.77,9532679.89,9532916.89,0.0,0.0,1.8992405063335152,687.1200000010431,237.0
14515.0,9532225.89,9532679.89,9532933.89,0.0,0.0,1.7874015748031495,708.0,254.0
14517.0,9532229.77,9532878.92,9533115.92,0.0,0.0,2.7390295358665506,886.1500000003725,237.0
14518.0,9532229.77,9532916.89,9533153.89,0.0,0.0,2.899240506333515,924.1200000010431,237.0
14519.0,9532229.77,9532933.89,9533170.89,0.0,0.0,2.9709704641394223,941.1200000010431,237.0
14521.0,9532230.74,9533153.89,9533348.89,0.0,0.0,4.734102564104474,1118.1500000003725,195.0
14520.0,9532229.77,9533115.92,9533363.92,0.0,0.0,3.5731854838724697,1134.1500000003725,248.0
14522.0,9532230.74,9533170.89,9533387.89,0.0,0.0,4.33248847926439,1157.1500000003725,217.0
14525.0,9532231.71,9533387.89,9533576.89,0.0,0.0,6.11735449735292,1345.179999999702,189.0
14523.0,9532230.74,9533348.89,9533596.89,0.0,0.0,4.508669354840212,1366.1500000003725,248.0
14524.0,9532230.74,9533363.92,9533605.92,0.0,0.0,4.682561983469843,1375.179999999702,242.0
14526.0,9532231.71,9533576.89,9533818.89,0.0,0.0,5.558595041321083,1587.179999999702,242.0
14527.0,9532231.71,9533596.89,9533838.89,0.0,0.0,5.641239669420256,1607.179999999702,242.0
14140.0,8736056.68,9478489.95,9534542.95,0.0,0.0,13.245201327315211,798486.2699999996,56053.0
14448.0,9457520.37,9459028.95,9541873.95,0.0,0.0,0.01820966865833876,84353.58000000007,82845.0
14529.0,9534686.78,9541873.95,9542097.95,0.0,0.0,32.085580357142526,7411.1699999999255,224.0
14548.0,9539459.18,9539459.18,9545991.18,0.0,0.0,0.0,6532.0,6532.0
14547.0,9539338.9,9539338.9,9545994.9,0.0,0.0,0.0,6656.0,6656.0
14528.0,9534644.1,9534644.1,9564778.1,0.0,0.0,0.0,30134.0,30134.0
13783.0,8442485.209999999,9421419.34,9567549.34,0.0,0.0,6.69906336823377,1125064.1300000008,146130.0
14534.0,9534932.19,9567549.34,9567725.34,0.0,0.0,185.32471590909302,32793.15000000037,176.0
14531.0,9534741.1,9541873.95,9568734.95,0.0,0.0,0.2655467033989661,33993.84999999963,26861.0
14530.0,9534719.76,9541873.95,9568756.95,0.0,0.0,0.2661232005356351,34037.18999999948,26883.0
14532.0,9534766.32,9542097.95,9568890.95,0.0,0.0,0.27363975665281814,34124.62999999896,26793.0
14541.0,9535136.86,9568734.95,9568962.95,0.0,0.0,147.36004385964847,33826.08999999985,228.0
14543.0,9537686.02,9568890.95,9569042.95,0.0,0.0,205.2955921052612,31356.929999999702,152.0
14542.0,9535382.27,9568756.95,9570493.95,0.0,0.0,19.21397812320075,35111.6799999997,1737.0
14539.0,9535022.4,9567549.34,9588227.34,0.0,0.0,1.573021568817075,53204.93999999948,20678.0
14540.0,9535039.86,9567725.34,9588453.34,0.0,0.0,1.5768757236588407,53413.48000000045,20728.0
14537.0,9534984.57,9567549.34,9588614.34,0.0,0.0,1.545918347970546,53629.76999999955,21065.0
14538.0,9534998.15,9567549.34,9588667.34,0.0,0.0,1.5413954919973236,53669.18999999948,21118.0
14549.0,9555039.32,9569042.95,9589636.95,0.0,0.0,0.6799859182285596,34597.62999999896,20594.0
14550.0,9555108.19,9570493.95,9591078.95,0.0,0.0,0.7474257954821364,35970.75999999978,20585.0
14533.0,9534781.84,9564778.1,9591378.1,0.0,0.0,1.1276789473684126,56596.25999999978,26600.0
14535.0,9534950.62,9567549.34,9591778.34,0.0,0.0,1.3454422386396743,56827.72000000067,24229.0
14536.0,9534966.14,9567549.34,9591862.34,0.0,0.0,1.340155472381,56896.199999999255,24313.0
14545.0,9537797.57,9568962.95,9599295.95,0.0,0.0,1.0274414004549157,61498.37999999896,30333.0
14493.0,9472048.06,9472048.06,9602866.06,0.0,0.0,0.0,130818.0,130818.0
14551.0,9555379.79,9588227.34,9609161.34,0.0,0.0,1.5691005063533365,53781.550000000745,20934.0
14504.0,9523970.22,9523970.22,9610370.22,0.0,0.0,0.0,86400.0,86400.0
14553.0,9558416.86,9588614.34,9612707.34,0.0,0.0,1.2533715186983956,54290.48000000045,24093.0
14554.0,9558477.0,9588667.34,9612800.34,0.0,0.0,1.2509982182074277,54323.33999999985,24133.0
14555.0,9560542.13,9589636.95,9615925.95,0.0,0.0,1.106729810947485,55383.819999998435,26289.0
14556.0,9560708.97,9591078.95,9617551.95,0.0,0.0,1.1472058323574428,56842.979999998584,26473.0
14557.0,9560715.76,9591378.1,9618012.1,0.0,0.0,1.1512480288353177,57296.33999999985,26634.0
14558.0,9560718.67,9591778.34,9618640.34,0.0,0.0,1.1562679621770504,57921.669999999925,26862.0
14559.0,9563835.28,9591862.34,9621955.34,0.0,0.0,0.9313481540557778,58120.06000000052,30093.0
14141.0,8737025.709999999,9491982.19,9622760.19,0.0,0.0,5.772809493951585,885734.4800000004,130778.0
14562.0,9613133.59,9613133.59,9623933.59,0.0,0.0,0.0,10800.0,10800.0
14566.0,9626378.94,9626378.94,9626527.94,0.0,0.0,0.0,149.0,149.0
14561.0,9567178.87,9599295.95,9629290.95,0.0,0.0,1.0707477912985521,62112.080000000075,29995.0
14552.0,9555442.84,9588453.34,9631653.34,0.0,0.0,0.7641319444444444,76210.5,43200.0
14423.0,9373925.77,9373925.77,9633125.77,0.0,0.0,0.0,259200.0,259200.0
14568.0,9635545.44,9635545.44,9635585.44,0.0,0.0,0.0,40.0,40.0
14171.0,8789329.08,9507553.34,9638432.34,0.0,0.0,5.487696727511669,849103.2599999998,130879.0
13861.0,8447745.52,9500179.49,9647869.49,0.0,0.0,7.125966348432532,1200123.9700000007,147690.0
14173.0,8792326.379999999,9567549.34,9650601.34,0.0,0.0,9.334187737802834,858274.9600000009,83052.0
14271.0,8972788.09,9650601.34,9665610.34,0.0,0.0,45.16045372776334,692822.25,15009.0
14279.0,8980763.43,9665610.34,9665714.34,0.0,0.0,6585.066442307694,684950.9100000001,104.0
14172.0,8792261.39,9534542.95,9674002.95,0.0,0.0,5.322540943639743,881741.5599999987,139460.0
14197.0,8830293.15,9647869.49,9679690.49,0.0,0.0,25.69298073599195,849397.3399999999,31821.0
14546.0,9537851.89,9610370.22,9687178.22,0.0,0.0,0.9441507395063024,149326.33000000007,76808.0
14570.0,9685230.78,9687178.22,9687324.22,0.0,0.0,13.338630136995487,2093.440000001341,146.0
14544.0,9537772.35,9610370.22,9688620.22,0.0,0.0,0.9277683067092785,150847.87000000104,78250.0
14563.0,9616392.79,9618012.1,9693113.1,0.0,0.0,0.021561763491837947,76720.31000000052,75101.0
14564.0,9616415.1,9623933.59,9702117.59,0.0,0.0,0.09616404891026582,85702.49000000022,78184.0
14567.0,9627527.42,9627527.42,9720515.42,0.0,0.0,0.0,92988.0,92988.0
14441.0,9383318.28,9383318.28,9728918.28,0.0,0.0,0.0,345600.0,345600.0
14198.0,8830451.26,9679690.49,9731861.49,0.0,0.0,16.277994096337054,901410.2300000004,52171.0
12531.0,7688232.6099999985,9731861.49,9731978.49,0.0,0.0,17466.913504273518,2043745.8800000018,117.0
12541.0,7691408.39,9731978.49,9732098.49,0.0,0.0,17004.75083333334,2040690.1000000006,120.0
14280.0,8981101.959999999,9665714.34,9738057.34,0.0,0.0,9.463422584078637,756955.3800000008,72343.0
14201.0,8830890.67,9738057.34,9742169.34,0.0,0.0,220.6144625486381,911278.6699999999,4112.0
14575.0,9741759.47,9741759.47,9742212.47,0.0,0.0,0.0,453.0,453.0
14281.0,8981406.54,9674002.95,9742257.95,0.0,0.0,10.1471893634166,760851.4100000001,68255.0
14576.0,9742709.1,9742709.1,9743103.1,0.0,0.0,0.0,394.0,394.0
14572.0,9687350.23,9688620.22,9743670.22,0.0,0.0,0.02306975476839643,56319.99000000022,55050.0
14577.0,9744308.63,9744308.63,9744461.63,0.0,0.0,0.0,153.0,153.0
14578.0,9744472.56,9744472.56,9744906.56,0.0,0.0,0.0,434.0,434.0
14565.0,9624016.99,9624016.99,9746157.99,0.0,0.0,0.0,122141.0,122141.0
14579.0,9747202.14,9747202.14,9747928.14,0.0,0.0,0.0,726.0,726.0
14581.0,9749455.45,9749455.45,9749577.45,0.0,0.0,0.0,122.0,122.0
14582.0,9749757.12,9749757.12,9750129.12,0.0,0.0,0.0,372.0,372.0
14583.0,9750604.9,9750604.9,9751006.9,0.0,0.0,0.0,402.0,402.0
14200.0,8830796.58,9732098.49,9755804.49,0.0,0.0,38.019991141483175,925007.9100000001,23706.0
14238.0,8889685.28,9742169.34,9766189.34,0.0,0.0,35.49059367194007,876504.0600000005,24020.0
14225.0,8873860.7,9638432.34,9771769.34,0.0,0.0,5.73412961143569,897908.6400000006,133337.0
14241.0,8915512.5,9755804.49,9780614.49,0.0,0.0,33.86908464328901,865101.9900000002,24810.0
14494.0,9473344.95,9504918.21,9782398.21,0.0,0.0,0.1137857142857202,309053.26000000164,277480.0
14221.0,8871174.77,9622760.19,9782628.19,0.0,0.0,4.701287437135637,911453.4199999999,159868.0
14242.0,8915533.84,9766189.34,9793297.34,0.0,0.0,31.380238306035118,877763.5,27108.0
14243.0,8915597.86,9780614.49,9794180.49,0.0,0.0,63.76357290284541,878582.6300000008,13566.0
14586.0,9788348.57,9788348.57,9795954.57,0.0,0.0,0.0,7606.0,7606.0
14587.0,9801225.32,9801225.32,9803249.32,0.0,0.0,0.0,2024.0,2024.0
14282.0,8981544.28,9742257.95,9808439.95,0.0,0.0,11.49426838113082,826895.6699999999,66182.0
14244.0,8915608.53,9793297.34,9823648.34,0.0,0.0,28.917953609436278,908039.8100000005,30351.0
14249.0,8951376.31,9823648.34,9845646.34,0.0,0.0,39.65233339394487,894270.0299999993,21998.0
14245.0,8915633.75,9794180.49,9855598.49,0.0,0.0,14.304385359340914,939964.7400000002,61418.0
14571.0,9687133.92,9687324.22,9860124.22,0.0,0.0,0.0011012731481524598,172990.30000000075,172800.0
14574.0,9718459.1,9718459.1,9888168.1,0.0,0.0,0.0,169709.0,169709.0
14250.0,8951494.65,9845646.34,9894938.34,0.0,0.0,18.139894709080572,943443.6899999995,49292.0
14251.0,8951610.08,9855598.49,9905464.49,0.0,0.0,18.12835218385273,953854.4100000001,49866.0
14253.0,8952035.91,9905464.49,9905539.49,0.0,0.0,12712.381066666667,953503.5800000001,75.0
14254.0,8952097.99,9905539.49,9905871.49,0.0,0.0,2871.8117469879517,953773.5,332.0
14255.0,8952224.09,9905871.49,9906256.49,0.0,0.0,2477.006233766235,954032.4000000004,385.0
14256.0,8952362.799999999,9906256.49,9906684.49,0.0,0.0,2228.723574766358,954321.6900000013,428.0
14283.0,8982268.87,9771769.34,9911278.34,0.0,0.0,5.659136471482132,929009.4700000007,139509.0
14284.0,8983341.69,9782628.19,9923323.19,0.0,0.0,5.6809872419062515,939981.5,140695.0
14594.0,9933283.06,9933283.06,9936895.06,0.0,0.0,0.0,3612.0,3612.0
14285.0,8983394.07,9808439.95,9937155.95,0.0,0.0,6.409816029087285,953761.879999999,128716.0
14595.0,9938429.88,9938429.88,9942072.88,0.0,0.0,0.0,3643.0,3643.0
14597.0,9944096.62,9944096.62,9944572.62,0.0,0.0,0.0,476.0,476.0
14596.0,9942435.01,9942435.01,9945982.01,0.0,0.0,0.0,3547.0,3547.0
14593.0,9891586.64,9891586.64,9946581.64,0.0,0.0,0.0,54995.0,54995.0
14611.0,9948138.61,9948138.61,9948202.61,0.0,0.0,0.0,64.0,64.0
14612.0,9948228.82,9948228.82,9948374.82,0.0,0.0,0.0,146.0,146.0
14615.0,9949207.55,9949207.55,9949311.55,0.0,0.0,0.0,104.0,104.0
14605.0,9946097.73,9946097.73,9949631.73,0.0,0.0,0.0,3534.0,3534.0
14616.0,9949694.49,9949694.49,9949860.49,0.0,0.0,0.0,166.0,166.0
14617.0,9950290.07,9950290.07,9950394.07,0.0,0.0,0.0,104.0,104.0
14312.0,9026763.74,9911278.34,9950554.34,0.0,0.0,22.520485792850586,923790.5999999996,39276.0
14323.0,9052058.43,9950554.34,9950647.34,0.0,0.0,9661.246344086023,898588.9100000001,93.0
14619.0,9950905.05,9950905.05,9950998.05,0.0,0.0,0.0,93.0,93.0
14620.0,9951172.77,9951172.77,9951292.77,0.0,0.0,0.0,120.0,120.0
14621.0,9951294.99,9951294.99,9951429.99,0.0,0.0,0.0,135.0,135.0
14623.0,9951680.08,9951680.08,9952211.08,0.0,0.0,0.0,531.0,531.0
14622.0,9951392.96,9951429.99,9952230.99,0.0,0.0,0.046229712858089196,838.0299999993294,801.0
14624.0,9952009.88,9952009.88,9952755.88,0.0,0.0,0.0,746.0,746.0
14625.0,9952682.09,9952682.09,9953028.09,0.0,0.0,0.0,346.0,346.0
14628.0,9953171.94,9953171.94,9953244.94,0.0,0.0,0.0,73.0,73.0
14629.0,9953291.25,9953291.25,9953375.25,0.0,0.0,0.0,84.0,84.0
14618.0,9950355.06,9950355.06,9953816.06,0.0,0.0,0.0,3461.0,3461.0
14631.0,9953400.86,9953816.06,9953901.06,0.0,0.0,4.884705882366089,500.2000000011176,85.0
14627.0,9953140.9,9953140.9,9954668.9,0.0,0.0,0.0,1528.0,1528.0
14626.0,9952778.12,9952778.12,9954688.12,0.0,0.0,0.0,1910.0,1910.0
14636.0,9954574.56,9954574.56,9954780.56,0.0,0.0,0.0,206.0,206.0
14314.0,9026805.45,9923323.19,9956879.19,0.0,0.0,26.717062224341404,930073.7400000002,33556.0
14325.0,9064331.84,9956879.19,9956983.19,0.0,0.0,8582.186057692305,892651.3499999996,104.0
14639.0,9955657.08,9955657.08,9959213.08,0.0,0.0,0.0,3556.0,3556.0
14646.0,9960735.03,9960735.03,9960905.03,0.0,0.0,0.0,170.0,170.0
14650.0,9961966.93,9961966.93,9962043.93,0.0,0.0,0.0,77.0,77.0
14651.0,9961967.9,9961967.9,9962044.9,0.0,0.0,0.0,77.0,77.0
14652.0,9961967.9,9961967.9,9962044.9,0.0,0.0,0.0,77.0,77.0
14653.0,9961967.9,9961967.9,9962044.9,0.0,0.0,0.0,77.0,77.0
14654.0,9961967.9,9962043.93,9962120.93,0.0,0.0,0.9874025973938889,153.02999999932945,77.0
14655.0,9961967.9,9962044.9,9962121.9,0.0,0.0,1.0,154.0,77.0
14656.0,9961967.9,9962044.9,9962121.9,0.0,0.0,1.0,154.0,77.0
14657.0,9961967.9,9962044.9,9962121.9,0.0,0.0,1.0,154.0,77.0
14658.0,9961968.87,9962120.93,9962230.93,0.0,0.0,1.3823636363683776,262.06000000052154,110.0
14659.0,9961968.87,9962121.9,9962231.9,0.0,0.0,1.3911818181926554,263.0300000011921,110.0
14660.0,9961968.87,9962121.9,9962262.9,0.0,0.0,1.0853191489446248,294.0300000011921,141.0
14661.0,9961968.87,9962121.9,9962262.9,0.0,0.0,1.0853191489446248,294.0300000011921,141.0
14663.0,9962172.57,9962231.9,9962307.9,0.0,0.0,0.7806578947378224,135.3300000000745,76.0
14664.0,9962172.57,9962262.9,9962338.9,0.0,0.0,1.1885526315799277,166.3300000000745,76.0
14665.0,9962172.57,9962262.9,9962338.9,0.0,0.0,1.1885526315799277,166.3300000000745,76.0
14662.0,9961968.87,9962230.93,9962371.93,0.0,0.0,1.8585815602873867,403.06000000052154,141.0
14666.0,9962172.57,9962307.9,9962383.9,0.0,0.0,1.7806578947378224,211.3300000000745,76.0
14667.0,9962172.57,9962338.9,9962414.9,0.0,0.0,2.1885526315799275,242.3300000000745,76.0
14668.0,9962173.54,9962338.9,9962414.9,0.0,0.0,2.1757894737008763,241.3600000012666,76.0
14669.0,9962173.54,9962371.93,9962447.93,0.0,0.0,2.610394736849948,274.39000000059605,76.0
14670.0,9962173.54,9962383.9,9962459.9,0.0,0.0,2.767894736858771,286.3600000012666,76.0
14671.0,9962173.54,9962414.9,9962523.9,0.0,0.0,2.2143119266171247,350.3600000012666,109.0
14672.0,9962173.54,9962414.9,9962534.9,0.0,0.0,2.0113333333438885,361.3600000012666,120.0
14673.0,9962173.54,9962447.93,9962590.93,0.0,0.0,1.918811188815357,417.39000000059605,143.0
14674.0,9962173.54,9962459.9,9962602.9,0.0,0.0,2.00251748252634,429.3600000012666,143.0
14675.0,9962174.51,9962523.9,9962697.9,0.0,0.0,2.007988505750552,523.390000000596,174.0
14676.0,9962623.62,9962623.62,9962703.62,0.0,0.0,0.0,80.0,80.0
14644.0,9959145.2,9959213.08,9962842.08,0.0,0.0,0.01870487737691363,3696.8800000008196,3629.0
14647.0,9960966.86,9960966.86,9963374.86,0.0,0.0,0.0,2408.0,2408.0
14677.0,9963521.84,9963521.84,9963597.84,0.0,0.0,0.0,76.0,76.0
14678.0,9963522.81,9963522.81,9963598.81,0.0,0.0,0.0,76.0,76.0
14679.0,9963522.81,9963522.81,9963598.81,0.0,0.0,0.0,76.0,76.0
14680.0,9963522.81,9963522.81,9963598.81,0.0,0.0,0.0,76.0,76.0
14681.0,9963522.81,9963522.81,9963598.81,0.0,0.0,0.0,76.0,76.0
14682.0,9963522.81,9963522.81,9963598.81,0.0,0.0,0.0,76.0,76.0
14683.0,9963522.81,9963522.81,9963598.81,0.0,0.0,0.0,76.0,76.0
14684.0,9963522.81,9963522.81,9963598.81,0.0,0.0,0.0,76.0,76.0
14685.0,9963523.78,9963523.78,9963632.78,0.0,0.0,0.0,109.0,109.0
14686.0,9963523.78,9963523.78,9963643.78,0.0,0.0,0.0,120.0,120.0
14687.0,9963523.78,9963523.78,9963665.78,0.0,0.0,0.0,142.0,142.0
14688.0,9963523.78,9963523.78,9963665.78,0.0,0.0,0.0,142.0,142.0
14689.0,9963523.78,9963523.78,9963697.78,0.0,0.0,0.0,174.0,174.0
14691.0,9963744.94,9963744.94,9963785.94,0.0,0.0,0.0,41.0,41.0
14690.0,9963739.12,9963739.12,9963797.12,0.0,0.0,0.0,58.0,58.0
14692.0,9963744.94,9963744.94,9963818.94,0.0,0.0,0.0,74.0,74.0
14693.0,9963744.94,9963744.94,9963818.94,0.0,0.0,0.0,74.0,74.0
14694.0,9963744.94,9963744.94,9963818.94,0.0,0.0,0.0,74.0,74.0
14695.0,9963745.91,9963745.91,9963850.91,0.0,0.0,0.0,105.0,105.0
14696.0,9963745.91,9963745.91,9963850.91,0.0,0.0,0.0,105.0,105.0
14697.0,9963978.71,9963978.71,9964135.71,0.0,0.0,0.0,157.0,157.0
14698.0,9963978.71,9963978.71,9964135.71,0.0,0.0,0.0,157.0,157.0
14699.0,9963978.71,9963978.71,9964208.71,0.0,0.0,0.0,230.0,230.0
14700.0,9963979.68,9963979.68,9964302.68,0.0,0.0,0.0,323.0,323.0
14701.0,9963979.68,9963979.68,9964436.68,0.0,0.0,0.0,457.0,457.0
14702.0,9963979.68,9963979.68,9964571.68,0.0,0.0,0.0,592.0,592.0
14703.0,9963979.68,9963979.68,9964579.68,0.0,0.0,0.0,600.0,600.0
14637.0,9954657.98,9954668.9,9964621.9,0.0,0.0,0.0010971566361826076,9963.919999999925,9953.0
14704.0,9964254.19,9964621.9,9964720.9,0.0,0.0,3.7142424242514553,466.71000000089407,99.0
14706.0,9964697.48,9964697.48,9965411.48,0.0,0.0,0.0,714.0,714.0
14705.0,9964331.79,9964621.9,9965764.9,0.0,0.0,0.2538145231857101,1433.1100000012666,1143.0
14711.0,9965835.29,9965835.29,9965987.29,0.0,0.0,0.0,152.0,152.0
14648.0,9960976.56,9962842.08,9966259.08,0.0,0.0,0.5459525899910895,5282.519999999553,3417.0
14715.0,9966588.98,9966588.98,9966661.98,0.0,0.0,0.0,73.0,73.0
14649.0,9960986.26,9963374.86,9966803.86,0.0,0.0,0.6965879265090777,5817.5999999996275,3429.0
14713.0,9965854.69,9965987.29,9967959.29,0.0,0.0,0.06724137931015592,2104.5999999996275,1972.0
14717.0,9968135.16,9968135.16,9968192.16,0.0,0.0,0.0,57.0,57.0
14718.0,9968135.16,9968135.16,9968214.16,0.0,0.0,0.0,79.0,79.0
14720.0,9968150.68,9968150.68,9968234.68,0.0,0.0,0.0,84.0,84.0
14719.0,9968135.16,9968135.16,9968245.16,0.0,0.0,0.0,110.0,110.0
14591.0,9883635.55,9883635.55,9968820.55,0.0,0.0,0.0,85185.0,85185.0
14708.0,9965150.47,9965150.47,9971476.47,0.0,0.0,0.0,6326.0,6326.0
14709.0,9965213.52,9966259.08,9971507.08,0.0,0.0,0.19923018292692865,6293.5600000005215,5248.0
14714.0,9966099.13,9966803.86,9971697.86,0.0,0.0,0.14399877400870134,5598.729999998584,4894.0
14707.0,9965114.58,9968820.55,9972364.55,0.0,0.0,1.045702595936984,7249.970000000671,3544.0
14584.0,9751435.22,9751435.22,9973372.22,0.0,0.0,0.0,221937.0,221937.0
14585.0,9752091.91,9752091.91,9973701.91,0.0,0.0,0.0,221610.0,221610.0
14580.0,9748749.29,9748749.29,9973857.29,0.0,0.0,0.0,225108.0,225108.0
14721.0,9968615.31,9971507.08,9975143.08,0.0,0.0,0.7953162816280399,6527.769999999553,3636.0
14730.0,9975501.34,9975501.34,9975573.34,0.0,0.0,0.0,72.0,72.0
14731.0,9975643.93,9975643.93,9975708.93,0.0,0.0,0.0,65.0,65.0
14732.0,9975669.15,9975669.15,9975747.15,0.0,0.0,0.0,78.0,78.0
14733.0,9975706.01,9975706.01,9975778.01,0.0,0.0,0.0,72.0,72.0
14723.0,9970740.58,9971697.86,9975798.86,0.0,0.0,0.2334259936599194,5058.279999999329,4101.0
14734.0,9975791.37,9975791.37,9975884.37,0.0,0.0,0.0,93.0,93.0
14735.0,9975816.59,9975816.59,9975890.59,0.0,0.0,0.0,74.0,74.0
14722.0,9970714.39,9975890.59,9975990.59,0.0,0.0,51.76199999999255,5276.199999999255,100.0
14728.0,9972226.62,9972364.55,9976066.55,0.0,0.0,0.03725823879026597,3839.9300000015646,3702.0
14724.0,9970889.96,9975990.59,9976105.59,0.0,0.0,44.353304347817016,5215.629999998957,115.0
14725.0,9971316.76,9976105.59,9976187.59,0.0,0.0,58.400365853659444,4870.8300000000745,82.0
14252.0,8951724.54,9894938.34,9977230.34,0.0,0.0,11.461792154765964,1025505.8000000007,82292.0
14712.0,9965844.02,9965844.02,9989120.02,0.0,0.0,0.0,23276.0,23276.0
14257.0,8952621.79,9906684.49,9989203.49,0.0,0.0,11.561733661338614,1036581.7000000011,82519.0
14740.0,9986238.27,9989120.02,9992464.02,0.0,0.0,0.8617673444976076,6225.75,3344.0
14742.0,9990209.45,9992464.02,9992646.02,0.0,0.0,12.38774725274889,2436.570000000298,182.0
14727.0,9972064.63,9976187.59,9993180.59,0.0,0.0,0.2426269640439611,21115.95999999903,16993.0
14321.0,9044317.83,9937155.95,10000662.95,0.0,0.0,14.058893035413407,956345.1199999992,63507.0
14262.0,8959645.56,9977230.34,10028027.34,0.0,0.0,20.0323794712286,1068381.7799999993,50797.0
14765.0,10037091.49,10037091.49,10037170.49,0.0,0.0,0.0,79.0,79.0
14766.0,10037097.31,10037170.49,10037263.49,0.0,0.0,0.786881720426903,166.17999999970198,93.0
14767.0,10037130.29,10037263.49,10037333.49,0.0,0.0,1.9028571428731085,203.2000000011176,70.0
14778.0,10038383.53,10038383.53,10038431.53,0.0,0.0,0.0,48.0,48.0
14601.0,9944607.81,9944607.81,10039931.81,0.0,0.0,0.0,95324.0,95324.0
14263.0,8959665.93,9989203.49,10041093.49,0.0,0.0,19.84077009057623,1081427.5600000005,51890.0
14265.0,8960016.1,10041093.49,10041372.49,0.0,0.0,3874.829354838712,1081356.3900000006,279.0
14266.0,8960185.85,10041372.49,10041673.49,0.0,0.0,3591.9821926910317,1081487.6400000006,301.0
14267.0,8960320.68,10041673.49,10041975.49,0.0,0.0,3580.638443708611,1081654.8100000005,302.0
14738.0,9980745.16,10039931.81,10043630.81,0.0,0.0,16.0007164098406,62885.65000000037,3699.0
14736.0,9976510.14,10039931.81,10043710.81,0.0,0.0,16.782659433712602,67200.66999999993,3779.0
14739.0,9984529.13,10039931.81,10043756.81,0.0,0.0,14.484360784313647,59227.6799999997,3825.0
14741.0,9988278.18,10039931.81,10043774.81,0.0,0.0,13.440965391621342,55496.63000000082,3843.0
14816.0,10044814.63,10044814.63,10044881.63,0.0,0.0,0.0,67.0,67.0
14825.0,10044828.21,10044881.63,10044950.63,0.0,0.0,0.7742028985496449,122.4199999999255,69.0
14843.0,10046910.8,10046910.8,10046983.8,0.0,0.0,0.0,73.0,73.0
14743.0,9992347.33,10043630.81,10047447.81,0.0,0.0,13.43554624050313,55100.48000000045,3817.0
14773.0,10037222.44,10047447.81,10047548.81,0.0,0.0,101.2412871287232,10326.370000001043,101.0
14746.0,10024899.56,10043774.81,10047646.81,0.0,0.0,4.874806301652892,22747.25,3872.0
14745.0,10019784.75,10043756.81,10047647.81,0.0,0.0,6.160899511693786,27863.06000000052,3891.0
14779.0,10038388.38,10047548.81,10047675.81,0.0,0.0,72.12937007873781,9287.429999999702,127.0
14744.0,10015794.17,10043710.81,10047681.81,0.0,0.0,7.030128431125811,31887.640000000596,3971.0
14809.0,10044203.53,10047675.81,10047779.81,0.0,0.0,33.387307692319155,3576.280000001192,104.0
14810.0,10044310.23,10047681.81,10047794.81,0.0,0.0,29.836991150443136,3484.5800000000745,113.0
14813.0,10044470.28,10047779.81,10047852.81,0.0,0.0,45.3360273972766,3382.530000001192,73.0
14817.0,10044820.45,10047794.81,10047875.81,0.0,0.0,36.72049382717613,3055.3600000012666,81.0
14826.0,10044828.21,10047852.81,10047955.81,0.0,0.0,29.365048543685702,3127.5999999996275,103.0
14835.0,10044928.12,10047875.81,10047988.81,0.0,0.0,26.08575221240125,3060.690000001341,113.0
14844.0,10046916.62,10047955.81,10048075.81,0.0,0.0,8.659916666677843,1159.190000001341,120.0
14836.0,10044984.38,10047988.81,10048097.81,0.0,0.0,27.563577981648642,3113.429999999702,109.0
14854.0,10048060.25,10048075.81,10048148.81,0.0,0.0,0.21315068493865125,88.56000000052154,73.0
14769.0,10037136.11,10048097.81,10048216.81,0.0,0.0,92.11512605042957,11080.700000001118,119.0
14729.0,9974363.53,9993180.59,10048217.59,0.0,0.0,0.341898359285581,73854.06000000052,55037.0
14863.0,10048215.45,10048215.45,10048267.45,0.0,0.0,0.0,52.0,52.0
14780.0,10038389.35,10048216.81,10048290.81,0.0,0.0,132.8035135135256,9901.460000000894,74.0
14855.0,10048066.07,10048267.45,10048356.45,0.0,0.0,2.262696629201763,290.3799999989569,89.0
14819.0,10044820.45,10048290.81,10048393.81,0.0,0.0,33.69281553399288,3573.3600000012666,103.0
14864.0,10048221.27,10048356.45,10048469.45,0.0,0.0,1.1962831858380707,248.17999999970198,113.0
14827.0,10044828.21,10048393.81,10048496.81,0.0,0.0,34.617475728151724,3668.5999999996275,103.0
14874.0,10048455.04,10048469.45,10048542.45,0.0,0.0,0.19739726027601387,87.41000000014901,73.0
14837.0,10045097.87,10048496.81,10048603.81,0.0,0.0,31.7657943925359,3505.940000001341,107.0
14875.0,10048460.86,10048496.81,10048620.81,0.0,0.0,0.28991935484772247,159.9500000011176,124.0
14838.0,10045240.46,10048603.81,10048710.81,0.0,0.0,31.433177570089978,3470.3499999996275,107.0
14840.0,10045798.21,10048620.81,10048819.81,0.0,0.0,14.183919597988078,3021.5999999996275,199.0
14797.0,10042002.6,10048819.81,10049070.81,0.0,0.0,27.160199203190814,7068.210000000894,251.0
14804.0,10042478.87,10049070.81,10050223.81,0.0,0.0,5.717207285343748,7744.940000001341,1153.0
14630.0,9953338.78,9953375.25,10050312.25,0.0,0.0,0.0003762237329468681,96973.47000000067,96937.0
14845.0,10046916.62,10050223.81,10050343.81,0.0,0.0,27.559916666677843,3427.190000001341,120.0
14890.0,10050108.89,10050223.81,10050345.81,0.0,0.0,0.9419672131141434,236.9199999999255,122.0
14856.0,10048066.07,10050343.81,10050432.81,0.0,0.0,25.592584269665434,2366.7400000002235,89.0
14866.0,10048222.24,10050432.81,10050545.81,0.0,0.0,19.562566371684053,2323.570000000298,113.0
14871.0,10048341.55,10050545.81,10050663.81,0.0,0.0,18.68016949152353,2322.2599999997765,118.0
14872.0,10048347.37,10050663.81,10050769.81,0.0,0.0,21.853207547182464,2422.440000001341,106.0
14873.0,10048352.22,10050769.81,10050875.81,0.0,0.0,22.807452830187273,2523.589999999851,106.0
14899.0,10050699.62,10050875.81,10050934.81,0.0,0.0,2.9862711864634086,235.1900000013411,59.0
14900.0,10050721.93,10050875.81,10050945.81,0.0,0.0,2.1982857142974224,223.88000000081956,70.0
14876.0,10048460.86,10050875.81,10050999.81,0.0,0.0,19.475403225815466,2538.9500000011176,124.0
14905.0,10050722.9,10050934.81,10051015.81,0.0,0.0,2.6161728395080126,292.910000000149,81.0
14917.0,10050724.84,10050945.81,10051026.81,0.0,0.0,2.7280246913663033,301.97000000067055,81.0
14756.0,10033020.4,10047647.81,10051080.81,0.0,0.0,4.260824351878867,18060.41000000015,3433.0
14924.0,10050725.81,10051015.81,10051096.81,0.0,0.0,3.580246913580247,371.0,81.0
14934.0,10050749.09,10051026.81,10051097.81,0.0,0.0,3.9115492957840923,348.72000000067055,71.0
14902.0,10050721.93,10050999.81,10051102.81,0.0,0.0,2.6978640776778597,380.88000000081956,103.0
14908.0,10050722.9,10050999.81,10051113.81,0.0,0.0,2.4290350877206053,390.910000000149,114.0
14930.0,10050748.12,10051096.81,10051189.81,0.0,0.0,3.749354838724098,441.6900000013411,93.0
14920.0,10050724.84,10051080.81,10051194.81,0.0,0.0,3.122543859655005,469.97000000067055,114.0
14937.0,10050750.06,10051102.81,10051220.81,0.0,0.0,2.989406779661017,470.75,118.0
14906.0,10050722.9,10051189.81,10051292.81,0.0,0.0,4.533106796117951,569.910000000149,103.0
14911.0,10050723.87,10051220.81,10051334.81,0.0,0.0,4.3591228070293075,610.9400000013411,114.0
14925.0,10050725.81,10051292.81,10051406.81,0.0,0.0,4.973684210526316,681.0,114.0
14931.0,10050748.12,10051334.81,10051452.81,0.0,0.0,4.971949152553738,704.6900000013411,118.0
14749.0,10028796.05,10047646.81,10051493.81,0.0,0.0,4.900119573693729,22697.759999999776,3847.0
14941.0,10050751.03,10051406.81,10051497.81,0.0,0.0,7.206373626386727,746.7800000011921,91.0
14770.0,10037136.11,10051493.81,10051612.81,0.0,0.0,120.65294117647998,14476.700000001118,119.0
14753.0,10032527.64,10051612.81,10051716.81,0.0,0.0,183.51124999999928,19189.169999999925,104.0
14755.0,10032956.38,10051716.81,10058481.81,0.0,0.0,2.773160384331072,25525.429999999702,6765.0
14781.0,10038389.35,10058481.81,10058555.81,0.0,0.0,271.5197297297418,20166.460000000894,74.0
14788.0,10039503.88,10058555.81,10058672.81,0.0,0.0,162.837008547006,19168.929999999702,117.0
14747.0,10027303.22,10048217.59,10060938.59,0.0,0.0,1.644082226240011,33635.36999999918,12721.0
14789.0,10039653.26,10058672.81,10061048.81,0.0,0.0,8.004861111111424,21395.550000000745,2376.0
14790.0,10041618.48,10060938.59,10061441.59,0.0,0.0,38.409761431410345,19823.109999999404,503.0
14791.0,10041631.09,10061441.59,10061921.59,0.0,0.0,41.271875,20290.5,480.0
14792.0,10041640.79,10061921.59,10062390.59,0.0,0.0,43.242643923242525,20749.800000000745,469.0
14793.0,10041652.43,10062390.59,10062848.59,0.0,0.0,45.27982532751124,21196.16000000015,458.0
14794.0,10041661.16,10062848.59,10063306.59,0.0,0.0,46.260764192139085,21645.429999999702,458.0
14795.0,10041691.23,10063306.59,10063734.59,0.0,0.0,50.50317757009206,22043.359999999404,428.0
14592.0,9891426.59,9891426.59,10064226.59,0.0,0.0,0.0,172800.0,172800.0
14598.0,9944232.42,10064226.59,10064336.59,0.0,0.0,1090.8560909090902,120104.16999999993,110.0
14599.0,9944278.98,10064336.59,10064612.59,0.0,0.0,434.991340579708,120333.6099999994,276.0
14600.0,9944304.2,10064612.59,10064685.59,0.0,0.0,1648.0601369863095,120381.3900000006,73.0
14798.0,10042334.34,10063734.59,10065424.59,0.0,0.0,12.662869822485208,23090.25,1690.0
14799.0,10042340.16,10065424.59,10067103.59,0.0,0.0,13.748916021441156,24763.429999999702,1679.0
14800.0,10042344.04,10067103.59,10068782.59,0.0,0.0,14.74660512209693,26438.550000000745,1679.0
14801.0,10042347.92,10068782.59,10070461.59,0.0,0.0,15.744294222751593,28113.669999999925,1679.0
14802.0,10042360.53,10070461.59,10072118.59,0.0,0.0,16.95899818949941,29758.06000000052,1657.0
14803.0,10042363.44,10072118.59,10073775.59,0.0,0.0,17.957242003621225,31412.150000000373,1657.0
14806.0,10043555.57,10073775.59,10073848.59,0.0,0.0,413.97287671232266,30293.019999999553,73.0
14820.0,10044820.45,10073848.59,10073951.59,0.0,0.0,281.8266019417534,29131.140000000596,103.0
14828.0,10044829.18,10073951.59,10074054.59,0.0,0.0,282.7418446601956,29225.41000000015,103.0
14846.0,10046916.62,10074054.59,10074174.59,0.0,0.0,226.14975000000558,27257.97000000067,120.0
14858.0,10048067.04,10074174.59,10074294.59,0.0,0.0,217.56291666667286,26227.550000000745,120.0
14865.0,10048222.24,10074294.59,10074362.59,0.0,0.0,383.4169117647004,26140.349999999627,68.0
14877.0,10048461.83,10074362.59,10074455.59,0.0,0.0,278.50279569892234,25993.759999999776,93.0
14883.0,10049295.06,10074455.59,10086019.59,0.0,0.0,2.1757635766170296,36724.52999999933,11564.0
14324.0,9064204.77,9950647.34,10088332.34,0.0,0.0,6.438192758833572,1024127.5700000003,137685.0
14264.0,8959698.91,10028027.34,10091513.34,0.0,0.0,16.82777982547333,1131814.4299999997,63486.0
14884.0,10049319.31,10086019.59,10097605.59,0.0,0.0,3.167640255480695,48286.27999999933,11586.0
14326.0,9066358.17,9956983.19,10100196.19,0.0,0.0,6.218883900204587,1033838.0199999996,143213.0
14737.0,9980285.38,10061048.81,10104248.81,0.0,0.0,1.8695238425925857,123963.4299999997,43200.0
14752.0,10031345.21,10104248.81,10104890.81,0.0,0.0,113.55700934579382,73545.59999999963,642.0
14754.0,10032944.74,10104890.81,10105908.81,0.0,0.0,70.67393909626749,72964.0700000003,1018.0
14758.0,10034308.56,10105908.81,10106036.81,0.0,0.0,559.376953125,71728.25,128.0
14759.0,10034656.79,10106036.81,10106140.81,0.0,0.0,686.3463461538597,71484.02000000142,104.0
14760.0,10034800.35,10106140.81,10106286.81,0.0,0.0,488.633287671239,71486.4600000009,146.0
14761.0,10034907.05,10106286.81,10106432.81,0.0,0.0,488.90246575342314,71525.75999999978,146.0
14762.0,10035423.09,10106432.81,10106536.81,0.0,0.0,682.7857692307757,71113.72000000067,104.0
14763.0,10035800.42,10106536.81,10107139.81,0.0,0.0,117.30744610282022,71339.3900000006,603.0
14764.0,10036553.14,10107139.81,10107285.81,0.0,0.0,483.47034246575294,70732.66999999993,146.0
14768.0,10037136.11,10107285.81,10107373.81,0.0,0.0,797.1556818181945,70237.70000000112,88.0
14772.0,10037152.6,10107373.81,10107519.81,0.0,0.0,480.96719178082805,70367.2100000009,146.0
14774.0,10037329.14,10107519.81,10107665.81,0.0,0.0,480.7580136986296,70336.66999999993,146.0
14777.0,10037704.53,10107665.81,10107791.81,0.0,0.0,555.2482539682634,70087.28000000119,126.0
14782.0,10038389.35,10107791.81,10107865.81,0.0,0.0,937.8710810810932,69476.4600000009,74.0
14885.0,10049345.5,10097605.59,10109275.59,0.0,0.0,4.135397600685506,59930.08999999985,11670.0
14912.0,10050723.87,10109275.59,10109389.59,0.0,0.0,513.6115789473743,58665.72000000067,114.0
14918.0,10050724.84,10109389.59,10109492.59,0.0,0.0,569.5606796116505,58767.75,103.0
14926.0,10050725.81,10109492.59,10109606.59,0.0,0.0,515.4980701754328,58880.77999999933,114.0
14935.0,10050749.09,10109606.59,10109708.59,0.0,0.0,577.0343137254902,58959.5,102.0
14942.0,10050751.03,10109708.59,10109788.59,0.0,0.0,736.9695000000065,59037.56000000052,80.0
14632.0,9953422.2,10050312.25,10113865.25,0.0,0.0,1.5245550957468688,160443.05000000075,63553.0
14796.0,10041916.27,10107865.81,10114948.81,0.0,0.0,9.310961457009878,73032.54000000097,7083.0
14808.0,10043785.46,10114948.81,10115032.81,0.0,0.0,847.1827380952336,71247.34999999963,84.0
14811.0,10044321.87,10115032.81,10115134.81,0.0,0.0,693.2445098039348,70812.94000000134,102.0
14807.0,10043642.87,10113865.25,10116313.25,0.0,0.0,28.685612745098375,72670.38000000082,2448.0
14965.0,10118612.23,10118612.23,10118733.23,0.0,0.0,0.0,121.0,121.0
14812.0,10044381.04,10115134.81,10121041.81,0.0,0.0,11.977953275774745,76660.77000000142,5907.0
14815.0,10044750.61,10121041.81,10121123.81,0.0,0.0,930.3804878048917,76373.20000000112,82.0
14818.0,10044820.45,10121123.81,10121204.81,0.0,0.0,942.0167901234724,76384.36000000127,81.0
14829.0,10044829.18,10121204.81,10121307.81,0.0,0.0,741.5109708737943,76478.63000000082,103.0
14834.0,10044858.28,10121307.81,10121358.81,0.0,0.0,1499.0103921568862,76500.53000000119,51.0
14841.0,10045966.02,10121358.81,10121681.81,0.0,0.0,233.41421052631878,75715.79000000097,323.0
14973.0,10121870.46,10121870.46,10121954.46,0.0,0.0,0.0,84.0,84.0
14814.0,10044625.48,10116313.25,10121979.25,0.0,0.0,12.65227144369918,77353.76999999955,5666.0
14974.0,10121918.96,10121918.96,10122002.96,0.0,0.0,0.0,84.0,84.0
14842.0,10046373.42,10121681.81,10122117.81,0.0,0.0,172.72566513761603,75744.3900000006,436.0
14886.0,10050088.52,10122117.81,10122208.81,0.0,0.0,791.53065934067,72120.29000000097,91.0
14978.0,10122288.53,10122288.53,10122347.53,0.0,0.0,0.0,59.0,59.0
14979.0,10122349.64,10122349.64,10122436.64,0.0,0.0,0.0,87.0,87.0
14991.0,10124958.94,10124958.94,10125027.94,0.0,0.0,0.0,69.0,69.0
14992.0,10125029.75,10125029.75,10125100.75,0.0,0.0,0.0,71.0,71.0
14993.0,10125125.78,10125125.78,10125195.78,0.0,0.0,0.0,70.0,70.0
14994.0,10125237.33,10125237.33,10125284.33,0.0,0.0,0.0,47.0,47.0
15003.0,10130439.44,10130439.44,10130901.44,0.0,0.0,0.0,462.0,462.0
15004.0,10131184.4,10131184.4,10131430.4,0.0,0.0,0.0,246.0,246.0
15005.0,10131721.78,10131721.78,10131805.78,0.0,0.0,0.0,84.0,84.0
14891.0,10050124.41,10122208.81,10131821.81,0.0,0.0,7.498637262041025,81697.40000000037,9613.0
15006.0,10131822.66,10131822.66,10131905.66,0.0,0.0,0.0,83.0,83.0
14892.0,10050144.78,10131821.81,10132005.81,0.0,0.0,443.8969021739195,81861.03000000119,184.0
15007.0,10131857.58,10131857.58,10132084.58,0.0,0.0,0.0,227.0,227.0
15008.0,10132026.36,10132026.36,10132121.36,0.0,0.0,0.0,95.0,95.0
15009.0,10132166.04,10132166.04,10132268.04,0.0,0.0,0.0,102.0,102.0
15010.0,10132202.9,10132202.9,10132450.9,0.0,0.0,0.0,248.0,248.0
15011.0,10132332.88,10132332.88,10132573.88,0.0,0.0,0.0,241.0,241.0
15012.0,10132558.89,10132573.88,10132720.88,0.0,0.0,0.10197278911716678,161.99000000022352,147.0
15015.0,10132758.71,10132758.71,10133156.71,0.0,0.0,0.0,398.0,398.0
15014.0,10132725.73,10132725.73,10133234.73,0.0,0.0,0.0,509.0,509.0
15013.0,10132708.27,10132720.88,10134416.88,0.0,0.0,0.007435141510180777,1708.6100000012666,1696.0
15020.0,10134380.55,10134380.55,10134785.55,0.0,0.0,0.0,405.0,405.0
14949.0,10057417.84,10109788.59,10135572.59,0.0,0.0,2.031133648774434,78154.75,25784.0
15022.0,10135147.82,10135147.82,10135646.82,0.0,0.0,0.0,499.0,499.0
14958.0,10114221.04,10135572.59,10136106.59,0.0,0.0,39.98417602996394,21885.550000000745,534.0
15016.0,10132857.65,10134416.88,10136146.88,0.0,0.0,0.9012890173412988,3289.230000000447,1730.0
14959.0,10114788.49,10136106.59,10136257.59,0.0,0.0,141.17947019867302,21469.099999999627,151.0
15026.0,10136814.28,10136814.28,10137110.28,0.0,0.0,0.0,296.0,296.0
15027.0,10136830.77,10136830.77,10137288.77,0.0,0.0,0.0,458.0,458.0
15017.0,10133179.69,10136146.88,10137812.88,0.0,0.0,1.7810264105650306,4633.190000001341,1666.0
14961.0,10114867.06,10136257.59,10137984.59,0.0,0.0,12.385946728430417,23117.52999999933,1727.0
15033.0,10137375.91,10137375.91,10138437.91,0.0,0.0,0.0,1062.0,1062.0
15042.0,10138462.31,10138462.31,10138509.31,0.0,0.0,0.0,47.0,47.0
14328.0,9068627.97,10000662.95,10138893.95,0.0,0.0,6.742590157055933,1070265.9799999986,138231.0
15018.0,10133196.18,10137812.88,10139403.88,0.0,0.0,2.9017598994350204,6207.700000001118,1591.0
15055.0,10138632.06,10138632.06,10139832.06,0.0,0.0,0.0,1200.0,1200.0
15043.0,10138463.28,10139403.88,10140003.88,0.0,0.0,1.56766666666915,1540.6000000014901,600.0
15056.0,10138900.75,10138900.75,10140467.75,0.0,0.0,0.0,1567.0,1567.0
15039.0,10137959.85,10140003.88,10141403.88,0.0,0.0,1.4600214285722801,3444.030000001192,1400.0
15057.0,10138906.57,10140467.75,10142018.75,0.0,0.0,1.006563507414379,3112.179999999702,1551.0
15059.0,10138907.54,10141403.88,10142954.88,0.0,0.0,1.6095035461003957,4047.3400000017136,1551.0
15058.0,10138906.57,10141403.88,10142966.88,0.0,0.0,1.5977671145236862,4060.3100000005215,1563.0
15060.0,10138907.54,10142018.75,10143569.75,0.0,0.0,2.0059381044493194,4662.210000000894,1551.0
14962.0,10114906.83,10137984.59,10144267.59,0.0,0.0,3.6730479070507362,29360.759999999776,6283.0
15061.0,10138907.54,10142954.88,10144505.88,0.0,0.0,2.6095035461003957,5598.340000001714,1551.0
15062.0,10138907.54,10142966.88,10144529.88,0.0,0.0,2.597146513116899,5622.340000001714,1563.0
15063.0,10138908.51,10143569.75,10145120.75,0.0,0.0,3.0053127014830583,6212.2400000002235,1551.0
15064.0,10138908.51,10144505.88,10146068.88,0.0,0.0,3.5811708253365597,7160.370000001043,1563.0
15065.0,10138908.51,10144529.88,10146092.88,0.0,0.0,3.5965259117089206,7184.370000001043,1563.0
14963.0,10116639.25,10144267.59,10146580.59,0.0,0.0,11.94480760916552,29941.33999999985,2313.0
14757.0,10033126.13,10091513.34,10146633.34,0.0,0.0,1.0592744920173989,113507.20999999903,55120.0
15066.0,10138908.51,10145120.75,10146683.75,0.0,0.0,3.9745617402432654,7775.2400000002235,1563.0
15067.0,10138908.51,10146068.88,10147631.88,0.0,0.0,4.58117082533656,8723.370000001043,1563.0
15068.0,10138909.48,10146092.88,10147643.88,0.0,0.0,4.631463571889344,8734.400000000373,1551.0
15069.0,10138909.48,10146633.34,10148184.34,0.0,0.0,4.979922630560544,9274.859999999404,1551.0
15070.0,10138909.48,10146683.75,10148246.75,0.0,0.0,4.973941138835286,9337.269999999553,1563.0
15071.0,10138909.48,10147631.88,10149194.88,0.0,0.0,5.580550223928581,10285.400000000373,1563.0
15072.0,10138910.45,10147643.88,10149206.88,0.0,0.0,5.587607165707975,10296.430000001565,1563.0
14966.0,10118887.71,10146580.59,10149677.59,0.0,0.0,8.94184049079721,30789.879999998957,3097.0
15073.0,10138910.45,10148184.34,10149747.34,0.0,0.0,5.933390914907611,10836.890000000596,1563.0
15074.0,10138910.45,10148246.75,10149809.75,0.0,0.0,5.9733205374285,10899.300000000745,1563.0
14972.0,10121867.55,10149677.59,10150174.59,0.0,0.0,55.95581488933422,28307.039999999106,497.0
15075.0,10138911.42,10149194.88,10150757.88,0.0,0.0,6.579309021113816,11846.460000000894,1563.0
15076.0,10138911.42,10149206.88,10150769.88,0.0,0.0,6.5869865642999965,11858.460000000894,1563.0
14981.0,10122705.63,10150174.59,10151243.59,0.0,0.0,25.69594013096261,28537.95999999903,1069.0
15077.0,10138911.42,10149747.34,10151310.34,0.0,0.0,6.932770313499632,12398.919999999925,1563.0
15078.0,10138911.42,10149809.75,10151372.75,0.0,0.0,6.972699936020521,12461.330000000075,1563.0
15079.0,10138911.42,10150757.88,10152320.88,0.0,0.0,7.579309021113816,13409.460000000894,1563.0
15044.0,10138463.28,10152320.88,10152920.88,0.0,0.0,23.096000000002483,14457.60000000149,600.0
14748.0,10027693.16,10047447.81,10155747.81,0.0,0.0,0.18240674053555284,128054.65000000037,108300.0
14984.0,10123716.37,10151243.59,10164524.59,0.0,0.0,2.072676756268404,40808.22000000067,13281.0
14602.0,9944617.51,10064685.59,10164719.59,0.0,0.0,1.2002727072795256,220102.08000000007,100034.0
14893.0,10050167.09,10132005.81,10169192.81,0.0,0.0,2.200734665340056,119025.72000000067,37187.0
14894.0,10050190.37,10146633.34,10189833.34,0.0,0.0,2.232476157407423,139642.97000000067,43200.0
14603.0,9944629.15,10091513.34,10191525.34,0.0,0.0,1.4686656601207804,246896.18999999948,100012.0
14726.0,9971633.95,10191525.34,10191651.34,0.0,0.0,1745.1697619047666,220017.3900000006,126.0
14967.0,10120305.85,10191651.34,10191766.34,0.0,0.0,620.3955652173933,71460.49000000022,115.0
14848.0,10046917.59,10191651.34,10191771.34,0.0,0.0,1206.1145833333333,144853.75,120.0
14859.0,10048067.04,10191771.34,10191891.34,0.0,0.0,1197.5358333333395,143824.30000000075,120.0
14867.0,10048222.24,10191891.34,10192004.34,0.0,0.0,1271.4079646017667,143782.09999999963,113.0
14878.0,10048461.83,10192004.34,10192128.34,0.0,0.0,1157.6008870967723,143666.50999999978,124.0
14897.0,10050540.54,10189833.34,10207586.34,0.0,0.0,7.846155579338745,157045.80000000075,17753.0
14901.0,10050721.93,10207586.34,10207689.34,0.0,0.0,1522.9554368932054,156967.41000000015,103.0
14895.0,10050285.43,10164524.59,10207724.59,0.0,0.0,2.6444250000000036,157439.16000000015,43200.0
14907.0,10050722.9,10207689.34,10207803.34,0.0,0.0,1376.8985964912235,157080.43999999948,114.0
14919.0,10050724.84,10207803.34,10207917.34,0.0,0.0,1377.8815789473683,157192.5,114.0
14929.0,10050747.15,10207917.34,10208026.34,0.0,0.0,1441.9283486238485,157279.18999999948,109.0
14938.0,10050750.06,10208026.34,10208128.34,0.0,0.0,1541.9243137254837,157378.27999999933,102.0
14896.0,10050326.17,10169192.81,10212392.81,0.0,0.0,2.7515425925926063,162066.6400000006,43200.0
14898.0,10050557.03,10192128.34,10235328.34,0.0,0.0,3.2771136574074196,184771.31000000052,43200.0
14953.0,10071441.13,10235328.34,10235455.34,0.0,0.0,1290.4504724409373,164014.20999999903,127.0
14954.0,10071543.95,10235455.34,10235677.34,0.0,0.0,738.3395945945973,164133.3900000006,222.0
14955.0,10076482.22,10235677.34,10236153.34,0.0,0.0,334.443529411763,159671.11999999918,476.0
14331.0,9069658.11,10088332.34,10237505.34,0.0,0.0,6.828811044894186,1167847.2300000004,149173.0
14360.0,9106002.07,10100196.19,10238301.19,0.0,0.0,7.198827848376229,1132299.1199999992,138105.0
14333.0,9070791.07,10091513.34,10251777.34,0.0,0.0,6.36900532870763,1180986.2699999996,160264.0
14969.0,10121515.44,10191766.34,10253384.34,0.0,0.0,1.1401035411730398,131868.90000000037,61618.0
14604.0,9944647.58,10164719.59,10263256.59,0.0,0.0,2.2333946639333426,318609.0099999998,98537.0
14369.0,9145846.76,10138893.95,10272241.95,0.0,0.0,7.447034751177367,1126395.1899999995,133348.0
14956.0,10076962.37,10236153.34,10297819.34,0.0,0.0,2.581503097330793,220856.97000000067,61666.0
14268.0,8960449.69,10041975.49,10301175.49,0.0,0.0,4.1725532407407435,1340725.8000000007,259200.0
14948.0,10051353.4,10208128.34,10303760.34,0.0,0.0,1.6393564915509398,252406.93999999948,95632.0
14960.0,10114802.07,10297819.34,10317873.34,0.0,0.0,9.126222698713452,203071.26999999955,20054.0
14970.0,10121523.2,10253384.34,10320154.34,0.0,0.0,1.9748560730867246,198631.1400000006,66770.0
14964.0,10118348.39,10303760.34,10325497.34,0.0,0.0,8.529785618990626,207148.94999999925,21737.0
14853.0,10047411.32,10121979.25,10332967.25,0.0,0.0,0.35342261171251305,285555.9299999997,210988.0
14976.0,10122140.12,10332967.25,10333075.25,0.0,0.0,1952.103055555563,210935.13000000082,108.0
14977.0,10122287.56,10333075.25,10333221.25,0.0,0.0,1443.7513013698594,210933.68999999948,146.0
15045.0,10138463.28,10332967.25,10333567.25,0.0,0.0,324.17328333333444,195103.97000000067,600.0
14987.0,10123983.12,10333221.25,10333675.25,0.0,0.0,460.87693832599297,209692.13000000082,454.0
14968.0,10121502.83,10317873.34,10338287.34,0.0,0.0,9.619403840501606,216784.50999999978,20414.0
14982.0,10123093.63,10338287.34,10338581.34,0.0,0.0,731.9513945578199,215487.70999999903,294.0
14983.0,10123353.59,10338581.34,10339101.34,0.0,0.0,413.8995192307692,215747.75,520.0
14394.0,9291987.93,10251777.34,10344353.34,0.0,0.0,10.367583498963016,1052365.4100000001,92576.0
14975.0,10122136.24,10325497.34,10345262.34,0.0,0.0,10.288950164432059,223126.09999999963,19765.0
14986.0,10123843.44,10345262.34,10347953.34,0.0,0.0,82.28127090301017,224109.90000000037,2691.0
14988.0,10124396.34,10347953.34,10348098.34,0.0,0.0,1541.7724137931034,223702.0,145.0
14989.0,10124516.62,10348098.34,10348269.34,0.0,0.0,1307.4954385964952,223752.72000000067,171.0
14985.0,10123825.01,10339101.34,10352938.34,0.0,0.0,15.558020524680211,229113.33000000007,13837.0
14980.0,10122520.36,10333675.25,10353040.25,0.0,0.0,10.903944745675219,230519.8900000006,19365.0
14995.0,10125606.9,10352938.34,10353427.34,0.0,0.0,464.8904703476472,227820.43999999948,489.0
14997.0,10126080.26,10353427.34,10353542.34,0.0,0.0,1976.9311304347832,227462.08000000007,115.0
14381.0,9168681.53,10301175.49,10354851.49,0.0,0.0,21.0987025858857,1186169.960000001,53676.0
14990.0,10124652.42,10348269.34,10365583.34,0.0,0.0,12.915381771976431,240930.91999999993,17314.0
14996.0,10125639.88,10353040.25,10365736.25,0.0,0.0,17.91118226212974,240096.36999999918,12696.0
14371.0,9148037.99,10238301.19,10370849.19,0.0,0.0,8.225421734013333,1222811.1999999993,132548.0
14947.0,10051344.67,10207724.59,10375734.59,0.0,0.0,0.9307774537229923,324389.9199999999,168010.0
14999.0,10126264.56,10365583.34,10377636.34,0.0,0.0,19.85553638098393,251371.77999999933,12053.0
15002.0,10128028.99,10377636.34,10377752.34,0.0,0.0,2151.7874999999967,249723.34999999963,116.0
15021.0,10134564.85,10377752.34,10377898.34,0.0,0.0,1665.667739726029,243333.49000000022,146.0
15023.0,10135415.54,10377898.34,10378198.34,0.0,0.0,808.2760000000025,242782.80000000075,300.0
15024.0,10136141.1,10378198.34,10378344.34,0.0,0.0,1657.9263013698646,242203.24000000022,146.0
15025.0,10136442.77,10378344.34,10378448.34,0.0,0.0,2325.9766346153874,242005.5700000003,104.0
15028.0,10137133.41,10378448.34,10378531.34,0.0,0.0,2907.408795180719,241397.9299999997,83.0
15030.0,10137159.6,10378531.34,10378666.34,0.0,0.0,1787.9388148148164,241506.74000000022,135.0
15031.0,10137184.82,10378666.34,10378768.34,0.0,0.0,2367.4658823529367,241583.51999999955,102.0
15032.0,10137373.0,10378768.34,10379997.34,0.0,0.0,196.41606183889328,242624.33999999985,1229.0
15034.0,10137389.49,10379997.34,10381224.34,0.0,0.0,197.72440912795406,243834.84999999963,1227.0
15035.0,10137426.35,10381224.34,10382453.34,0.0,0.0,198.37102522375935,245026.99000000022,1229.0
14951.0,10057910.6,10212392.81,10383298.81,0.0,0.0,0.9039016184335301,325388.2100000009,170906.0
15036.0,10137548.57,10382453.34,10383586.34,0.0,0.0,216.15601941747533,246037.76999999955,1133.0
14407.0,9311139.61,10344353.34,10387550.34,0.0,0.0,23.918645507789904,1076410.7300000004,43197.0
14971.0,10121534.84,10320154.34,10395227.34,0.0,0.0,2.6456848667297166,273692.5,75073.0
15046.0,10138463.28,10395227.34,10395827.34,0.0,0.0,427.9401000000009,257364.06000000052,600.0
14370.0,9147956.51,10237505.34,10397591.34,0.0,0.0,6.806021950701498,1249634.83,160086.0
14382.0,9168699.96,10354851.49,10419671.49,0.0,0.0,18.29915967294044,1250971.5299999993,64820.0
14402.0,9310721.54,10272241.95,10426942.95,0.0,0.0,6.215347088900526,1116221.4100000001,154701.0
14998.0,10126222.85,10353542.34,10428328.34,0.0,0.0,3.0395995239750784,302105.4900000002,74786.0
14945.0,10051327.21,10263256.59,10435988.59,0.0,0.0,1.2269259893939684,384661.37999999896,172732.0
15000.0,10126284.93,10365736.25,10440458.25,0.0,0.0,3.204562511710076,314173.3200000003,74722.0
14414.0,9353099.87,10387550.34,10444283.34,0.0,0.0,18.23366418134068,1091183.4700000007,56733.0
15041.0,10138442.91,10383586.34,10445784.34,0.0,0.0,3.941339432136077,307341.4299999997,62198.0
15038.0,10137921.05,10383298.81,10446025.81,0.0,0.0,3.911836370303056,308104.7599999998,62727.0
15001.0,10126296.57,10375734.59,10450434.59,0.0,0.0,3.3391970548862053,324138.01999999955,74700.0
15051.0,10138529.24,10395827.34,10457923.34,0.0,0.0,4.14355353001803,319394.0999999996,62096.0
14446.0,9445869.7,10444283.34,10466212.34,0.0,0.0,45.52937388845823,1020342.6400000006,21929.0
15052.0,10138552.52,10428328.34,10487562.34,0.0,0.0,4.8920521997501485,349009.8200000003,59234.0
14437.0,9382341.49,10426942.95,10492433.95,0.0,0.0,15.950305538165535,1110092.459999999,65491.0
15053.0,10138578.71,10440458.25,10499670.25,0.0,0.0,5.098283118286819,361091.5399999991,59212.0
14383.0,9168844.49,10419671.49,10503215.49,0.0,0.0,14.972074595422772,1334371.0,83544.0
15054.0,10138603.93,10445784.34,10504875.34,0.0,0.0,5.198429710108141,366271.41000000015,59091.0
14435.0,9381238.6,10397591.34,10530651.34,0.0,0.0,7.63830407335037,1149412.7400000002,133060.0
14408.0,9311591.63,10370849.19,10530972.19,0.0,0.0,6.61527425791422,1219380.5599999987,160123.0
14950.0,10057880.53,10487562.34,10545858.34,0.0,0.0,7.3706911280362375,487977.8100000005,58296.0
14496.0,9479224.12,10492433.95,10577758.95,0.0,0.0,11.874712335188985,1098534.83,85325.0
14495.0,9475427.54,10466212.34,10607336.34,0.0,0.0,7.020668348402828,1131908.8000000007,141124.0
14946.0,10051339.82,10450434.59,10615202.59,0.0,0.0,2.422161888230722,563862.7699999996,164768.0
14497.0,9479306.57,10503215.49,10640864.49,0.0,0.0,7.438549644385357,1161557.92,137649.0
14560.0,9564942.05,10577758.95,10649973.95,0.0,0.0,14.025021117496344,1085031.8999999985,72215.0
14505.0,9526768.67,10530972.19,10669574.19,0.0,0.0,7.245231093346413,1142805.5199999996,138602.0
14609.0,9947383.95,10435988.59,10688588.59,0.0,0.0,1.9343018210609684,741204.6400000006,252600.0
14771.0,10037136.11,10688588.59,10688707.59,0.0,0.0,5474.390588235298,651571.4800000004,119.0
14783.0,10038390.32,10688707.59,10688781.59,0.0,0.0,8788.07121621621,650391.2699999996,74.0
14821.0,10044821.42,10688781.59,10688884.59,0.0,0.0,6252.040485436893,644063.1699999999,103.0
14830.0,10044829.18,10688884.59,10688987.59,0.0,0.0,6252.965145631069,644158.4100000001,103.0
14847.0,10046917.59,10688987.59,10689076.59,0.0,0.0,7214.269662921349,642159.0,89.0
14860.0,10048067.04,10689076.59,10689196.59,0.0,0.0,5341.7462500000065,641129.5500000007,120.0
14868.0,10048222.24,10689196.59,10689309.59,0.0,0.0,5672.33938053097,641087.3499999996,113.0
14879.0,10048461.83,10689309.59,10689433.59,0.0,0.0,5168.127096774192,640971.7599999998,124.0
14889.0,10050105.01,10689433.59,10689555.59,0.0,0.0,5240.398196721312,639450.5800000001,122.0
14909.0,10050722.9,10689555.59,10689680.59,0.0,0.0,5110.661519999996,638957.6899999995,125.0
14913.0,10050723.87,10689680.59,10689830.59,0.0,0.0,4259.711466666671,639106.7200000007,150.0
14921.0,10050724.84,10689830.59,10689955.59,0.0,0.0,5112.846,639230.75,125.0
14932.0,10050748.12,10689955.59,10690064.59,0.0,0.0,5864.288715596336,639316.4700000007,109.0
14943.0,10050751.03,10690064.59,10690149.59,0.0,0.0,7521.336000000006,639398.5600000005,85.0
14498.0,9479472.44,10530651.34,10690807.34,0.0,0.0,6.563468742975601,1211334.9000000004,160156.0
14588.0,9875998.74,10649973.95,10721513.95,0.0,0.0,10.818775649986009,845515.209999999,71540.0
14589.0,9877164.68,10669574.19,10739691.19,0.0,0.0,11.301246630631656,862526.5099999998,70117.0
14610.0,9947414.02,10503215.49,10755815.49,0.0,0.0,2.200322525732386,808401.4700000007,252600.0
15047.0,10138463.28,10755815.49,10756415.49,0.0,0.0,1028.9203500000015,617952.2100000009,600.0
14613.0,9948554.74,10504875.34,10757475.34,0.0,0.0,2.2023776722090247,808920.5999999996,252600.0
14590.0,9877688.48,10690807.34,10760544.34,0.0,0.0,11.65979121556705,882855.8599999994,69737.0
14569.0,9638268.23,10607336.34,10767091.34,0.0,0.0,6.065964195173856,1128823.1099999994,159755.0
14573.0,9701348.3,10640864.49,10793337.49,0.0,0.0,6.161852852636201,1091989.1899999995,152473.0
14614.0,9948741.95,10545858.34,10798458.34,0.0,0.0,2.363881195566115,849716.3900000006,252600.0
14606.0,9946425.59,10721513.95,10807381.95,0.0,0.0,9.026509992080861,860956.3599999994,85868.0
14607.0,9946511.92,10739691.19,10824520.19,0.0,0.0,9.350331490410113,878008.2699999996,84829.0
14633.0,9953819.9,10807381.95,10837508.95,0.0,0.0,28.332128987287113,883689.0499999989,30127.0
14634.0,9953823.78,10837508.95,10837731.95,0.0,0.0,3962.713766816143,883908.1699999999,223.0
14608.0,9946604.07,10757475.34,10842209.34,0.0,0.0,9.569609247763584,895605.2699999996,84734.0
14775.0,10037541.57,10842209.34,10842294.34,0.0,0.0,9466.679647058818,804752.7699999996,85.0
14784.0,10038390.32,10842294.34,10842421.34,0.0,0.0,6329.952913385823,804031.0199999996,127.0
14822.0,10044821.42,10842421.34,10842524.34,0.0,0.0,7743.68854368932,797702.9199999999,103.0
14831.0,10044829.18,10842524.34,10842644.34,0.0,0.0,6647.4596666666675,797815.1600000001,120.0
14852.0,10047279.4,10842644.34,10842717.34,0.0,0.0,10895.410136986295,795437.9399999995,73.0
14857.0,10048067.04,10842717.34,10842806.34,0.0,0.0,8928.655056179783,794739.3000000007,89.0
14869.0,10048223.21,10842806.34,10842927.34,0.0,0.0,6566.802727272719,794704.129999999,121.0
14880.0,10048461.83,10842927.34,10843051.34,0.0,0.0,6406.979919354837,794589.5099999998,124.0
14888.0,10050100.16,10843051.34,10843173.34,0.0,0.0,6499.599836065571,793073.1799999997,122.0
14914.0,10050723.87,10843173.34,10843283.34,0.0,0.0,7204.086090909097,792559.4700000007,110.0
14915.0,10050723.87,10843283.34,10843407.34,0.0,0.0,6391.608629032264,792683.4700000007,124.0
14927.0,10050725.81,10843407.34,10843519.34,0.0,0.0,7077.5136607142795,792793.5299999993,112.0
14936.0,10050749.09,10843519.34,10843642.34,0.0,0.0,6445.286585365854,792893.25,123.0
14944.0,10050751.03,10843642.34,10843765.34,0.0,0.0,6446.270813008135,793014.3100000005,123.0
14635.0,9954515.39,10837731.95,10862500.95,0.0,0.0,35.65814364730101,907985.5599999987,24769.0
14952.0,10059555.72,10690149.59,10862949.59,0.0,0.0,3.6492700810185137,803393.8699999992,172800.0
14751.0,10028939.61,10824520.19,10875624.19,0.0,0.0,15.567872964934253,846684.5800000001,51104.0
14638.0,9954903.39,10862500.95,10887826.95,0.0,0.0,35.83659322435437,932923.5599999987,25326.0
14716.0,9967545.4,10767091.34,10899473.34,0.0,0.0,6.039687721895722,931927.9399999995,132382.0
15048.0,10138463.28,10899473.34,10899577.34,0.0,0.0,7317.404423076928,761114.0600000005,104.0
14710.0,9965290.15,10760544.34,10920292.34,0.0,0.0,4.978179319928885,955002.1899999995,159748.0
14640.0,9957474.86,10875624.19,10930677.19,0.0,0.0,16.6775530852088,973202.3300000001,55053.0
14641.0,9958066.56,10887826.95,10941187.95,0.0,0.0,17.4239686287738,983121.3899999987,53361.0
14750.0,10028822.24,10793337.49,10945806.49,0.0,0.0,5.014234041018174,916984.25,152469.0
14645.0,9960112.29,10941187.95,10965357.95,0.0,0.0,40.59063549855193,1005245.6600000001,24170.0
11728.0,7118720.39,10965357.95,10965534.95,0.0,0.0,21732.415593220336,3846814.5599999996,177.0
12540.0,7691278.41,10965534.95,10965627.95,0.0,0.0,35207.059569892466,3274349.539999999,93.0
14776.0,10037549.33,10965627.95,10965733.95,0.0,0.0,8755.458679245276,928184.6199999992,106.0
14785.0,10038390.32,10965733.95,10965860.95,0.0,0.0,7301.918346456685,927470.629999999,127.0
14823.0,10044821.42,10965860.95,10965963.95,0.0,0.0,8942.131359223295,921142.5299999993,103.0
14832.0,10044829.18,10965963.95,10966083.95,0.0,0.0,7676.123083333329,921254.7699999996,120.0
14849.0,10046917.59,10966083.95,10966203.95,0.0,0.0,7659.719666666661,919286.3599999994,120.0
14861.0,10048067.04,10966203.95,10966323.95,0.0,0.0,7651.140916666668,918256.9100000001,120.0
14870.0,10048223.21,10966323.95,10966444.95,0.0,0.0,7587.609421487589,918221.7399999984,121.0
14881.0,10048461.83,10966444.95,10966568.95,0.0,0.0,7403.089677419348,918107.1199999992,124.0
14887.0,10050090.46,10966568.95,10966670.95,0.0,0.0,8985.083235294102,916580.4899999984,102.0
14903.0,10050721.93,10966670.95,10966795.95,0.0,0.0,7327.5921599999965,916074.0199999996,125.0
14910.0,10050722.9,10966795.95,10966936.95,0.0,0.0,6496.971985815595,916214.0499999989,141.0
14922.0,10050724.84,10966936.95,10967049.95,0.0,0.0,8108.071769911499,916325.1099999994,113.0
14928.0,10050725.81,10967049.95,10967149.95,0.0,0.0,9163.241399999988,916424.1399999987,100.0
14939.0,10050750.06,10967149.95,10967277.95,0.0,0.0,7159.37414062499,916527.8899999987,128.0
15019.0,10134347.57,10967277.95,10976434.95,0.0,0.0,90.96105493065403,842087.379999999,9157.0
14642.0,9958244.07,10920292.34,10980941.34,0.0,0.0,15.86255783277547,1022697.2699999996,60649.0
15037.0,10137616.47,10980941.34,10987870.34,0.0,0.0,121.70946312599209,850253.8699999992,6929.0
15040.0,10138442.91,10987870.34,10988713.34,0.0,0.0,1007.6244721233686,850270.4299999997,843.0
15049.0,10138464.25,10988713.34,10988856.34,0.0,0.0,5945.797832167831,850392.0899999999,143.0
14957.0,10078530.86,10843765.34,11003702.34,0.0,0.0,4.784599436027939,925171.4800000004,159937.0
11722.0,7117887.16,11003702.34,11003811.34,0.0,0.0,35649.68055045871,3885924.1799999997,109.0
11789.0,7176018.29,11003811.34,11004411.34,0.0,0.0,6379.655083333333,3828393.05,600.0
12532.0,7688386.84,11004411.34,11004505.34,0.0,0.0,35276.85638297872,3316118.5,94.0
12539.0,7691067.92,11004505.34,11004625.34,0.0,0.0,27611.9785,3313557.42,120.0
14786.0,10038562.01,11004625.34,11004752.34,0.0,0.0,7606.797874015749,966190.3300000001,127.0
14787.0,10038629.91,11004752.34,11004858.34,0.0,0.0,9114.362547169809,966228.4299999997,106.0
14824.0,10044821.42,11004858.34,11004971.34,0.0,0.0,8495.901946902653,960149.9199999999,113.0
14833.0,10044829.18,11004971.34,11005056.34,0.0,0.0,11295.79011764706,960227.1600000001,85.0
14839.0,10045655.62,11005056.34,11005164.34,0.0,0.0,8883.340000000006,959508.7200000007,108.0
14850.0,10046918.56,11005164.34,11005273.34,0.0,0.0,8791.245688073388,958354.7799999993,109.0
14862.0,10048068.01,11005273.34,11005381.34,0.0,0.0,8863.012314814816,957313.3300000001,108.0
14882.0,10048462.8,11005381.34,11005475.34,0.0,0.0,10179.984468085097,957012.5399999991,94.0
14904.0,10050721.93,11005475.34,11005595.34,0.0,0.0,7956.278416666668,954873.4100000001,120.0
14916.0,10050723.87,11005595.34,11005751.34,0.0,0.0,6120.970961538465,955027.4700000007,156.0
14923.0,10050724.84,11005751.34,11005874.34,0.0,0.0,7764.443089430894,955149.5,123.0
14933.0,10050748.12,11005874.34,11006031.34,0.0,0.0,6083.6064968152905,955283.2200000007,157.0
14940.0,10050750.06,11006031.34,11006156.34,0.0,0.0,7642.250239999995,955406.2799999993,125.0
15050.0,10138464.25,11006156.34,11006278.34,0.0,0.0,7112.230245901638,867814.0899999999,122.0
14643.0,9959055.96,10930677.19,11009526.19,0.0,0.0,12.322556151631582,1050470.2299999986,78849.0
15029.0,10137153.78,10976434.95,11062834.95,0.0,0.0,9.713902430555555,925681.1699999999,86400.0
9397.0,5857933.79,11062834.95,11062954.95,0.0,0.0,43374.17633333333,5205021.159999999,120.0
11720.0,7117725.17,11062954.95,11063194.95,0.0,0.0,16438.457416666664,3945469.7799999993,240.0
