cores,time,running_job_len
2.0,0.0,1.0
7.0,1546.268975,2.0
5.0,1617.23253,1.0
8.0,2531.770434,2.0
3.0,4456.141459849372,1.0
10.0,4557.200278,2.0
19.0,8173.286770999999,3.0
11.0,8200.63219091072,2.0
17.0,10097.353151000001,3.0
12.0,10104.528883,2.0
7.0,17001.26606054301,1.0
14.0,24490.833475,2.0
7.0,24860.05928649669,1.0
19.0,32108.691970999997,2.0
7.0,32118.616121999996,1.0
9.0,41858.397611,2.0
7.0,43974.250297,1.0
13.0,47967.380732,2.0
10.0,48580.1149178602,1.0
12.0,61835.327976,2.0
15.0,64765.905015,3.0
25.0,81885.077125,4.0
22.0,83135.38171579083,3.0
37.0,84939.980839,4.0
22.0,84971.96821100242,3.0
15.0,88568.62056910234,2.0
18.0,95517.66192,3.0
38.0,95838.474605,4.0
22.0,95846.845901,3.0
9.0,99050.09018609615,2.0
33.0,100351.957049,3.0
61.0,129215.42684300001,4.0
59.0,129796.185635,3.0
62.0,148815.087216,4.0
60.0,150006.86976700003,3.0
55.0,151553.62503140874,2.0
59.0,151907.230507,3.0
55.0,151921.4749802254,2.0
7.0,152083.75080460025,1.0
11.0,178365.247238,2.0
21.0,181012.34369,3.0
16.0,181101.02879959156,2.0
21.0,186095.052545,3.0
16.0,186135.246435,2.0
9.0,198787.6421381449,1.0
12.0,218987.375519,2.0
19.0,221162.888344,3.0
16.0,222020.47359929624,2.0
9.0,223383.19145997445,1.0
34.0,230305.32452199998,2.0
58.0,237560.24503899997,3.0
33.0,239572.799049,2.0
37.0,249816.01005799999,3.0
33.0,262951.8188642403,2.0
37.0,278799.545185,3.0
33.0,279093.655235,2.0
37.0,295855.854139,3.0
41.0,302008.050275,2.0
44.0,311060.113114,3.0
49.0,311096.248358,2.0
40.0,335361.602170062,1.0
49.0,344422.08899099997,2.0
61.0,348190.32976500003,3.0
65.0,349022.5054677939,2.0
87.0,356715.464288,3.0
31.0,362898.3790905225,2.0
80.0,386598.377942,3.0
100.0,389033.640244,4.0
121.0,392892.25996399997,5.0
119.0,393552.836594,4.0
80.0,395476.1790358507,3.0
92.0,410910.40978499997,4.0
96.0,423895.913052,5.0
92.0,424947.54372181726,4.0
116.0,428985.51196,5.0
92.0,428990.52400399995,4.0
99.0,435202.75090200006,5.0
105.0,436647.91018199996,6.0
99.0,436731.2143375073,5.0
92.0,439624.1547540001,4.0
110.0,444467.81678900006,5.0
92.0,445125.36093900003,4.0
95.0,448485.481804,5.0
131.0,468213.172405,6.0
161.0,468325.060212,7.0
159.0,468331.05193799996,6.0
105.0,477547.89218170487,5.0
116.0,496787.551474,6.0
121.0,497029.682463,7.0
116.0,497460.0507170944,6.0
114.0,498775.66944350424,5.0
123.0,502168.10692600004,6.0
135.0,503455.497975,7.0
132.0,503465.67275883997,6.0
134.0,506262.21471499995,7.0
131.0,506359.69372599997,6.0
149.0,517867.57099,7.0
95.0,520422.24808750884,6.0
90.0,520915.3916137683,5.0
92.0,530265.412517,6.0
108.0,530867.344187,7.0
95.0,531089.707462,6.0
107.0,531589.582124,7.0
102.0,540095.7280177021,6.0
117.0,546788.926654,7.0
115.0,547426.3345229999,6.0
129.0,551608.9814180001,7.0
115.0,551663.5349740001,6.0
124.0,559261.260935,7.0
110.0,561956.580648,6.0
85.0,562361.8120296642,5.0
98.0,575221.572531,6.0
95.0,578148.458682,5.0
97.0,582686.01914,6.0
95.0,582717.000034,5.0
124.0,583480.466156,6.0
92.0,583499.469822,5.0
94.0,609585.361373,6.0
100.0,615822.044928,7.0
113.0,624381.068125,8.0
128.0,649696.776466,9.0
123.0,649745.4179120073,8.0
132.0,662270.6038,9.0
134.0,663519.938949,10.0
132.0,663850.410394,9.0
149.0,666619.230917,10.0
136.0,679355.283539298,9.0
92.0,679401.8822195035,8.0
94.0,688543.973412,9.0
92.0,688659.8831099623,8.0
95.0,694373.86635,9.0
95.0,694381.5134932736,8.0
98.0,707601.724555,9.0
95.0,707620.9022195213,8.0
97.0,711025.223122,9.0
85.0,712959.47692767,8.0
101.0,731316.0958680001,9.0
88.0,731356.5486775631,8.0
116.0,734731.016167,9.0
101.0,744479.7175363317,8.0
160.0,755630.569089,9.0
163.0,761496.647187,10.0
132.0,768799.2877875323,9.0
158.0,772803.1008649999,10.0
136.0,772819.1700371851,9.0
153.0,784322.663448,10.0
136.0,784478.273364,9.0
129.0,787436.3405519672,8.0
145.0,799753.805341,9.0
176.0,801528.272292,10.0
144.0,807578.480685248,9.0
175.0,809134.798499,10.0
146.0,818413.9569846629,9.0
133.0,835343.0314002279,8.0
163.0,847350.517598,9.0
205.0,854328.219573,10.0
211.0,856685.2948220001,11.0
182.0,864764.6512985816,10.0
177.0,868824.6244467142,9.0
199.0,883731.988164,10.0
218.0,888851.32972,11.0
205.0,891032.1686622109,10.0
209.0,894496.695292,11.0
217.0,902564.508384,12.0
216.0,902957.9118897666,11.0
210.0,922103.9725625912,10.0
213.0,925198.407553,11.0
230.0,933322.495019,12.0
233.0,934334.3014079999,13.0
243.0,934457.1312909999,14.0
255.0,934513.768815,15.0
242.0,934547.813019557,14.0
252.0,938052.600808,15.0
245.0,944133.9374629672,14.0
256.0,949324.356568,15.0
245.0,949330.1134540001,14.0
256.0,965084.647051534,17.0
228.0,965087.6049751546,16.0
207.0,965495.839207534,15.0
256.0,965889.317573,16.0
256.0,972810.2632333204,16.0
256.0,965909.73097116,16.0
256.0,965919.6085185411,16.0
256.0,965925.2443231605,16.0
200.0,965934.8363747713,15.0
256.0,979239.193437,16.0
256.0,980433.2451767798,16.0
251.0,979245.7873150001,15.0
246.0,981902.9049048042,14.0
250.0,987907.418525,15.0
248.0,987985.947573,14.0
218.0,993104.3358618325,13.0
235.0,1005802.799475,14.0
244.0,1008941.004636,15.0
235.0,1013163.473767,14.0
251.0,1013377.219485,15.0
235.0,1013559.6323310001,14.0
226.0,1013903.4697993125,13.0
238.0,1015430.394258,14.0
241.0,1027478.531266,15.0
238.0,1027483.007888,14.0
240.0,1040121.739665,15.0
238.0,1040136.855304,14.0
240.0,1040228.541375,15.0
238.0,1042852.4329070001,14.0
240.0,1053702.583427,15.0
241.0,1057298.9944316035,14.0
246.0,1065706.41027,15.0
249.0,1066416.903647,16.0
244.0,1067920.7377799717,15.0
256.0,1085532.6762630981,19.0
242.0,1085536.6610120176,18.0
240.0,1085567.6753756895,17.0
256.0,1097734.531175,18.0
256.0,1098194.94249821,18.0
256.0,1107019.1816029174,22.0
256.0,1109018.6910357175,22.0
256.0,1109863.8522773879,22.0
243.0,1111016.4018401532,21.0
256.0,1122945.746665,22.0
245.0,1123073.29126,21.0
256.0,1125894.9596219999,22.0
256.0,1133762.0844208994,22.0
238.0,1134000.6952716098,21.0
256.0,1142181.106231,22.0
256.0,1142191.5588922,22.0
256.0,1142196.5085275306,22.0
251.0,1142204.8803534885,21.0
256.0,1143850.292751,22.0
256.0,1143938.6781455302,22.0
252.0,1144054.2000047965,21.0
243.0,1152205.8437994407,20.0
256.0,1175104.128423,21.0
251.0,1175604.916439,20.0
256.0,1176044.656586,21.0
256.0,1188641.7413527998,21.0
256.0,1192653.603841898,21.0
256.0,1205776.7585813676,21.0
248.0,1206249.0459031104,20.0
231.0,1210416.93684,19.0
256.0,1214893.756866,20.0
253.0,1231126.0604801755,19.0
256.0,1231130.3033761927,23.0
256.0,1231221.1253896528,23.0
256.0,1231259.9375726157,23.0
237.0,1231306.5980645635,22.0
230.0,1231329.9678274791,21.0
226.0,1231334.6015619312,20.0
256.0,1231654.0809219999,21.0
253.0,1231882.714497,20.0
256.0,1233224.1301280002,21.0
254.0,1240487.00252,20.0
256.0,1242983.1331788641,22.0
256.0,1242985.2315545185,22.0
256.0,1242986.3793537568,22.0
243.0,1242988.9339458756,21.0
256.0,1243013.3127493677,21.0
256.0,1243018.8983021877,21.0
256.0,1243022.1134008842,21.0
216.0,1243026.9360489289,20.0
214.0,1243881.3391451756,19.0
256.0,1248280.398273,20.0
233.0,1248638.4337255799,19.0
256.0,1254864.310802,20.0
251.0,1259955.0380910002,19.0
256.0,1279111.1751698,19.0
256.0,1280971.9541928,19.0
256.0,1293397.4293389912,22.0
256.0,1293804.8363701645,22.0
253.0,1294339.1958311754,21.0
256.0,1295726.373617,22.0
254.0,1295773.575246,21.0
249.0,1310732.840634,20.0
256.0,1311520.5274583928,21.0
256.0,1312470.9789714129,21.0
241.0,1313702.4588716999,20.0
256.0,1313883.7661943857,22.0
225.0,1316555.6231593858,21.0
216.0,1320744.893936783,20.0
207.0,1326019.5449990002,19.0
194.0,1336717.8986784853,18.0
256.0,1340003.611469,19.0
256.0,1347844.2842682397,19.0
248.0,1352429.8659060001,18.0
256.0,1352429.9288259896,20.0
251.0,1354452.983278,19.0
256.0,1361258.8871582262,19.0
237.0,1361541.9615752262,18.0
201.0,1361688.5237714662,17.0
256.0,1365504.390139,18.0
242.0,1388797.9746451275,17.0
256.0,1388799.861755712,20.0
256.0,1393732.1441614,20.0
240.0,1388822.8325966478,19.0
215.0,1388875.6195523455,18.0
256.0,1396316.622383,19.0
233.0,1398968.6407019896,18.0
214.0,1401916.7303593806,17.0
256.0,1412127.776883,18.0
227.0,1465815.513034092,17.0
256.0,1465824.8979755274,27.0
253.0,1465836.521846092,26.0
256.0,1465853.2353300932,26.0
249.0,1465856.7648594228,25.0
246.0,1465875.0998295275,24.0
227.0,1466133.540367092,23.0
222.0,1466605.518685703,22.0
212.0,1474746.9668059656,21.0
256.0,1501490.905691,22.0
246.0,1501698.6614891351,21.0
221.0,1504910.848889,20.0
256.0,1510411.344612,21.0
256.0,1510446.07126432,21.0
256.0,1510462.0222162975,21.0
256.0,1510470.1757933116,21.0
256.0,1510474.8118144248,21.0
228.0,1510482.5195020526,20.0
256.0,1518374.2707180001,21.0
238.0,1518407.9258750002,20.0
256.0,1522953.9223129998,21.0
248.0,1523008.9814769998,20.0
242.0,1524448.127256095,19.0
256.0,1530426.7607790001,20.0
256.0,1541796.185255612,20.0
254.0,1536024.563521,19.0
256.0,1550931.241911,20.0
256.0,1564894.9512021982,20.0
254.0,1553591.2232910001,19.0
222.0,1579582.3696072937,18.0
256.0,1579583.0756164372,21.0
256.0,1579835.5169152285,21.0
256.0,1579888.8171808373,21.0
256.0,1580033.9747106747,21.0
256.0,1580034.91096055,21.0
231.0,1580137.0863142973,20.0
179.0,1580206.3860300593,19.0
256.0,1581266.6308600002,20.0
256.0,1581555.6056968002,20.0
256.0,1581685.2869180834,20.0
256.0,1581746.2062631885,20.0
256.0,1581776.627281943,20.0
223.0,1581816.7219313057,19.0
210.0,1605313.4184621274,18.0
256.0,1613872.891776,19.0
240.0,1716551.824361467,18.0
256.0,1716566.7446474344,28.0
244.0,1716560.4152732335,27.0
256.0,1716589.5237545718,27.0
256.0,1716599.7527590476,27.0
256.0,1716615.0423436237,27.0
256.0,1716622.65088851,27.0
250.0,1716632.7774804218,26.0
248.0,1716674.2039943563,25.0
256.0,1717313.3396442118,25.0
234.0,1717725.2590894345,24.0
229.0,1718086.7045517925,23.0
204.0,1718259.9531352834,22.0
256.0,1718693.041218,23.0
256.0,1722306.4432340665,23.0
252.0,1746356.196789107,22.0
256.0,1746358.9046591052,26.0
242.0,1746363.4031492672,25.0
229.0,1746370.396935149,24.0
225.0,1746541.003040107,23.0
221.0,1747228.2797199385,22.0
211.0,1747853.1480295705,21.0
256.0,1761618.5935,22.0
256.0,1761898.6336496,22.0
256.0,1761769.69429976,22.0
256.0,1761830.014194432,22.0
256.0,1761856.4351965874,22.0
256.0,1761870.1236581602,22.0
244.0,1761887.977731416,21.0
198.0,1764715.1869022825,20.0
256.0,1777230.384478,21.0
256.0,1787328.5833099764,21.0
256.0,1787362.6454651041,21.0
256.0,1793868.5100406217,21.0
256.0,1815510.2626827487,21.0
256.0,1827681.733223789,21.0
256.0,1829097.7519335044,21.0
256.0,1836084.3512319196,21.0
249.0,1844719.4696376019,20.0
256.0,1844719.823184502,24.0
256.0,1844723.2428437264,24.0
256.0,1844725.3211640927,24.0
253.0,1844728.3483126694,23.0
233.0,1844729.0774101769,22.0
256.0,1845726.2315900002,23.0
256.0,1846810.4103229302,23.0
256.0,1847289.3715667645,23.0
256.0,1847523.2433291962,23.0
256.0,1847645.0019362383,23.0
220.0,1847798.161060713,22.0
256.0,1853084.1196599999,23.0
256.0,1866374.9143847714,24.0
256.0,1885498.9959696599,24.0
247.0,1866439.6861667715,23.0
235.0,1885634.0672,22.0
187.0,1895293.4010370362,21.0
256.0,1900021.885334,22.0
256.0,1905625.4482830048,22.0
238.0,1900259.57694,21.0
227.0,1913125.0026815534,20.0
256.0,1920810.351713,21.0
237.0,1922913.5942310002,20.0
228.0,1927347.347822904,19.0
215.0,1930957.4388385022,18.0
256.0,1933215.497324,19.0
256.0,1955734.2014456966,23.0
256.0,1955744.7183744966,23.0
256.0,1955749.2908492433,23.0
256.0,1955751.5533008054,23.0
251.0,1955754.6862300164,22.0
256.0,1960232.3890906966,22.0
251.0,1960524.3797154499,21.0
249.0,1961418.3273850922,20.0
256.0,1975315.664744,21.0
251.0,1976116.249631976,20.0
232.0,1985457.2795803805,19.0
251.0,2002015.5548669999,20.0
256.0,2035748.3824158977,22.0
256.0,2035830.3807726176,22.0
256.0,2035864.6318189132,22.0
239.0,2035908.290096864,21.0
235.0,2038009.473369,20.0
215.0,2044342.9446507853,19.0
240.0,2046574.158215,20.0
244.0,2049134.732894,21.0
240.0,2049144.3486159998,20.0
242.0,2059160.2319049998,21.0
256.0,2070890.1664239636,23.0
225.0,2070893.6387599637,22.0
209.0,2071564.562480674,21.0
205.0,2072192.6925762945,20.0
256.0,2077053.4271119998,21.0
256.0,2078900.3092824614,21.0
256.0,2077070.2232974598,21.0
256.0,2077077.7889830524,21.0
256.0,2077081.8776799086,21.0
238.0,2077088.6286059006,20.0
256.0,2078920.3117139998,21.0
256.0,2078939.23727177,21.0
256.0,2078947.5755222996,21.0
237.0,2078962.99317197,20.0
214.0,2080204.6830406934,19.0
211.0,2084075.1845117435,18.0
224.0,2110251.39376,19.0
239.0,2113102.402063,20.0
250.0,2114398.331651,21.0
240.0,2115412.297798,20.0
239.0,2131933.078105436,19.0
241.0,2136887.8798889997,20.0
239.0,2137230.3471409995,19.0
249.0,2149201.025981,20.0
239.0,2149564.959678808,19.0
244.0,2153346.360938,20.0
252.0,2161826.7915169997,21.0
249.0,2162429.329945,20.0
244.0,2164939.9337160806,19.0
249.0,2170839.839387,20.0
244.0,2170917.2325754524,19.0
229.0,2180299.740932,18.0
235.0,2190940.086069,19.0
230.0,2190946.169492,18.0
220.0,2194802.4608892533,17.0
213.0,2203252.407014052,16.0
204.0,2208874.713543631,15.0
205.0,2229630.078969,16.0
207.0,2232952.91316,17.0
205.0,2234500.203758,16.0
207.0,2244131.185473,17.0
205.0,2244136.3558748094,16.0
218.0,2247699.31683,17.0
205.0,2247728.2624709997,16.0
229.0,2255017.150618,17.0
205.0,2255461.315466316,16.0
213.0,2255540.390964,17.0
205.0,2255552.3158020005,16.0
220.0,2262021.2768099997,17.0
205.0,2263021.887741,16.0
207.0,2268653.981319,17.0
207.0,2271070.5959888925,16.0
227.0,2278096.14383,17.0
218.0,2287985.0116878683,16.0
255.0,2293835.308,17.0
235.0,2293860.443365,16.0
241.0,2300777.5806340002,17.0
237.0,2301457.2726553637,16.0
242.0,2330616.169958,17.0
237.0,2330949.702859139,16.0
239.0,2343148.593768,17.0
237.0,2343171.583320678,16.0
242.0,2345892.958097,17.0
237.0,2351481.582257202,16.0
231.0,2351577.73701269,15.0
233.0,2358902.3156580003,16.0
231.0,2358931.6502938434,15.0
246.0,2361743.54565,16.0
256.0,2361909.1229712907,16.0
226.0,2361938.551659442,15.0
241.0,2362697.758571,16.0
231.0,2362708.2637357754,15.0
249.0,2362726.900502,16.0
236.0,2364255.8860985246,15.0
218.0,2364398.123338,14.0
221.0,2367935.760307,15.0
229.0,2383724.323857,16.0
226.0,2386891.32686212,15.0
232.0,2391278.08295,16.0
225.0,2394604.3507151133,15.0
229.0,2413808.1656919997,16.0
225.0,2413991.166099,15.0
251.0,2419331.7188959997,16.0
256.0,2430799.3323748987,18.0
246.0,2430863.5576568986,17.0
256.0,2460854.865746,18.0
254.0,2460912.7784639997,17.0
234.0,2473919.471078,16.0
256.0,2473919.62395427,18.0
251.0,2488120.389536,17.0
256.0,2488122.196684172,20.0
228.0,2488220.928448172,19.0
256.0,2490096.5597180002,20.0
256.0,2494653.493432652,20.0
256.0,2490098.82853787,20.0
256.0,2490100.348563136,20.0
256.0,2490101.364810463,20.0
256.0,2490102.304825148,20.0
242.0,2490104.7403167835,19.0
228.0,2501176.102153847,18.0
256.0,2501451.740369,19.0
254.0,2501459.994829,18.0
256.0,2521750.3697077143,21.0
256.0,2521861.5022914284,21.0
256.0,2521964.656236114,21.0
252.0,2521984.31607996,20.0
256.0,2538672.375659,21.0
254.0,2538676.860297,20.0
256.0,2549157.677877,21.0
256.0,2567528.43433688,21.0
256.0,2574742.308501829,21.0
256.0,2580093.728825,21.0
254.0,2585852.358244,20.0
256.0,2585861.1379588274,25.0
256.0,2585865.738283128,25.0
256.0,2585871.6142105907,25.0
256.0,2585872.121008063,25.0
252.0,2585873.9109494085,24.0
248.0,2585911.884372063,23.0
222.0,2585914.723992137,22.0
216.0,2587247.9399958705,21.0
256.0,2587588.507284,22.0
231.0,2588069.8568232474,21.0
229.0,2588352.774431,20.0
213.0,2592472.1661625053,19.0
194.0,2593169.0551435705,18.0
189.0,2594731.1798277143,17.0
256.0,2598947.512007,18.0
253.0,2601427.147618,17.0
256.0,2625487.5548671796,20.0
256.0,2625489.0116734398,20.0
256.0,2625490.398636327,20.0
212.0,2625499.987585252,19.0
202.0,2625513.1431871797,18.0
198.0,2625528.5699113687,17.0
196.0,2625585.9129341794,16.0
166.0,2629673.980351075,15.0
201.0,2629941.776462,16.0
175.0,2633458.9344064645,15.0
189.0,2635038.162436,16.0
191.0,2647500.91334,17.0
191.0,2651733.4959892947,16.0
200.0,2662643.450858,17.0
197.0,2685090.8145995904,16.0
209.0,2689152.097848,17.0
203.0,2689764.909181,16.0
227.0,2694182.711879,17.0
216.0,2701133.214405,16.0
211.0,2714084.177219845,15.0
203.0,2720127.588870927,14.0
229.0,2722386.80204,15.0
227.0,2722416.339582,14.0
212.0,2737711.861265763,13.0
217.0,2758005.417992,14.0
215.0,2758046.825526,13.0
223.0,2768953.1523080003,14.0
246.0,2769277.921765,15.0
233.0,2775341.984215,14.0
252.0,2805746.112607,15.0
244.0,2812921.9406169998,15.0
232.0,2812939.5182319996,14.0
234.0,2813341.0199659998,15.0
238.0,2816011.944968,16.0
235.0,2816170.0130227716,15.0
243.0,2826468.4498630003,16.0
240.0,2827450.215324816,15.0
243.0,2841794.3037349996,16.0
256.0,2848317.442998048,18.0
228.0,2848320.623470048,17.0
218.0,2848329.6792642684,16.0
249.0,2852307.639236,17.0
247.0,2852389.704652757,16.0
231.0,2854492.563378632,15.0
235.0,2869740.0924299997,16.0
237.0,2876914.488378,17.0
250.0,2878321.8428869997,18.0
248.0,2880863.0615731827,17.0
209.0,2892204.5410872647,16.0
203.0,2899607.1774988407,15.0
199.0,2904631.2681487636,14.0
231.0,2906908.615951,15.0
225.0,2911730.2119866265,14.0
233.0,2915580.055224,15.0
218.0,2933333.6980822603,14.0
206.0,2934214.1824161853,13.0
210.0,2935692.215965,14.0
220.0,2942222.372293,15.0
218.0,2942679.607944,14.0
227.0,2943690.7090669996,15.0
221.0,2943697.1932519996,14.0
231.0,2953282.682166,15.0
217.0,2959456.17735599,14.0
242.0,2959819.4682380003,15.0
217.0,2959829.0492990003,14.0
234.0,2969020.8526,15.0
229.0,2969299.73235867,14.0
255.0,2969914.522872,15.0
256.0,2969918.9262272,15.0
256.0,2969921.2762034354,15.0
256.0,2969922.9851159593,15.0
238.0,2969926.6112987227,14.0
229.0,2978328.0007378007,13.0
247.0,2986167.892468,14.0
256.0,2993536.457758,15.0
251.0,2993601.829705,14.0
256.0,3011188.542361,15.0
254.0,3013454.031783,14.0
243.0,3044244.5417529773,14.0
235.0,3044486.3633949775,13.0
241.0,3046698.704459,14.0
237.0,3047073.021121,13.0
242.0,3055848.925625,14.0
237.0,3056526.72569501,13.0
243.0,3059455.945207,14.0
237.0,3059504.439572,13.0
253.0,3061101.7323229997,14.0
256.0,3061337.224596,15.0
253.0,3062992.598764064,14.0
256.0,3079629.853610277,17.0
256.0,3079631.7610268183,17.0
246.0,3079636.0284581166,16.0
246.0,3079653.9798284005,15.0
240.0,3079660.4465849274,14.0
206.0,3081003.822313101,13.0
239.0,3082411.9087610003,14.0
256.0,3084925.747554877,16.0
256.0,3084929.270846007,16.0
256.0,3084931.5559420767,16.0
216.0,3084937.376869949,15.0
196.0,3093446.49831341,14.0
256.0,3126641.161671,15.0
256.0,3129132.8762718,15.0
242.0,3126654.6018870003,14.0
256.0,3129379.646593,15.0
230.0,3131311.3867558017,14.0
256.0,3137689.234145,15.0
256.0,3148451.854241914,15.0
256.0,3152809.485839289,15.0
256.0,3156827.853516301,15.0
256.0,3162338.7645019935,20.0
256.0,3162385.7177937706,20.0
245.0,3162430.098930929,19.0
238.0,3162449.7067191354,18.0
227.0,3163571.718906742,17.0
256.0,3166014.787327,18.0
248.0,3168412.404678704,17.0
256.0,3170792.248748,18.0
241.0,3171401.845226,17.0
238.0,3171638.0850609997,16.0
256.0,3178601.867492786,19.0
256.0,3178603.8828912717,19.0
256.0,3178604.9673714554,19.0
256.0,3178606.0247328877,19.0
256.0,3178606.929218783,19.0
236.0,3178609.5843324224,18.0
256.0,3178647.179486857,18.0
256.0,3178651.892560775,18.0
192.0,3178660.9714230816,17.0
256.0,3180232.514811,18.0
256.0,3180783.2364818337,18.0
256.0,3188841.230344312,18.0
256.0,3191691.4651222103,18.0
256.0,3192625.269435419,18.0
256.0,3194477.901876718,18.0
222.0,3196760.9188700328,17.0
256.0,3201055.897945,18.0
256.0,3207677.45844993,18.0
256.0,3210235.480729052,18.0
256.0,3213361.2671640273,18.0
256.0,3215148.337638914,18.0
250.0,3216980.3953170273,17.0
256.0,3225582.777655,18.0
256.0,3226464.161384823,18.0
250.0,3227411.5280306228,17.0
248.0,3229000.805512,16.0
232.0,3235544.3963892683,15.0
214.0,3238344.959109226,14.0
189.0,3242320.4526433772,13.0
256.0,3244152.413812,14.0
256.0,3244171.96926835,14.0
256.0,3244181.4375352245,14.0
206.0,3244194.841719187,13.0
256.0,3245530.882768,14.0
249.0,3281572.2815434807,13.0
256.0,3281574.195303606,17.0
256.0,3283121.9085318,17.0
256.0,3281640.5183902658,17.0
256.0,3281655.6136721103,17.0
256.0,3281671.081024284,17.0
256.0,3281686.2494846126,17.0
256.0,3281693.0409719134,17.0
230.0,3281713.219727619,16.0
201.0,3281735.537628617,15.0
186.0,3282294.253068701,14.0
182.0,3294135.61852705,13.0
175.0,3294745.4704535957,12.0
256.0,3296809.27984,13.0
256.0,3296874.9594292,13.0
256.0,3296902.53158527,13.0
256.0,3296915.00168566,13.0
256.0,3296921.525868339,13.0
250.0,3296930.4723943057,12.0
256.0,3297775.902699,13.0
246.0,3298106.2290399997,12.0
223.0,3298940.2978530303,11.0
240.0,3316997.925851,12.0
249.0,3317231.759273,13.0
250.0,3318704.706754,13.0
256.0,3328032.381912546,15.0
250.0,3328055.022215646,14.0
234.0,3328073.0469105463,13.0
204.0,3344138.985866816,12.0
184.0,3352949.521144649,11.0
208.0,3384999.366409,12.0
213.0,3389278.757967,13.0
210.0,3389338.111819148,12.0
205.0,3391182.3831149605,11.0
213.0,3393585.9798029996,12.0
205.0,3394030.0509586283,11.0
233.0,3394427.418075,12.0
205.0,3394457.452263,11.0
188.0,3407914.975244614,10.0
190.0,3415321.288437,11.0
188.0,3415343.923798,10.0
191.0,3425339.195279,11.0
188.0,3429326.7315991987,10.0
203.0,3432736.010764,11.0
221.0,3450035.9659160003,12.0
211.0,3450259.2524231374,11.0
213.0,3458443.816258,12.0
211.0,3458501.8560550003,11.0
221.0,3471285.260642,12.0
240.0,3478192.5862879995,13.0
231.0,3478528.9278789996,12.0
247.0,3481237.7403589995,13.0
256.0,3482420.0155582214,15.0
256.0,3482996.6787418216,15.0
256.0,3483268.430591718,15.0
256.0,3483399.1097422675,15.0
219.0,3483559.54135301,14.0
256.0,3500353.341014,15.0
256.0,3519695.608841,16.0
252.0,3519940.341568,15.0
256.0,3521668.1431569685,15.0
243.0,3522330.0394037915,14.0
256.0,3528750.319292,15.0
256.0,3528886.93921115,15.0
256.0,3528949.5579588306,15.0
256.0,3528978.3433105764,15.0
230.0,3529017.6931968927,14.0
256.0,3533835.498613,15.0
242.0,3533844.353169,14.0
256.0,3535086.866922,15.0
256.0,3550068.7015931965,15.0
243.0,3535413.695249,14.0
256.0,3550266.780153,15.0
254.0,3552933.871661,14.0
256.0,3552934.1277684183,16.0
256.0,3552937.883556418,16.0
256.0,3552939.8731325986,16.0
256.0,3552941.164618425,16.0
250.0,3552943.3427286707,15.0
248.0,3553361.014413507,14.0
256.0,3579444.816972,15.0
256.0,3579581.5243732003,15.0
256.0,3579643.8250572165,15.0
251.0,3579719.9084967286,14.0
256.0,3595370.7823349177,16.0
256.0,3595397.1633905503,16.0
256.0,3595408.3978373357,16.0
256.0,3595413.5356292496,16.0
251.0,3595419.59964117,15.0
246.0,3595666.76717466,14.0
239.0,3595962.511055165,13.0
256.0,3598734.1126480005,14.0
256.0,3598794.4455895605,14.0
256.0,3598818.502028011,14.0
252.0,3598849.7854474015,13.0
256.0,3601368.9246480004,14.0
256.0,3616571.41500967,14.0
253.0,3641332.3654350005,13.0
256.0,3641336.3702821215,17.0
256.0,3641343.238280593,17.0
256.0,3641346.6430403288,17.0
256.0,3641348.5912656593,17.0
234.0,3641352.234581041,16.0
230.0,3643149.4670452643,15.0
218.0,3653087.672302956,14.0
256.0,3654580.6904089996,15.0
256.0,3654756.7306837994,15.0
219.0,3655001.070433287,14.0
256.0,3673339.616445,15.0
256.0,3673342.17749237,15.0
256.0,3673344.2171413274,15.0
215.0,3673348.6811543787,14.0
256.0,3673934.953693,15.0
256.0,3678266.294067,15.0
256.0,3680013.9021669505,15.0
256.0,3680825.5557802934,15.0
256.0,3681726.097994051,17.0
253.0,3681733.249631051,16.0
248.0,3681764.73756759,15.0
243.0,3687224.807572706,14.0
256.0,3707982.3772706264,16.0
226.0,3736458.398328239,15.0
256.0,3736558.9102199995,16.0
256.0,3758818.1280557993,16.0
234.0,3793990.1659499616,15.0
256.0,3794012.3821613276,26.0
256.0,3793995.3409659616,26.0
256.0,3794064.463329505,26.0
256.0,3794088.6084112953,26.0
256.0,3794099.9468650827,26.0
239.0,3794115.8415894182,25.0
237.0,3794195.1766295694,24.0
256.0,3794286.375892551,24.0
256.0,3794293.423025441,24.0
256.0,3794297.2863780516,24.0
224.0,3794303.9399972158,23.0
256.0,3794882.08522,24.0
256.0,3794883.94209319,24.0
256.0,3794885.105120413,24.0
256.0,3794885.9049419938,24.0
256.0,3794886.4659221694,24.0
249.0,3794888.149316817,23.0
256.0,3796211.4602480005,24.0
252.0,3796387.7680250006,23.0
248.0,3797239.5688997395,22.0
246.0,3798125.004446,21.0
235.0,3799346.997023069,20.0
228.0,3800312.5880520022,19.0
256.0,3800687.095088,20.0
253.0,3800749.782822,19.0
250.0,3820739.458794999,18.0
256.0,3820740.0008469657,20.0
235.0,3820744.9680839656,19.0
256.0,3823292.7744839997,20.0
256.0,3823459.8758211695,20.0
256.0,3823534.611549415,20.0
246.0,3823636.0463795355,19.0
256.0,3838087.615993,20.0
256.0,3845543.1409406,20.0
256.0,3848544.7976120533,20.0
252.0,3851939.3499906687,19.0
256.0,3851942.5640663477,23.0
256.0,3854993.8870184226,23.0
256.0,3852030.0875211023,23.0
256.0,3852070.042607987,23.0
241.0,3852119.6843467155,22.0
256.0,3857939.465946,23.0
256.0,3868793.811359733,23.0
242.0,3858002.7401101403,22.0
256.0,3878219.823335151,24.0
256.0,3878600.644252351,24.0
256.0,3879171.875628151,24.0
254.0,3881039.342584,23.0
250.0,3882666.65820962,22.0
249.0,3918161.7238832517,21.0
256.0,3931557.6825269996,22.0
256.0,3949839.194376185,22.0
254.0,3931650.3738599997,21.0
256.0,3960924.5688413875,21.0
256.0,3981357.5804748754,21.0
256.0,4008912.883099574,21.0
256.0,4008976.4778460753,23.0
256.0,4010573.2001146856,25.0
256.0,4010576.861375686,25.0
252.0,4010617.6187386857,24.0
256.0,4012249.9961989997,25.0
225.0,4026713.3068120154,24.0
256.0,4026714.133415654,27.0
256.0,4027333.6849965146,27.0
256.0,4032268.323208503,27.0
256.0,4039508.060479893,27.0
256.0,4041894.755229981,27.0
256.0,4044057.0586449425,27.0
256.0,4059091.4973567626,28.0
256.0,4061740.161799602,30.0
256.0,4061744.189008402,30.0
256.0,4061746.136172702,30.0
256.0,4061748.9191051,30.0
256.0,4061954.6326118223,30.0
256.0,4062105.34054659,30.0
256.0,4062263.261341602,30.0
256.0,4062310.5002055936,30.0
250.0,4062580.413592788,29.0
247.0,4063664.2107620905,28.0
256.0,4066459.6052014064,28.0
256.0,4066616.0483394065,28.0
256.0,4066709.9142222065,28.0
256.0,4066766.2337518865,28.0
232.0,4066850.7130464064,27.0
256.0,4067595.596797947,27.0
226.0,4068558.201184947,26.0
256.0,4084307.379755,27.0
256.0,4084312.03548335,27.0
245.0,4084320.830190607,26.0
256.0,4086507.3146980004,27.0
254.0,4099186.5217560004,26.0
251.0,4109696.6530757626,25.0
256.0,4110930.569934628,27.0
256.0,4110935.8096917304,27.0
256.0,4110938.3643637504,27.0
256.0,4110940.0299671255,27.0
256.0,4110941.161844031,27.0
243.0,4110943.851248313,26.0
256.0,4112462.5805050004,27.0
253.0,4112907.3295600004,26.0
256.0,4127513.6363120005,27.0
256.0,4137500.2256499757,27.0
256.0,4145275.060349628,27.0
256.0,4148226.4558564005,27.0
238.0,4147068.8150026277,26.0
256.0,4153733.358813,27.0
256.0,4157842.653635204,27.0
251.0,4168947.6953621386,26.0
256.0,4168948.320298711,29.0
254.0,4168979.0097961384,28.0
256.0,4168993.2556487108,28.0
256.0,4169867.480277021,28.0
256.0,4170248.194580868,28.0
256.0,4170778.3226659633,28.0
240.0,4170788.4064269634,27.0
238.0,4171379.1973511386,26.0
256.0,4171688.680723826,28.0
254.0,4171762.5415380006,27.0
256.0,4171788.601131826,27.0
224.0,4171928.5010389118,26.0
256.0,4174660.5092720003,27.0
253.0,4179646.60478,26.0
236.0,4188656.8123133327,25.0
210.0,4189352.5207510754,24.0
256.0,4208587.666995,25.0
256.0,4208626.4980838,25.0
256.0,4208642.390268247,25.0
252.0,4208661.421771021,24.0
243.0,4231513.074981452,23.0
256.0,4231513.935676945,26.0
244.0,4231555.668710938,25.0
230.0,4231752.071742945,24.0
256.0,4234234.35807,25.0
240.0,4234259.168414,24.0
256.0,4235386.474331,25.0
256.0,4240412.888111289,25.0
253.0,4235394.231448,24.0
256.0,4287161.127712199,24.0
242.0,4289526.350421348,23.0
256.0,4289528.437228159,27.0
243.0,4289623.7392625585,26.0
237.0,4290328.960352159,25.0
243.0,4295160.957321609,24.0
256.0,4297945.9421237875,24.0
256.0,4298477.306619111,24.0
193.0,4299166.250642845,23.0
256.0,4312340.7306470005,24.0
253.0,4313905.220866,23.0
205.0,4317924.947257539,22.0
199.0,4319975.983294765,21.0
190.0,4323064.2708269665,20.0
256.0,4341554.32223,21.0
254.0,4343258.504763206,20.0
256.0,4348894.296177,21.0
256.0,4350815.71937627,21.0
256.0,4351560.81970732,21.0
252.0,4352403.764473656,20.0
256.0,4355953.686156,21.0
256.0,4358068.359979733,21.0
253.0,4357513.997158,20.0
256.0,4379232.45717756,20.0
256.0,4394148.915991101,20.0
256.0,4396227.871498387,20.0
256.0,4400612.0661628265,20.0
256.0,4404354.1984158605,20.0
222.0,4405563.149193057,19.0
185.0,4414176.623790626,18.0
256.0,4422777.238177,19.0
256.0,4422967.11531634,19.0
256.0,4423050.253582371,19.0
236.0,4423152.027524514,18.0
256.0,4427724.853401784,20.0
253.0,4427743.933976,19.0
256.0,4434643.126440174,19.0
256.0,4437750.584973539,19.0
256.0,4439233.557105106,19.0
256.0,4439969.032460744,19.0
192.0,4440885.402177787,18.0
171.0,4444056.2540682545,17.0
216.0,4446578.644333,18.0
214.0,4446585.63487,17.0
208.0,4446825.947258147,16.0
228.0,4449558.3521529995,17.0
233.0,4471117.119638,18.0
230.0,4471121.404572,17.0
234.0,4476908.047498001,18.0
230.0,4476914.263464985,17.0
232.0,4478263.067322,18.0
230.0,4478271.780619822,17.0
233.0,4482319.584093,18.0
236.0,4484622.400344,19.0
234.0,4484630.072437595,18.0
230.0,4488993.44789431,17.0
232.0,4489193.667573,18.0
246.0,4493359.698176,19.0
241.0,4494578.728175526,18.0
238.0,4495508.947845,17.0
254.0,4498605.774593,18.0
246.0,4500494.24633,17.0
230.0,4501992.28207631,16.0
253.0,4518359.583190001,17.0
256.0,4518967.860997,18.0
256.0,4535091.547160419,18.0
256.0,4555214.755406,18.0
256.0,4565818.255101266,21.0
234.0,4565822.180640266,20.0
230.0,4565837.196488266,19.0
226.0,4565884.494981267,18.0
256.0,4579075.070711,19.0
256.0,4586747.587802,19.0
241.0,4602817.9448835,18.0
256.0,4602822.642859857,25.0
256.0,4609197.867603616,25.0
256.0,4602829.104236514,25.0
256.0,4602836.221063633,25.0
252.0,4602838.655423188,24.0
256.0,4602861.154500222,24.0
251.0,4602861.403983063,23.0
228.0,4602915.36382998,22.0
224.0,4602971.411348547,21.0
206.0,4603542.908562449,20.0
256.0,4630435.000105,21.0
256.0,4633720.2176352,21.0
256.0,4641595.5778525,23.0
256.0,4645809.10651328,23.0
256.0,4652640.0229621045,23.0
256.0,4654686.690345964,23.0
256.0,4660545.0464405585,23.0
254.0,4660677.007132558,22.0
256.0,4664992.677919,23.0
256.0,4665272.950837645,23.0
256.0,4670574.638887616,23.0
254.0,4674724.944116499,22.0
209.0,4677207.033917516,21.0
256.0,4694578.592141001,22.0
256.0,4697349.41833406,22.0
256.0,4698524.2250733245,22.0
247.0,4700071.938368998,21.0
256.0,4704333.417001001,22.0
256.0,4707629.682385,22.0
256.0,4710849.00756919,22.0
256.0,4711498.499913763,22.0
256.0,4711811.192267743,22.0
256.0,4711935.270895382,22.0
256.0,4711989.198333019,22.0
256.0,4712016.235468225,22.0
250.0,4712049.970904938,21.0
244.0,4740272.1120115,20.0
256.0,4740273.358993869,23.0
256.0,4740276.249941284,23.0
256.0,4740278.563074832,23.0
214.0,4740284.388781859,22.0
211.0,4741680.3730165,21.0
256.0,4742390.351428,22.0
256.0,4758626.5488188695,23.0
253.0,4758724.65959387,22.0
251.0,4761120.650244869,21.0
256.0,4775597.066612141,24.0
254.0,4775634.595791,23.0
256.0,4784417.8907,24.0
256.0,4793048.062048639,24.0
244.0,4834634.778424841,23.0
256.0,4834643.871567859,28.0
248.0,4834685.594516842,27.0
256.0,4834686.012707989,30.0
256.0,4834700.14664513,30.0
256.0,4834706.218654815,30.0
256.0,4834709.0480598165,30.0
251.0,4834714.383225236,29.0
249.0,4835756.91491586,28.0
246.0,4839547.900561842,27.0
256.0,4842960.382247,28.0
256.0,4849281.672049435,28.0
256.0,4851394.4087801995,28.0
256.0,4856864.489308459,28.0
256.0,4859843.461442383,28.0
256.0,4859895.968770846,28.0
239.0,4859936.866229846,27.0
233.0,4861975.870919299,26.0
256.0,4864045.44858,26.0
256.0,4866911.365417301,26.0
230.0,4864086.857743,25.0
232.0,4875787.688465598,24.0
210.0,4882404.338802863,23.0
256.0,4882711.478544001,24.0
256.0,4899372.401233273,24.0
256.0,4906609.322495667,24.0
256.0,4906745.2557492675,24.0
256.0,4906805.300962545,24.0
256.0,4906834.266363948,24.0
256.0,4906849.4372477885,24.0
236.0,4906870.659772032,23.0
256.0,4907640.014032,24.0
256.0,4928194.274517014,24.0
256.0,4947735.431835948,24.0
256.0,4948893.957608754,24.0
249.0,4955963.6703260625,23.0
256.0,4955967.424753288,28.0
253.0,4955973.761051164,27.0
251.0,4956086.069939141,26.0
246.0,4969026.477267062,25.0
256.0,4978030.226856288,25.0
242.0,4981820.007617976,24.0
256.0,4984925.614489,25.0
256.0,5041747.344363896,25.0
253.0,5047135.616297,24.0
256.0,5047142.198862248,30.0
256.0,5047143.723165866,30.0
256.0,5047144.436368645,30.0
253.0,5047147.190157121,29.0
247.0,5047240.0167868845,28.0
245.0,5047591.25430681,27.0
243.0,5070858.972194,26.0
256.0,5084573.655637585,26.0
256.0,5097889.917235981,26.0
256.0,5099376.639264743,27.0
256.0,5099394.061452259,27.0
256.0,5099397.390241215,27.0
237.0,5099402.377182965,26.0
256.0,5119614.575534226,26.0
256.0,5119615.834636847,26.0
256.0,5119616.559388598,26.0
256.0,5119616.99423965,26.0
256.0,5119617.25515028,26.0
256.0,5119617.646516226,26.0
234.0,5126959.111699226,25.0
256.0,5136857.153469,26.0
241.0,5136889.168653212,25.0
256.0,5141895.894663552,27.0
256.0,5142058.126451222,27.0
232.0,5142291.581950552,26.0
256.0,5156558.208175,27.0
256.0,5159209.376747276,27.0
256.0,5170834.275196066,27.0
254.0,5199217.279082,26.0
256.0,5199219.024783479,29.0
256.0,5199277.939158488,29.0
256.0,5199301.872966846,29.0
256.0,5199313.226863871,29.0
256.0,5199327.229738125,29.0
256.0,5202332.422902199,29.0
256.0,5217504.900176225,29.0
256.0,5229796.95173852,29.0
256.0,5233549.693857085,29.0
256.0,5235429.780740287,32.0
256.0,5242676.382746131,32.0
254.0,5235439.765076287,31.0
248.0,5238856.962912288,30.0
256.0,5238858.264859839,32.0
256.0,5241483.432280719,32.0
256.0,5242652.573448812,32.0
256.0,5243014.820060058,32.0
256.0,5243342.366737986,32.0
256.0,5243739.418484925,32.0
248.0,5244334.996105334,31.0
256.0,5244595.225324,32.0
254.0,5269258.670199287,31.0
256.0,5269259.104580176,33.0
254.0,5270597.0534231765,32.0
245.0,5270993.744992999,31.0
256.0,5304321.179938787,31.0
256.0,5310812.0993143115,31.0
256.0,5312043.49108644,31.0
256.0,5312100.75244453,31.0
256.0,5312134.536645803,31.0
256.0,5312154.469324554,31.0
256.0,5312183.15293544,33.0
256.0,5312189.51787244,33.0
250.0,5312330.35936144,32.0
256.0,5312379.440431439,32.0
250.0,5337904.121307506,31.0
256.0,5337904.425198432,33.0
252.0,5337972.472578506,32.0
256.0,5342653.257928251,32.0
256.0,5349916.458976939,32.0
256.0,5342709.000794251,32.0
248.0,5342780.863665025,31.0
256.0,5349921.33258,32.0
256.0,5360872.223176191,32.0
256.0,5381573.564082593,32.0
254.0,5383942.77016144,31.0
244.0,5393811.516224645,30.0
256.0,5393811.846189218,33.0
256.0,5397196.77292808,33.0
252.0,5394789.074951973,32.0
252.0,5395236.402605218,32.0
252.0,5396091.136454818,32.0
252.0,5396616.797772322,32.0
224.0,5397373.237229218,31.0
218.0,5416000.677807511,30.0
256.0,5453513.882004,31.0
253.0,5522342.206781497,30.0
256.0,5522346.530876895,35.0
256.0,5522356.940214748,35.0
256.0,5522384.121526974,35.0
256.0,5522401.5288563315,35.0
256.0,5522411.973253946,35.0
256.0,5522432.51538048,35.0
256.0,5524017.481906694,35.0
249.0,5535620.018091694,34.0
256.0,5553919.11006246,36.0
238.0,5553960.80684946,35.0
256.0,5557556.878296876,35.0
236.0,5557568.760107044,34.0
256.0,5571753.617087999,35.0
256.0,5585171.316565435,35.0
252.0,5596645.821918654,34.0
256.0,5614080.189836045,34.0
252.0,5644276.0266232975,33.0
232.0,5661624.316037106,32.0
256.0,5661624.661553653,35.0
256.0,5667703.554654418,35.0
256.0,5681289.586413253,35.0
249.0,5682450.474623106,34.0
256.0,5689490.890143107,34.0
247.0,5689944.040514941,33.0
256.0,5690281.338512056,33.0
232.0,5690559.224584301,32.0
203.0,5700313.072510184,31.0
200.0,5711997.2220871905,30.0
256.0,5716842.68979,31.0
254.0,5729823.001244287,30.0
256.0,5731590.365486302,32.0
250.0,5733002.4226800585,31.0
245.0,5736432.066199295,30.0
256.0,5738721.553516276,32.0
256.0,5738736.849890676,32.0
256.0,5738744.390253859,32.0
232.0,5738754.405388364,31.0
256.0,5740124.831691001,32.0
246.0,5740637.1051630005,31.0
244.0,5743917.181239685,30.0
256.0,5761594.070008,31.0
231.0,5800338.458846962,30.0
256.0,5800339.069362552,35.0
256.0,5800385.492961116,35.0
256.0,5800399.380293116,35.0
256.0,5800404.481526873,35.0
256.0,5800413.385084777,35.0
256.0,5800417.975777726,35.0
244.0,5800425.220345459,34.0
240.0,5800461.9594452465,33.0
233.0,5800494.980938552,32.0
256.0,5802737.322724,33.0
248.0,5803246.337901999,32.0
256.0,5812040.699708,33.0
246.0,5813879.7067529345,32.0
256.0,5820771.773640637,32.0
256.0,5824210.535115133,32.0
256.0,5820783.344090638,32.0
256.0,5820789.57421378,32.0
235.0,5820798.279212031,31.0
256.0,5827277.819725,32.0
256.0,5827281.81195199,32.0
253.0,5827288.03260112,31.0
256.0,5831295.351605,32.0
256.0,5831324.289169356,32.0
256.0,5831310.891871,32.0
256.0,5831317.66103777,32.0
252.0,5831325.281847648,31.0
247.0,5838379.9905587295,30.0
233.0,5844804.046306392,29.0
256.0,5846549.201022,30.0
256.0,5860263.334853093,30.0
256.0,5867410.86102037,30.0
256.0,5876582.05325556,33.0
256.0,5877781.341568345,33.0
256.0,5876626.635490527,33.0
250.0,5876678.000224511,32.0
219.0,5888041.16639932,31.0
197.0,5894676.778961802,30.0
256.0,5895968.578242,31.0
256.0,5901220.049395551,31.0
250.0,5903713.268404,30.0
246.0,5909984.432393043,29.0
256.0,5941163.617209,30.0
256.0,5943236.671262351,30.0
249.0,5941250.982572,29.0
256.0,5948087.3049800005,30.0
256.0,5961791.172750195,30.0
256.0,5965930.5371128,30.0
254.0,5967960.495838895,29.0
253.0,5977577.899723001,28.0
256.0,5977579.536987722,31.0
254.0,5977580.998501001,30.0
236.0,5977590.48948494,29.0
227.0,5982680.312454023,28.0
222.0,5983752.159936625,27.0
256.0,5987961.662764,28.0
256.0,5992280.3283720175,28.0
256.0,6011816.812650568,28.0
256.0,6020303.00847403,28.0
251.0,6030518.568260681,27.0
256.0,6030518.885604814,29.0
256.0,6030584.443197284,29.0
256.0,6030613.465638813,29.0
256.0,6030628.454339273,29.0
256.0,6030636.28395009,29.0
235.0,6030648.183296619,28.0
256.0,6030969.835395,29.0
254.0,6033366.416269,28.0
256.0,6049284.529435455,30.0
256.0,6075560.213434485,30.0
251.0,6049288.861831455,29.0
249.0,6065619.724264,28.0
256.0,6080187.328232,29.0
254.0,6080194.021729999,28.0
251.0,6086462.434477681,27.0
244.0,6090756.676046722,26.0
256.0,6091972.722829378,28.0
253.0,6092038.396995001,27.0
256.0,6094151.745447378,27.0
256.0,6095162.30746101,27.0
256.0,6095657.575243054,27.0
256.0,6096288.465620663,27.0
235.0,6096722.312026663,26.0
256.0,6107579.632327,27.0
254.0,6107585.019122,26.0
240.0,6112222.162502,25.0
238.0,6116858.362224497,24.0
256.0,6123087.379461,25.0
254.0,6123263.57621,24.0
251.0,6169093.653866435,23.0
256.0,6199325.300984158,25.0
256.0,6199378.611556558,25.0
256.0,6199404.2878212705,25.0
256.0,6199416.663396289,25.0
229.0,6199432.548903301,24.0
256.0,6249461.274920776,27.0
256.0,6249464.503124376,27.0
256.0,6249466.71597313,27.0
256.0,6249468.334445341,27.0
256.0,6249469.32980575,27.0
208.0,6249470.762153656,26.0
176.0,6251553.901011425,25.0
256.0,6263019.916038,26.0
243.0,6264249.094881202,25.0
234.0,6265873.371526,24.0
256.0,6280270.500574138,26.0
256.0,6280272.352824522,26.0
256.0,6280273.448454154,26.0
231.0,6280276.362021553,25.0
256.0,6286286.126097,26.0
224.0,6287465.863820138,25.0
256.0,6306882.09668,26.0
241.0,6314919.066277619,25.0
256.0,6326426.645981,26.0
256.0,6333792.075448001,26.0
241.0,6326493.947396,25.0
239.0,6344379.158149747,24.0
256.0,6348614.705085,25.0
254.0,6348716.520225,24.0
256.0,6351719.945854,25.0
254.0,6351724.68265,24.0
256.0,6352396.600991,25.0
254.0,6352583.363367001,24.0
220.0,6416482.901927215,23.0
256.0,6416483.675625501,27.0
256.0,6421800.446054124,27.0
239.0,6416568.306742215,26.0
237.0,6418402.666546065,25.0
256.0,6425891.324825,26.0
249.0,6426083.474177,25.0
226.0,6429698.294604499,24.0
256.0,6430924.261391001,25.0
256.0,6433307.537234142,25.0
252.0,6431022.119480001,24.0
256.0,6442511.464857,25.0
256.0,6446964.054944004,25.0
256.0,6454816.010666235,28.0
254.0,6454837.351230685,27.0
256.0,6458393.083681754,27.0
256.0,6458781.580019035,27.0
256.0,6460026.342945632,27.0
256.0,6460187.905552818,27.0
256.0,6460817.5025606,27.0
256.0,6461815.274492541,27.0
256.0,6461816.612877177,27.0
256.0,6462394.57632255,27.0
256.0,6462722.518686101,27.0
252.0,6463049.49138907,26.0
245.0,6463539.007182195,25.0
256.0,6464148.977249,26.0
256.0,6466716.189400121,26.0
256.0,6470093.960542701,26.0
256.0,6474575.122626808,28.0
256.0,6474580.384936218,28.0
256.0,6474582.726304,28.0
256.0,6474585.473488008,28.0
256.0,6474585.6897019055,28.0
252.0,6474587.911944861,27.0
246.0,6474597.792668502,26.0
256.0,6475882.933166,27.0
256.0,6483406.9473015275,27.0
256.0,6475996.896374,27.0
256.0,6476050.0876151,27.0
256.0,6476075.111162049,27.0
256.0,6476088.079553732,27.0
249.0,6476105.295143866,26.0
256.0,6485052.467276,27.0
256.0,6485066.76393541,27.0
256.0,6485072.7588317515,27.0
252.0,6485080.1012840085,26.0
252.0,6488801.189426,25.0
243.0,6490902.908480686,24.0
240.0,6493117.012287585,23.0
237.0,6495037.31205311,22.0
256.0,6502030.352175095,24.0
256.0,6505734.445032594,24.0
256.0,6502138.595776125,24.0
256.0,6502187.344143041,24.0
221.0,6502246.030782308,23.0
256.0,6510153.923053,24.0
227.0,6519650.379451832,23.0
256.0,6545413.878767,24.0
234.0,6570860.30336672,23.0
256.0,6570860.475164626,25.0
238.0,6570870.09620672,24.0
235.0,6572927.974145999,23.0
210.0,6574027.417491626,22.0
256.0,6574768.417805,23.0
245.0,6574840.696295001,22.0
256.0,6577239.640289358,24.0
256.0,6577273.728032958,24.0
256.0,6577290.202542522,24.0
211.0,6577318.806997621,23.0
205.0,6578447.205925113,22.0
198.0,6578890.428340675,21.0
189.0,6588254.576602971,20.0
256.0,6603105.740083001,21.0
256.0,6603127.997201141,21.0
256.0,6603138.70376518,21.0
219.0,6603153.414528754,20.0
256.0,6611928.978872,21.0
243.0,6611955.0780110005,20.0
256.0,6619212.4012980005,21.0
251.0,6626869.484281914,20.0
256.0,6640762.765737,21.0
256.0,6643227.175747,21.0
256.0,6644340.957894141,21.0
256.0,6644877.797479679,21.0
250.0,6645552.264502522,20.0
240.0,6646894.6301401,19.0
254.0,6651002.28393,20.0
256.0,6651819.832102388,20.0
254.0,6655523.689886409,19.0
256.0,6659727.2847919995,20.0
254.0,6659882.422946,19.0
243.0,6663241.344656923,18.0
256.0,6672394.242432,19.0
249.0,6737268.569343167,18.0
256.0,6737274.408192227,23.0
232.0,6737282.148194232,22.0
221.0,6737396.189767227,21.0
218.0,6740855.368337214,20.0
212.0,6742818.749282421,19.0
205.0,6744951.47375746,18.0
256.0,6752591.016279,19.0
251.0,6774550.208916892,18.0
256.0,6774550.530438405,20.0
251.0,6774573.623930492,19.0
256.0,6775879.072366,20.0
251.0,6776104.505582875,19.0
256.0,6777356.887653,20.0
254.0,6777372.693487,19.0
243.0,6778439.755364406,18.0
240.0,6779699.154639842,17.0
256.0,6784220.593122,18.0
253.0,6784316.553274,17.0
256.0,6799347.499071779,19.0
249.0,6799541.618478779,18.0
256.0,6808327.843867,19.0
252.0,6809522.334451,18.0
256.0,6838526.611958431,23.0
245.0,6838551.546008656,22.0
256.0,6839741.144393,23.0
254.0,6840204.47505,22.0
252.0,6842393.780059,21.0
243.0,6843168.806826431,20.0
256.0,6853307.246701,21.0
254.0,6856425.826722,20.0
256.0,6858627.72118159,20.0
256.0,6861681.259252977,20.0
256.0,6862948.473022852,20.0
256.0,6865323.04705063,21.0
225.0,6865622.980811629,20.0
256.0,6869736.542583999,21.0
252.0,6876707.74872,20.0
247.0,6877514.234270737,19.0
256.0,6877957.721746,20.0
256.0,6888467.622350412,21.0
256.0,6888727.009914412,21.0
256.0,6888831.657405535,21.0
256.0,6888880.180064625,21.0
251.0,6888937.107532277,20.0
256.0,6895777.489534,21.0
251.0,6909847.289561517,20.0
249.0,6913669.886224629,19.0
256.0,6925817.885153398,19.0
251.0,6928281.575697992,18.0
256.0,6937829.271592,19.0
256.0,6949018.533074543,19.0
236.0,6951403.402854251,18.0
200.0,6969933.772468925,17.0
184.0,6972337.526256875,16.0
211.0,6974547.252913,17.0
204.0,6988991.750889952,16.0
198.0,6994685.161057721,15.0
195.0,6996272.568848999,14.0
180.0,7005567.863591354,13.0
188.0,7006584.612285,14.0
207.0,7016166.081778,15.0
222.0,7028588.623980001,16.0
224.0,7028611.551277,15.0
233.0,7067893.228453999,16.0
233.0,7068721.960724319,15.0
228.0,7069348.179356873,14.0
206.0,7083008.378508287,13.0
248.0,7088986.351091,14.0
216.0,7088992.505446,13.0
236.0,7089851.373096,14.0
216.0,7090255.53543,13.0
222.0,7094730.0654029995,14.0
216.0,7095980.139424999,13.0
219.0,7096814.2414,14.0
223.0,7099944.471405,15.0
219.0,7102657.268113999,14.0
203.0,7107440.245378194,13.0
233.0,7118280.930433,14.0
256.0,7118288.9002987305,14.0
204.0,7118293.846435075,13.0
209.0,7139390.973374001,14.0
219.0,7148824.334507001,15.0
212.0,7148828.531921,14.0
193.0,7159507.495438664,13.0
213.0,7161755.614894,14.0
241.0,7170763.167622999,15.0
234.0,7173398.8341582855,14.0
256.0,7174238.891109,15.0
256.0,7174735.46537732,15.0
256.0,7174954.203666107,15.0
223.0,7175214.819590535,14.0
212.0,7179819.878362173,13.0
231.0,7223417.378164,14.0
223.0,7223429.469018,13.0
236.0,7227284.446323,14.0
223.0,7227292.549502152,13.0
225.0,7228061.798419001,14.0
223.0,7228125.275954001,13.0
226.0,7232853.407249001,14.0
228.0,7243031.224481,15.0
176.0,7246439.506622984,14.0
181.0,7259586.489749,15.0
196.0,7266567.9379320005,16.0
185.0,7266578.010045222,15.0
187.0,7272270.572696,16.0
182.0,7275312.168283889,15.0
198.0,7287135.733272,16.0
181.0,7287189.027597,15.0
186.0,7300852.596519,16.0
181.0,7300856.890958,15.0
185.0,7301400.429814999,16.0
198.0,7302110.9013559995,17.0
192.0,7302174.052162866,16.0
189.0,7319134.381297623,15.0
193.0,7321787.995472999,16.0
189.0,7322865.283604999,15.0
184.0,7323263.136243033,14.0
180.0,7326647.08336906,13.0
183.0,7333272.108898,14.0
180.0,7333901.85837,13.0
202.0,7335892.222925,14.0
211.0,7341393.32384,15.0
182.0,7343258.042701318,14.0
185.0,7347978.37374,15.0
165.0,7356453.483478871,14.0
168.0,7366956.943811,15.0
163.0,7367383.580742718,14.0
169.0,7373690.882252,15.0
170.0,7378200.397158001,16.0
168.0,7378219.352082001,15.0
170.0,7381345.817802001,16.0
170.0,7390215.859539643,15.0
131.0,7393215.089666134,14.0
158.0,7408294.858689,15.0
132.0,7408331.056435603,14.0
134.0,7420128.069316001,15.0
132.0,7429529.655843431,14.0
135.0,7441413.161766999,15.0
137.0,7441471.633942999,16.0
157.0,7443124.887471001,17.0
178.0,7455140.441371,18.0
171.0,7459699.646393273,17.0
166.0,7462792.464336684,16.0
176.0,7465193.608550999,17.0
172.0,7466365.540763999,16.0
165.0,7467586.4572440535,15.0
167.0,7470346.794511,16.0
192.0,7475940.348735001,17.0
188.0,7478815.150638096,16.0
184.0,7482723.061142533,15.0
186.0,7488587.978891,16.0
181.0,7490801.313896392,15.0
195.0,7492337.835482,16.0
181.0,7492585.438247001,15.0
199.0,7502215.765433,16.0
166.0,7528395.604942969,15.0
192.0,7531653.438655,16.0
188.0,7541550.312881958,15.0
207.0,7556193.615439,16.0
188.0,7556199.803989,15.0
181.0,7574582.968991524,14.0
151.0,7590950.621072059,13.0
154.0,7601297.404519518,12.0
162.0,7607154.073835,13.0
166.0,7609858.260342,14.0
162.0,7609887.620972143,13.0
153.0,7610116.641131204,12.0
181.0,7619664.567374,13.0
153.0,7621002.630246177,12.0
165.0,7637421.473564999,13.0
210.0,7638954.061931,14.0
178.0,7638967.089346462,13.0
153.0,7639433.467834123,12.0
171.0,7653313.778921001,13.0
165.0,7656802.737865001,12.0
170.0,7664731.219683,13.0
168.0,7664739.325243,12.0
170.0,7683184.64665392,11.0
156.0,7686476.090401281,10.0
151.0,7703536.662717,11.0
173.0,7706122.533916,12.0
177.0,7707997.632327001,13.0
141.0,7709131.334320898,12.0
171.0,7715889.494272999,13.0
146.0,7716475.2300935425,12.0
151.0,7724799.987141,13.0
148.0,7728048.164923154,12.0
144.0,7759624.327037,11.0
161.0,7762597.175489999,12.0
144.0,7762712.111519,11.0
135.0,7762814.780284448,10.0
153.0,7765114.677427,11.0
142.0,7767577.991527,10.0
110.0,7774192.970588989,9.0
121.0,7778346.26787,10.0
135.0,7783591.664489,11.0
114.0,7797987.411370745,10.0
145.0,7801825.214605,11.0
121.0,7802839.682976,10.0
128.0,7804932.508726,11.0
121.0,7806379.121512998,10.0
118.0,7809148.813319446,9.0
142.0,7817628.756244,10.0
131.0,7817637.614131,9.0
133.0,7819306.813621,10.0
138.0,7820089.954047,11.0
145.0,7821965.493116001,12.0
143.0,7822008.443858,11.0
151.0,7827631.693841999,12.0
143.0,7827738.060718733,11.0
100.0,7833235.573371107,10.0
116.0,7835597.800435001,11.0
100.0,7835641.440661237,10.0
104.0,7850965.183642,11.0
100.0,7851044.431527204,10.0
102.0,7852298.9873,11.0
109.0,7852758.423933,12.0
123.0,7861757.299522,13.0
114.0,7861813.498827,12.0
122.0,7864179.73586,13.0
114.0,7864183.093544001,12.0
125.0,7865099.167415,13.0
138.0,7865847.94515,14.0
145.0,7875521.374497999,15.0
138.0,7875541.878158983,14.0
157.0,7876293.307010001,15.0
138.0,7880470.70813,14.0
133.0,7884098.691447868,13.0
135.0,7888992.273833999,14.0
140.0,7897129.870953,15.0
162.0,7902474.434616,16.0
157.0,7903891.6466337675,15.0
183.0,7907047.665413001,16.0
176.0,7907083.843291,15.0
171.0,7914449.059745949,14.0
179.0,7917566.354077,15.0
171.0,7917574.078427581,14.0
173.0,7922662.562231,15.0
188.0,7957322.53945,16.0
202.0,7959698.812982,17.0
199.0,7967462.912059501,16.0
206.0,7971039.934707001,17.0
199.0,7973029.865823001,16.0
177.0,7978661.882231698,15.0
168.0,7980604.028960702,14.0
146.0,7983837.430801043,13.0
169.0,7988801.96936,14.0
147.0,7990557.174840804,13.0
153.0,7999493.499736999,14.0
148.0,7999499.429128999,13.0
143.0,8019432.365318599,12.0
155.0,8023533.676332001,13.0
146.0,8023990.158720713,12.0
169.0,8026318.412358999,13.0
159.0,8026401.0332619995,12.0
134.0,8026435.951666629,11.0
163.0,8039453.133169,12.0
134.0,8039515.675534057,11.0
142.0,8045027.1546330005,12.0
174.0,8056758.004461999,13.0
161.0,8056869.268237999,12.0
163.0,8070655.131630001,13.0
189.0,8071325.596911,14.0
192.0,8072615.068128999,15.0
190.0,8073366.886949999,14.0
187.0,8074576.355609076,13.0
188.0,8076936.659546001,14.0
186.0,8093680.878894,15.0
184.0,8093715.040700001,14.0
191.0,8109437.50511,15.0
184.0,8109444.925938,14.0
147.0,8109984.249852683,13.0
164.0,8116256.149228,14.0
147.0,8116337.515733,13.0
162.0,8130111.738099,14.0
147.0,8131315.260160007,13.0
153.0,8132358.594939999,14.0
147.0,8132365.238712999,13.0
123.0,8137995.040429878,12.0
128.0,8143216.256135001,13.0
134.0,8146487.228658999,14.0
139.0,8149264.721364,15.0
136.0,8149277.696169999,14.0
140.0,8153157.238633,15.0
132.0,8153984.028393423,14.0
127.0,8162757.676818378,13.0
148.0,8164928.419798,14.0
185.0,8166638.08214,15.0
196.0,8172585.014818,16.0
206.0,8173308.0225,17.0
216.0,8173548.29483,18.0
206.0,8173577.450515,17.0
209.0,8176310.487638,18.0
206.0,8176316.830685,17.0
198.0,8179863.508759989,16.0
205.0,8182536.849616,17.0
205.0,8183245.734298,16.0
194.0,8190677.912994656,15.0
183.0,8195188.962939544,14.0
179.0,8195594.7329142345,13.0
183.0,8201335.388975999,14.0
184.0,8201350.483312999,13.0
194.0,8214428.087773,14.0
170.0,8216640.3448065445,13.0
173.0,8232097.8349979995,14.0
164.0,8232723.666301646,13.0
177.0,8234695.235363,14.0
181.0,8236447.370891,15.0
178.0,8236481.676985,14.0
176.0,8238955.260791,13.0
186.0,8239394.065169,14.0
177.0,8251559.922318,13.0
126.0,8258522.205349317,12.0
157.0,8259471.199831,13.0
126.0,8259490.773844,12.0
148.0,8267586.08044,13.0
132.0,8272366.362998063,12.0
159.0,8275168.288555,13.0
162.0,8279335.248617999,14.0
159.0,8280644.741429417,13.0
161.0,8287345.6641110005,14.0
178.0,8298794.902285,15.0
171.0,8299337.984099399,14.0
177.0,8307359.093208999,15.0
173.0,8307371.211393999,14.0
176.0,8310129.234354,15.0
132.0,8310393.607033408,14.0
138.0,8311023.839394,15.0
138.0,8311036.051586,14.0
141.0,8315926.362910001,15.0
132.0,8318542.639832545,14.0
159.0,8338889.867736,15.0
135.0,8339193.732395,14.0
125.0,8339233.818537267,13.0
129.0,8340360.258807001,14.0
125.0,8341925.289466001,13.0
132.0,8343068.510193,14.0
142.0,8366706.425196,15.0
140.0,8366713.111742645,14.0
155.0,8374285.477805001,15.0
141.0,8374479.550846001,14.0
151.0,8380149.859139,15.0
150.0,8380175.291887021,14.0
154.0,8384008.741417,15.0
164.0,8393676.010253,16.0
180.0,8394877.886814,17.0
170.0,8395064.481939126,16.0
187.0,8395867.189097,17.0
188.0,8397674.638512937,16.0
159.0,8398277.328560859,15.0
161.0,8403076.927227,16.0
160.0,8404073.102349166,15.0
162.0,8404960.08408,16.0
167.0,8419868.725971,17.0
162.0,8419890.236183403,16.0
164.0,8427444.064854,17.0
159.0,8429882.653154263,16.0
149.0,8430858.545249423,15.0
156.0,8461645.21214,16.0
148.0,8475160.76115158,15.0
142.0,8485284.439070916,14.0
158.0,8499056.594268,15.0
173.0,8504139.918422,16.0
171.0,8504370.866341,15.0
146.0,8508730.58286965,14.0
144.0,8510704.693515418,13.0
98.0,8530903.603302097,12.0
93.0,8540844.160916759,11.0
97.0,8541510.627191,12.0
100.0,8542191.141517,13.0
97.0,8542901.312602315,12.0
128.0,8542906.191857,13.0
136.0,8546146.392711,14.0
130.0,8546166.422488,13.0
135.0,8548425.576013,14.0
129.0,8550984.40513415,13.0
115.0,8569768.408442711,12.0
117.0,8580281.893274,13.0
115.0,8580293.873028,12.0
108.0,8583933.474375268,11.0
114.0,8583986.972497,12.0
108.0,8583996.84504,11.0
104.0,8589097.081706326,10.0
115.0,8589879.970561,11.0
129.0,8593623.497589,12.0
154.0,8593938.255959,13.0
129.0,8594613.145028,12.0
133.0,8596552.139431,13.0
129.0,8596880.014380999,12.0
127.0,8600783.19122,11.0
155.0,8615943.082078,12.0
118.0,8615961.677832963,11.0
91.0,8616037.553159775,10.0
97.0,8617891.477008,11.0
131.0,8621726.18201,12.0
126.0,8624566.950033613,11.0
129.0,8632755.852381,12.0
126.0,8632760.514401,11.0
117.0,8645140.230234962,10.0
119.0,8659008.226227,11.0
117.0,8661869.867142001,10.0
121.0,8667072.293314999,11.0
124.0,8681984.047382,12.0
126.0,8687789.79136,13.0
130.0,8697536.962698167,12.0
136.0,8709824.540668,13.0
143.0,8712890.38937,14.0
141.0,8713638.016146,13.0
146.0,8716125.963035,14.0
141.0,8716135.295522,13.0
138.0,8716862.552369349,12.0
133.0,8720038.670589695,11.0
151.0,8723858.292573,12.0
133.0,8723949.92564359,11.0
158.0,8725951.539368,12.0
135.0,8725964.659309924,11.0
137.0,8750159.674419,12.0
129.0,8751369.580605816,11.0
134.0,8757572.005694,12.0
142.0,8757724.576164108,11.0
137.0,8759246.524533914,10.0
152.0,8774854.112436999,11.0
137.0,8775153.870585999,10.0
142.0,8778405.804777,11.0
176.0,8785206.635115,12.0
210.0,8785376.494318,13.0
214.0,8785396.205664596,12.0
156.0,8789289.827759348,11.0
171.0,8789538.396899,12.0
187.0,8800565.773109,13.0
181.0,8800768.69083779,12.0
184.0,8801975.176955,13.0
203.0,8807198.523610001,14.0
198.0,8807487.992297167,13.0
200.0,8814112.303936,14.0
198.0,8817820.525673,13.0
191.0,8822613.681519257,12.0
222.0,8822861.815561,13.0
191.0,8824026.703289175,12.0
120.0,8830079.501990078,11.0
124.0,8840729.174908001,12.0
120.0,8843346.783856556,11.0
130.0,8847218.025069,12.0
120.0,8847326.965044001,11.0
125.0,8852661.895342,12.0
153.0,8863719.555794,13.0
134.0,8864454.882498376,12.0
159.0,8875714.973369,13.0
165.0,8878259.742339,14.0
167.0,8879911.502381,15.0
142.0,8887260.888426,14.0
144.0,8888167.980986001,15.0
152.0,8889450.460858999,16.0
191.0,8914453.008026,17.0
177.0,8914494.01828571,16.0
190.0,8926189.221974,17.0
186.0,8926251.835601,16.0
176.0,8929115.240796717,15.0
174.0,8929631.074877393,14.0
191.0,8935092.139431,15.0
188.0,8935096.265648248,14.0
145.0,8935429.09473177,13.0
156.0,8937115.203948,14.0
100.0,8941338.240437489,13.0
120.0,8943551.060118,14.0
111.0,8943821.582891999,13.0
113.0,8954980.642225,14.0
111.0,8958250.189956998,13.0
117.0,8960551.255693,14.0
126.0,8974476.124795,15.0
157.0,8979075.015464,16.0
197.0,8982028.810752,17.0
220.0,8987609.777157001,18.0
198.0,8989950.207614468,17.0
226.0,8998932.431069,18.0
231.0,9000071.858723,19.0
228.0,9001028.264360044,18.0
232.0,9015419.546009,19.0
223.0,9018783.663579227,18.0
222.0,9031826.644975001,17.0
225.0,9033649.251139,18.0
235.0,9056642.89126,19.0
232.0,9058775.992253806,18.0
244.0,9084701.578617,19.0
241.0,9084906.483519,18.0
256.0,9097592.51822857,20.0
256.0,9120324.589582358,20.0
226.0,9097720.74037557,19.0
256.0,9126924.669991,20.0
247.0,9162664.032435998,19.0
256.0,9162667.652065326,26.0
256.0,9165743.890873458,26.0
256.0,9162669.48314369,26.0
256.0,9162669.992908398,26.0
256.0,9162670.63298998,26.0
256.0,9162671.709998779,26.0
256.0,9162672.778382353,26.0
253.0,9162674.036153369,25.0
232.0,9162675.918420961,24.0
228.0,9162727.830755,23.0
226.0,9163087.853250219,22.0
223.0,9164559.581744539,21.0
256.0,9175846.727814,22.0
256.0,9177767.478712656,22.0
256.0,9181958.171620155,22.0
256.0,9184496.50936933,22.0
256.0,9187606.428361237,22.0
256.0,9189205.878409103,22.0
256.0,9191186.321018124,22.0
256.0,9191224.281926524,22.0
256.0,9191242.003577856,22.0
232.0,9191264.294443177,21.0
256.0,9205740.863805,22.0
256.0,9205792.08756131,22.0
256.0,9205815.018241543,22.0
256.0,9205826.940554718,22.0
220.0,9205844.264483355,21.0
256.0,9216396.726413,22.0
254.0,9216478.151645001,21.0
256.0,9218467.193915,22.0
246.0,9231913.373084364,21.0
256.0,9231913.449124394,23.0
235.0,9232031.954961395,22.0
233.0,9232271.495301927,21.0
256.0,9234249.807899,22.0
254.0,9238210.026756,21.0
245.0,9273631.342857163,20.0
256.0,9273632.9583444,24.0
256.0,9273645.740834463,24.0
256.0,9273652.138630765,24.0
215.0,9273661.813045198,23.0
212.0,9273849.491057977,22.0
191.0,9275810.854833668,21.0
186.0,9276049.361654164,20.0
256.0,9286643.622155,21.0
256.0,9291222.360869251,21.0
256.0,9298905.008931,21.0
256.0,9303988.63255022,21.0
256.0,9306253.54071734,21.0
251.0,9308871.23180405,20.0
256.0,9308872.175479265,23.0
256.0,9315193.26547179,23.0
254.0,9308881.549187265,22.0
252.0,9309760.665293496,21.0
247.0,9317142.25543605,20.0
256.0,9333673.667737,21.0
256.0,9333823.1937318,21.0
256.0,9333891.136044502,21.0
241.0,9333974.386477005,20.0
256.0,9348268.64776,21.0
256.0,9363712.82328016,21.0
256.0,9363730.646765308,21.0
256.0,9363738.917710772,21.0
251.0,9363749.659031386,20.0
246.0,9364322.812933464,19.0
256.0,9410270.472250924,24.0
230.0,9410269.43778384,23.0
225.0,9410305.522016,22.0
256.0,9410395.660278,23.0
229.0,9411510.443449557,22.0
256.0,9411829.006877,23.0
256.0,9411943.39001278,23.0
256.0,9411990.91698578,23.0
247.0,9412047.861272326,22.0
241.0,9413913.285401,21.0
256.0,9414752.31772534,23.0
256.0,9415071.932233203,23.0
256.0,9415204.426835336,23.0
256.0,9415263.671412705,23.0
256.0,9415291.377580298,23.0
250.0,9415326.381194629,22.0
224.0,9416865.93004334,21.0
256.0,9417958.524982002,22.0
249.0,9417963.064246,21.0
221.0,9423948.856014924,20.0
256.0,9437087.641629,21.0
256.0,9450664.721435877,21.0
251.0,9466651.905551884,20.0
256.0,9466655.143786196,24.0
252.0,9478961.86626665,23.0
256.0,9483009.221725,24.0
256.0,9484435.231365396,24.0
252.0,9483024.133455,23.0
250.0,9497746.017677309,22.0
245.0,9502224.57897783,21.0
256.0,9504923.717052063,25.0
256.0,9504926.08738636,25.0
256.0,9504927.988762202,25.0
256.0,9504929.476348566,25.0
200.0,9504933.169004638,24.0
256.0,9515978.070005,25.0
256.0,9522913.092713697,25.0
256.0,9526278.522843001,25.0
256.0,9529827.542094192,25.0
256.0,9557746.539759966,25.0
251.0,9561647.969454192,24.0
256.0,9561648.758346273,27.0
248.0,9561755.302024273,26.0
256.0,9571754.18655972,28.0
254.0,9571754.772713192,27.0
251.0,9571758.711429,26.0
256.0,9577866.712218,27.0
243.0,9579256.694385262,26.0
256.0,9589553.9666589,26.0
218.0,9596129.828550855,25.0
216.0,9598417.938832192,24.0
210.0,9601444.293158947,23.0
205.0,9731010.839712305,22.0
198.0,9739520.661644,21.0
195.0,9743710.413278896,20.0
182.0,9744023.88903977,19.0
154.0,9748213.283119608,18.0
141.0,9756834.444485433,17.0
138.0,9769706.520756464,16.0
135.0,9785079.08382,15.0
125.0,9881202.466029106,14.0
122.0,9958382.268321,13.0
123.0,10140961.747646682,12.0
123.0,10243401.04621528,11.0
115.0,10274664.844334371,10.0
102.0,10371780.641849259,9.0
98.0,10617770.003831,8.0
94.0,10698682.619286055,7.0
88.0,10720038.518542932,6.0
85.0,10733717.049260924,5.0
61.0,10773041.994735975,4.0
59.0,10806529.123035999,3.0
49.0,10985324.586175326,2.0
34.0,11469041.050111,1.0
0.0,11628295.849607427,0.0
